106|1, 106|863, 107|942, 106|1617, 108|1648, 114|1789, 114|2078, 115|2084, 115|2101, 117|2109, 117|2394, 118|2399, 118|2460, 119|2478, 119|2531, 117|3394, 117|3512, 116|3516, 115|3528, 115|3543, 112|3548, 112|3582, 110|3589, 110|3602, 109|3951, 109|4005, http://www.360.cn, 
98|1, 98|160, 99|182, 100|10799, http://www.sina.com.cn, 
106|1, 106|956, 107|969, 107|1023, 113|1708, 118|1720, 119|1727, 121|1734, 125|1748, 125|1758, 124|1766, 124|1789, 123|1793, 123|1940, 128|1949, 128|1999, 127|2008, 127|2643, 129|2662, 129|2770, 122|3357, 122|3941, 120|3947, 120|4011, http://www.baidu.com, 
153|1, 152|23, 152|35, 151|51, 151|91, 149|595, 149|742, 147|782, 147|836, 146|872, 145|886, 145|1053, 146|1096, 146|1139, 145|1145, 139|4755, http://www.google.com, 
139|1, 139|91, 141|984, 141|1076, 139|2598, 139|3283, 141|3751, 142|3757, 142|3860, 141|3872, 143|3895, 144|3916, 145|4003, http://www.tmall.com, 
143|1, 143|76, 144|95, 144|118, 145|136, 145|469, 144|489, 144|765, 147|856, 149|965, 149|1289, 148|1297, 148|1308, 147|1320, 147|1358, 146|1380, 146|1407, 145|1439, 147|1481, 147|2175, 148|2185, 148|2251, 150|2809, 150|2949, 151|2975, 149|5534, http://www.amazon.com, 
147|1, 147|178, 148|193, 148|562, 147|619, 146|649, 145|678, 145|1013, 147|1037, 147|1083, 149|2517, 149|2526, 148|2531, 148|2818, 147|2824, 147|3288, 146|3295, 146|3308, 145|3315, 145|3367, 144|3372, 144|3377, 143|3384, 143|3388, 142|3393, 142|3501, 141|3511, 141|3536, 146|3545, 150|3555, 150|3564, 151|3569, 151|3575, 154|3583, 155|3596, 151|3641, 150|3657, 150|3668, 151|3679, 151|3720, 155|3754, 155|3797, 158|3812, 158|4003, http://www.taobao.com, 
127|1, 127|75, 126|99, 126|168, 127|185, 128|232, 128|329, 127|358, 127|701, 126|738, 125|764, 125|806, 124|820, 124|962, 125|995, 133|1060, 138|1085, 134|1145, 130|2701, 130|2715, 131|2729, 131|2800, 132|2812, 133|2870, 135|2911, 135|2979, 136|3005, 136|3182, 137|3226, 135|3250, 134|3260, 132|3269, 132|3305, 131|3309, 131|3388, 132|3403, 132|4001, http://www.linkedin.com, 
155|1, 155|34, 154|66, 154|149, 153|158, 153|167, 154|178, 154|212, 153|256, 150|294, 150|302, 147|1475, 147|3222, 146|3229, 146|3839, 145|3845, 145|4002, http://www.imgur.com, 
141|1, 141|300, 140|310, 140|878, 141|893, 141|932, 143|953, 143|1119, 140|1664, 140|1832, 142|1848, 142|2208, 143|2228, 143|2389, 144|2463, 144|2587, 146|2598, 146|2606, 147|2617, 147|3108, 146|3123, 146|3139, 145|3147, 145|3159, 144|3172, 144|3922, 143|3929, 143|3942, 142|3947, 142|3964, 140|3968, 141|7638, http://www.vk.com, 
143|1, 143|121, 144|146, 145|171, 145|838, 146|893, 146|925, 148|979, 147|1048, 146|1069, 146|1447, 148|1487, 148|1496, 146|1547, 146|3133, 145|3139, 145|3164, 135|3171, 135|3175, 125|3194, 125|3356, 124|3360, 124|3473, 123|3479, 123|3945, 121|3962, 121|4003, http://www.wikipedia.org, 
114|1, 114|958, 115|1000, 115|1156, 116|1162, 116|1757, 117|1769, 117|1778, 119|1798, 119|2417, 118|3235, 114|3242, 114|4003, http://www.google.com, 
111|1, 111|847, 110|954, 110|984, 111|1019, 116|1079, 116|1225, 115|1235, 105|1312, 105|1923, 106|1936, 106|2045, 108|2075, 110|2235, 110|2270, 111|2292, 111|2315, 115|2341, 124|2406, 123|2440, 122|2456, 122|2810, 123|2832, 123|2846, 124|2862, 124|2996, 126|3002, 129|4373, http://www.baidu.com, 
128|1, 128|501, 127|531, 125|546, 125|592, 124|639, 124|904, 125|934, 137|1063, 138|1086, 138|2162, 139|2180, 139|2192, 140|2921, 140|3232, 133|3581, 126|3588, 126|3654, 125|3662, 125|4001, http://www.linkedin.com, 
124|1, 124|132, 125|154, 125|177, 126|223, 126|731, 125|744, 125|918, 128|946, 129|973, 127|1055, 127|1339, 126|1351, 126|1426, 128|1453, 128|1906, 129|1920, 129|3151, 115|3196, 107|3365, 107|3370, 102|3380, 104|3388, 104|3431, 103|3439, 103|3476, 102|3493, 102|3527, 101|3534, 101|3971, 100|3977, 100|4006, http://www.instagram.com, 
113|1, 113|802, 114|976, 114|1013, 116|1082, 116|1172, 115|1188, 115|1198, 116|1227, 116|1730, 118|1780, 118|2451, 119|2463, 119|3208, 118|3214, 118|3235, 113|3240, 113|3324, 112|3329, 112|3367, 111|3372, 111|3398, 110|3403, 109|5125, http://www.google.com, 
107|1, 107|118, 108|129, 108|159, 109|178, 109|791, 107|1283, 106|1304, 106|1344, 105|1362, 105|1598, 106|1631, 106|1647, 108|1666, 108|1857, 109|1875, 109|2097, 108|2102, 108|2254, 107|2265, 107|3108, 106|3163, 104|3171, 103|7699, http://www.live.com, 
130|1, 130|261, 131|316, 132|327, 132|1056, 133|1083, 133|1111, 135|1142, 135|1215, 133|1229, 133|1674, 135|1721, 135|2248, 136|2269, 136|2330, 138|2340, 138|2359, 139|2370, 138|4064, http://www.amazon.com, 
157|1, 157|1040, 159|1062, 159|1219, 154|1233, 154|1248, 153|1252, 153|1263, 151|1271, 151|1277, 150|1288, 150|1370, 146|1525, 146|1696, 152|2971, 152|3069, 153|3088, 153|3117, 154|3129, 155|3135, 155|3188, 157|3200, 159|3214, 159|3221, 160|3445, 161|3454, 162|3464, 162|3474, 163|3483, 163|3579, 165|3591, 167|3606, 165|3615, 165|3631, 163|3747, 166|3853, 163|3931, 166|4056, http://www.jd.com, 
168|1, 168|794, 165|852, 165|904, 167|1149, 167|2338, 165|3420, 165|3436, 166|3447, 166|3475, 168|3483, 168|3570, 166|3577, 166|3592, 167|3623, 168|3638, 168|3649, 169|3663, 170|4374, http://www.tmall.com, 
177|1, 177|882, 176|925, 176|970, 177|1000, 177|1042, 179|1183, 178|1201, 178|1705, 179|3016, 179|3141, 177|3149, 177|3296, 176|3300, 176|3305, 175|3310, 175|3774, 174|3779, 174|3839, 173|3849, 166|4493, http://www.facebook.com, 
106|1, 106|176, 105|182, 105|251, 104|259, 104|329, 103|361, 103|1067, 104|1087, 104|1146, 108|1169, 108|1390, 109|1406, 109|1865, 111|1898, 116|1909, 123|1940, 123|2105, 127|2121, 127|2136, 128|2144, 128|2853, 129|2885, 124|2892, 122|2898, 122|2904, 105|3091, 105|3160, 104|3173, 106|3235, 107|3313, 106|3357, 107|3383, 109|3427, 109|3590, 110|3901, 110|3960, 111|3966, 111|4005, http://www.baidu.com, 
111|1, 111|1112, 112|1151, 112|1173, 114|1209, 114|1222, 109|1377, 108|1390, 108|1411, 107|1427, 107|1540, 105|1584, 105|1730, 107|1781, 106|1801, 106|2217, 107|2265, 107|2686, 106|2702, 108|7933, http://www.instagram.com, 
100|1, 100|2094, 103|2104, 103|2111, 108|2122, 111|2158, 114|2175, 115|2195, 117|2219, 117|2225, 119|2235, 119|2265, 120|2403, 121|2417, 123|2453, 124|2487, 125|2497, 126|2513, 127|2542, 128|2550, 128|2705, 126|2724, 126|3382, 127|3391, 127|3405, 129|3414, 129|4135, http://www.yahoo.com, 
128|1, 128|120, 129|138, 129|158, 128|170, 128|314, 129|329, 129|896, 133|1019, 133|1080, 130|1097, 130|1119, 129|1158, 129|2600, 127|2605, 127|2767, 130|2781, 130|2798, 134|2804, 135|2811, 135|2944, 141|3095, 141|3147, 142|3163, 143|3173, 143|3252, 144|3266, 145|3285, 145|4002, http://www.taobao.com, 
143|1, 143|940, 145|974, 149|1008, 149|1151, 144|1162, 144|1167, 143|1196, 143|1675, 145|1689, 145|1696, 150|1711, 150|1730, 158|1736, 158|1935, 160|1963, 160|2187, 161|2192, 161|2630, 160|2978, 160|3093, 161|3106, 161|3187, 160|3244, 160|4038, http://www.baidu.com, 
105|1, 105|975, 107|1004, 108|1022, 108|1071, 109|1109, 109|1713, 111|2051, 111|2059, 110|2074, 110|2275, 113|2280, 113|2540, 111|2545, 111|2648, 109|2834, 109|3025, 107|3035, 107|3184, 109|3212, 109|3389, 111|3568, 111|3593, 112|3599, 115|3614, 119|3621, 119|3649, 120|3805, 120|3820, 126|3834, 126|3922, 127|3940, 129|3970, 131|4286, http://www.jd.com, 
136|1, 136|118, 135|127, 135|511, 134|553, 134|981, 135|1031, 136|1099, 136|1181, 137|1212, 137|1270, 136|1278, 136|1305, 131|1327, 131|1337, 130|1343, 130|1697, 132|1710, 132|1720, 134|1741, 134|1746, 136|1759, 136|2025, 137|2074, 137|2308, 136|2331, 115|2363, 109|4314, http://www.google.com, 
116|1, 116|860, 115|903, 114|934, 114|979, 113|1003, 113|1123, 107|1199, 111|1880, 111|1885, 119|1896, 121|1909, 121|2103, 125|2116, 125|2443, 126|2450, 126|2551, 128|2896, 126|2912, 126|3053, 127|3070, 127|3087, 126|3131, 126|3142, 125|3154, 125|3164, 124|3189, 124|3231, 123|3253, 123|3262, 124|3272, 124|4001, http://www.baidu.com, 
123|1, 123|126, 124|143, 124|866, 125|920, 125|926, 131|1695, 131|2862, 130|2949, 130|3053, 128|3082, 128|3086, 119|3804, 119|3829, 117|3834, 117|3838, 116|3842, 116|3860, 115|3864, 115|4003, http://www.facebook.com, 
101|1, 101|14776, http://www.taobao.com, 
139|1, 139|919, 137|1155, 136|1182, 136|1200, 135|1205, 135|1537, 136|1578, 136|1779, 137|1797, 137|2820, 138|2857, 137|3032, 138|3047, 139|3053, 139|3106, 140|3239, 143|3246, 142|3256, 142|3289, 143|3295, 144|3300, 144|3352, 145|3358, 145|3373, 147|3378, 147|3385, 148|3393, 149|3403, 149|3434, 150|3869, 150|4001, http://www.jd.com, 
145|1, 145|88, 142|95, 142|289, 143|305, 143|316, 139|740, 139|808, 137|846, 137|999, 134|1032, 134|1663, 139|1728, 139|2048, 156|2130, 159|2162, 161|2421, 179|2575, 179|2943, 178|2975, 178|3125, 177|3168, 177|3198, 176|3225, 175|3234, 175|3240, 169|3322, 170|5735, http://www.360.cn, 
170|1, 170|162, 171|215, 171|854, 172|872, 172|950, 178|957, 178|1178, 177|1191, 177|1331, 176|1344, 176|1435, 171|1475, 171|1500, 170|1508, 170|1671, 176|1695, 169|4996, http://www.facebook.com, 
104|1, 104|481, 103|491, 103|602, 102|613, 102|640, 101|654, 101|980, 103|1025, 103|1160, 101|3261, 101|3298, 103|3309, 103|3396, 105|3405, 105|3425, 106|3431, 107|3441, 107|3451, 108|3458, 108|3563, 109|3583, 111|4477, http://www.jd.com, 
106|1, 106|200, 103|246, 103|308, 102|319, 102|343, 101|369, 100|3288, 100|3299, 102|3310, 102|3346, 104|3358, 106|3373, 107|3381, 107|3410, 108|3417, 108|3512, 109|3522, 109|3543, 110|3760, 110|3842, 111|3904, 111|4006, http://www.jd.com, 
103|1, 103|897, 104|922, 104|955, 112|1030, 112|1121, 111|1238, 111|1300, 110|1340, 110|1492, 109|1499, 109|1509, 108|1527, 108|2282, 109|2323, 109|2426, 108|2674, 106|2690, 106|2832, 107|2871, 107|3572, 106|3577, 106|4005, http://www.linkedin.com, 
104|1, 104|198, 105|213, 105|544, 106|567, 106|940, 107|981, 107|1024, 125|1124, 129|1131, 120|1278, 123|1305, 123|1314, 124|1343, 128|1373, 128|1816, 129|1833, 133|2286, 133|2493, 134|2502, 134|2507, 135|2521, 135|2565, 137|2628, 137|2652, 139|2662, 139|2791, 138|2817, 138|2852, 140|3600, 140|3629, 141|3640, 141|3646, 143|3664, 144|3677, 144|3690, 145|3697, 145|3813, 146|3826, 146|4003, http://www.sina.com.cn, 
124|1, 124|88, 125|95, 125|130, 126|144, 126|900, 129|946, 129|1120, 126|1138, 126|1182, 125|1200, 124|1211, 124|1382, 123|1400, 123|1605, 124|1620, 125|1631, 126|1649, 126|1847, 127|1853, 127|2725, 126|2746, 126|3211, 125|3224, 125|3233, 124|3241, 124|4004, http://www.live.com, 
114|1, 114|913, 115|988, 115|1010, 119|1067, 119|1638, 118|1649, 118|1700, 117|1712, 117|1722, 116|1752, 116|2742, 113|2805, 113|2850, 114|2868, 116|2874, 116|2896, 118|2944, 118|2986, 119|3001, 120|3391, 121|3406, 121|3425, 122|3449, 122|3499, 124|3511, 124|3525, 125|3548, 125|3632, 126|3637, 126|3789, 127|3795, 127|4008, http://www.tmall.com, 
108|1, 108|34, 107|50, 107|170, 108|180, 108|222, 107|238, 107|275, 106|299, 106|356, 105|421, 105|504, 104|518, 103|529, 103|873, 104|922, 104|972, 109|1002, 109|1079, 108|1109, 108|1151, 106|1173, 102|1232, 102|2325, 100|2329, 100|3397, 104|3408, 102|3413, 102|3534, 105|3549, 105|3633, 108|3638, 108|4005, http://www.taobao.com, 
105|1, 105|215, 106|230, 106|237, 107|277, 107|989, 108|996, 108|1055, 109|1373, 109|1477, 108|1582, 108|1694, 109|1781, 109|1797, 108|1811, 108|2874, 106|2887, 105|2905, 105|3105, 104|3119, 104|3146, 103|3153, 103|4010, http://www.reddit.com, 
101|1, 101|976, 102|1019, 107|1031, 107|1080, 105|1719, 116|1739, 124|1788, 125|1794, 125|1799, 126|1824, 126|1829, 131|2048, 131|2336, 132|2383, 132|2591, 133|2598, 133|2628, 135|2639, 135|2704, 136|2717, 136|2744, 135|2801, 135|2850, 136|2883, 136|4006, http://www.360.cn, 
159|1, 159|630, 157|648, 157|1103, 159|1125, 159|1141, 130|1160, 130|1645, 132|1672, 132|2753, 121|2758, 121|2766, 117|2770, 117|2839, 116|2847, 116|2853, 113|2857, 113|2862, 111|2867, 109|7680, http://www.reddit.com, 
116|1, 116|32, 113|70, 113|181, 112|207, 112|278, 111|311, 111|350, 110|368, 110|415, 109|534, 109|660, 107|685, 107|774, 106|792, 106|833, 102|870, 102|919, 101|956, 101|978, 102|1044, 104|1065, 110|21525, http://www.live.com, 
121|1, 121|244, 122|258, 122|283, 123|293, 123|1068, 124|1110, 124|1145, 121|1717, 121|7912, http://www.wikipedia.org, 
129|1, 129|967, 132|1155, 132|1341, 131|1352, 131|3177, 130|3181, 130|3207, 139|3536, 139|3550, 144|3565, 144|3724, 145|3737, 145|3745, 146|3757, 146|3762, 148|3768, 148|4004, http://www.taobao.com, 
122|1, 122|33, 121|56, 121|71, 120|77, 120|801, 121|884, 121|919, 123|964, 102|8726, http://www.wikipedia.org, 
100|1, 100|185, 101|217, 101|233, 102|275, 102|912, 103|958, 103|1004, 114|1127, 114|1180, 113|1210, 113|1280, 114|1286, 114|1387, 113|1422, 113|2227, 114|2246, 114|2451, 115|2489, 115|2501, 118|2609, 118|2823, 119|2876, 119|4001, http://www.linkedin.com, 
