106|1, 106|865, 107|944, 106|1619, 108|1651, 114|1789, 114|2080, 115|2087, 115|2103, 117|2111, 117|2396, 118|2402, 118|2463, 119|2481, 119|2534, 117|3392, 117|3514, 116|3519, 115|3531, 115|3546, 112|3550, 112|3584, 110|3591, 110|3605, 109|3954, 109|4003, http://www.360.cn, 
98|1, 98|168, 99|191, 100|10807, http://www.sina.com.cn, 
106|1, 106|963, 107|976, 107|1020, 113|1714, 118|1726, 119|1733, 121|1740, 121|1747, 125|1765, 125|1769, 124|1787, 124|1796, 123|1800, 123|1947, 128|1956, 128|2005, 127|2014, 127|2644, 129|2662, 129|2777, 122|3363, 122|3947, 120|3954, 120|4004, http://www.baidu.com, 
153|1, 152|26, 152|55, 151|61, 151|95, 149|598, 149|743, 147|781, 147|838, 146|875, 145|890, 145|1057, 146|1100, 146|1143, 145|1149, 139|4757, http://www.google.com, 
139|1, 139|93, 141|985, 141|1071, 139|2599, 139|3284, 141|3752, 142|3758, 142|3862, 141|3873, 143|3896, 144|3918, 144|3988, 145|3998, 145|4011, http://www.tmall.com, 
143|1, 143|107, 144|126, 144|148, 145|166, 145|499, 144|519, 144|773, 147|886, 149|952, 149|1320, 148|1327, 148|1343, 147|1358, 147|1388, 146|1410, 146|1438, 145|1470, 147|1511, 147|2205, 148|2215, 148|2282, 150|2839, 150|2979, 151|3005, 149|5564, http://www.amazon.com, 
147|1, 147|200, 148|214, 148|565, 147|623, 146|655, 145|677, 145|1044, 147|1090, 149|2525, 149|2538, 148|2544, 148|2826, 147|2831, 147|3295, 146|3302, 146|3316, 145|3323, 145|3375, 144|3379, 144|3385, 143|3391, 143|3396, 142|3400, 142|3518, 141|3523, 141|3544, 144|3552, 150|3572, 151|3576, 151|3582, 154|3590, 155|3603, 151|3646, 150|3664, 150|3670, 151|3686, 151|3727, 155|3758, 155|3804, 158|3819, 158|4005, http://www.taobao.com, 
127|1, 127|85, 126|112, 126|180, 127|196, 128|245, 128|341, 127|365, 127|713, 126|750, 125|775, 125|817, 124|831, 124|975, 125|1008, 133|1069, 138|1098, 134|1157, 130|2714, 130|2727, 131|2741, 131|2809, 132|2825, 133|2882, 135|2913, 135|2989, 136|3017, 136|3186, 137|3238, 137|3259, 134|3272, 132|3281, 132|3317, 131|3322, 131|3400, 132|3414, 132|4004, http://www.linkedin.com, 
155|1, 155|35, 154|66, 154|150, 153|159, 153|169, 154|179, 154|214, 153|252, 150|295, 150|304, 147|1476, 147|3223, 146|3229, 146|3840, 145|3846, 145|4003, http://www.imgur.com, 
141|1, 141|301, 140|312, 140|893, 141|924, 141|935, 143|944, 143|1113, 140|1667, 140|1834, 141|1850, 142|1860, 142|2207, 143|2230, 143|2392, 144|2465, 144|2589, 146|2600, 146|2609, 147|2619, 147|3111, 146|3124, 146|3147, 145|3161, 144|3174, 144|3924, 143|3929, 143|3944, 142|3949, 142|3966, 140|3970, 141|7641, http://www.vk.com, 
143|1, 143|126, 144|149, 145|177, 145|844, 146|899, 146|970, 147|1053, 146|1074, 146|1452, 148|1492, 148|1501, 146|1544, 146|3139, 145|3144, 145|3169, 135|3176, 135|3181, 125|3199, 125|3361, 124|3365, 124|3478, 123|3485, 123|3951, 121|3966, 121|4003, http://www.wikipedia.org, 
114|1, 114|939, 115|1001, 115|1157, 116|1163, 116|1758, 117|1770, 117|1779, 119|1800, 119|2419, 118|3237, 114|3243, 114|4004, http://www.google.com, 
111|1, 111|851, 110|958, 110|989, 111|1023, 116|1083, 116|1228, 115|1238, 105|1315, 105|1927, 106|1940, 106|2063, 108|2091, 110|2239, 110|2274, 111|2295, 111|2319, 115|2342, 124|2410, 123|2443, 122|2460, 122|2814, 123|2835, 123|2850, 124|2866, 124|3000, 126|3007, 129|4377, http://www.baidu.com, 
128|1, 128|505, 127|534, 125|547, 125|596, 124|642, 124|908, 125|924, 137|1063, 138|1088, 138|2166, 139|2184, 139|2196, 140|2925, 140|3236, 133|3585, 126|3592, 126|3659, 125|3666, 125|4005, http://www.linkedin.com, 
124|1, 124|135, 125|157, 125|175, 126|226, 126|735, 125|747, 125|922, 128|949, 128|974, 127|1059, 127|1342, 126|1353, 126|1429, 128|1453, 128|1909, 129|1923, 129|3154, 125|3189, 107|3369, 107|3374, 102|3383, 104|3392, 104|3435, 103|3442, 103|3479, 102|3497, 102|3530, 101|3537, 101|3974, 100|3980, 100|4008, http://www.instagram.com, 
113|1, 113|802, 114|971, 114|1015, 116|1084, 116|1169, 115|1183, 115|1199, 114|1220, 116|1244, 116|1726, 118|1782, 118|2452, 119|2464, 119|3209, 118|3215, 118|3237, 113|3242, 113|3330, 112|3336, 112|3368, 111|3373, 111|3400, 110|3404, 109|5126, http://www.google.com, 
107|1, 107|125, 108|135, 108|166, 109|182, 109|797, 107|1288, 107|1306, 106|1316, 106|1348, 105|1367, 105|1605, 106|1637, 106|1653, 108|1673, 108|1863, 109|1881, 109|2104, 108|2109, 108|2261, 107|2271, 107|3149, 104|3177, 103|7705, http://www.live.com, 
130|1, 130|260, 131|316, 132|324, 132|1055, 133|1081, 133|1112, 135|1138, 135|1215, 133|1229, 133|1674, 135|1722, 135|2245, 136|2269, 136|2330, 138|2341, 138|2359, 139|2371, 138|4064, http://www.amazon.com, 
157|1, 157|1042, 158|1064, 159|1079, 159|1221, 154|1236, 154|1250, 153|1255, 153|1265, 151|1274, 151|1280, 150|1290, 150|1388, 146|1524, 146|1696, 152|2973, 152|3072, 153|3090, 153|3119, 154|3131, 155|3138, 155|3190, 157|3201, 159|3216, 159|3221, 160|3447, 161|3457, 162|3466, 162|3476, 163|3485, 163|3582, 165|3593, 167|3608, 165|3617, 165|3629, 163|3747, 166|3849, 163|3917, 166|4049, http://www.jd.com, 
168|1, 168|795, 165|842, 165|904, 167|1150, 167|2338, 165|3420, 165|3437, 166|3447, 166|3476, 168|3484, 168|3571, 166|3577, 166|3592, 167|3619, 168|3638, 168|3649, 169|3664, 170|4380, http://www.tmall.com, 
177|1, 177|883, 176|927, 176|972, 177|988, 177|1043, 178|1065, 179|1185, 178|1202, 178|1707, 179|2993, 179|3143, 177|3151, 177|3297, 176|3302, 176|3307, 175|3311, 175|3775, 174|3780, 174|3840, 173|3850, 166|4494, http://www.facebook.com, 
106|1, 106|177, 105|182, 105|257, 104|271, 104|329, 103|361, 103|1066, 104|1082, 104|1145, 108|1164, 108|1391, 109|1406, 109|1865, 111|1898, 116|1910, 123|1940, 123|2105, 127|2121, 127|2136, 128|2144, 128|2854, 129|2885, 124|2892, 124|2898, 122|2904, 105|3090, 105|3161, 104|3173, 106|3229, 107|3313, 106|3358, 107|3382, 109|3426, 109|3590, 110|3902, 110|3966, 111|3980, 111|4004, http://www.baidu.com, 
111|1, 111|1084, 112|1152, 112|1175, 114|1210, 114|1223, 109|1378, 108|1391, 108|1413, 107|1428, 107|1542, 105|1585, 105|1731, 107|1780, 106|1802, 106|2218, 107|2266, 107|2688, 106|2703, 108|7933, http://www.instagram.com, 
100|1, 100|1087, 102|1194, 102|1288, 100|1648, 100|3655, 102|3713, 102|3860, 103|3948, 105|4005, http://www.netflix.com, 
100|1, 100|2094, 103|2105, 103|2111, 108|2122, 111|2159, 114|2175, 115|2195, 117|2219, 117|2226, 118|2235, 119|2243, 119|2265, 120|2398, 121|2414, 123|2453, 124|2487, 125|2497, 126|2513, 127|2542, 127|2548, 128|2557, 128|2705, 126|2724, 126|3382, 127|3391, 127|3405, 129|3414, 129|4135, http://www.yahoo.com, 
128|1, 128|121, 129|139, 129|155, 128|171, 128|315, 129|330, 129|898, 133|1073, 133|1081, 130|1098, 130|1120, 129|1158, 129|2602, 127|2606, 127|2769, 130|2782, 130|2800, 132|2805, 135|2812, 135|2946, 141|3096, 141|3149, 142|3155, 143|3174, 143|3267, 145|3279, 145|4003, http://www.taobao.com, 
143|1, 143|907, 145|975, 149|1008, 149|1147, 144|1162, 144|1167, 143|1196, 143|1675, 144|1689, 145|1697, 150|1711, 150|1731, 158|1736, 158|1935, 160|1963, 160|2187, 161|2192, 161|2610, 160|2972, 160|3093, 161|3106, 161|3170, 160|3234, 160|4039, http://www.baidu.com, 
105|1, 105|1001, 108|1031, 108|1080, 109|1118, 109|1728, 111|2060, 111|2069, 110|2084, 110|2284, 113|2290, 113|2549, 111|2554, 111|2658, 109|2844, 109|3034, 107|3044, 107|3194, 109|3221, 109|3398, 111|3577, 111|3603, 112|3609, 115|3623, 116|3629, 119|3637, 119|3657, 120|3814, 120|3829, 126|3843, 126|3930, 127|3947, 129|3974, 131|4295, http://www.jd.com, 
136|1, 136|119, 135|127, 135|511, 134|547, 134|964, 135|1027, 136|1100, 136|1156, 137|1214, 137|1271, 136|1278, 136|1307, 131|1328, 131|1338, 130|1344, 130|1699, 132|1711, 132|1722, 134|1742, 134|1747, 136|1759, 136|2026, 137|2075, 137|2302, 136|2325, 115|2363, 109|4315, http://www.google.com, 
116|1, 116|855, 115|902, 114|934, 114|978, 113|999, 113|1125, 107|1201, 111|1881, 111|1887, 119|1897, 121|1910, 121|2105, 125|2117, 125|2445, 126|2451, 126|3055, 127|3071, 127|3124, 126|3144, 125|3155, 125|3166, 124|3190, 124|3233, 123|3254, 123|3270, 124|3292, 124|4002, http://www.baidu.com, 
123|1, 123|128, 124|144, 124|867, 125|921, 125|927, 131|1697, 131|2857, 130|2934, 130|3052, 128|3083, 128|3092, 119|3806, 119|3831, 117|3835, 117|3840, 116|3844, 116|3861, 115|3865, 115|4004, http://www.facebook.com, 
101|1, 101|14778, http://www.taobao.com, 
139|1, 139|947, 137|1183, 136|1209, 136|1227, 135|1233, 135|1564, 136|1605, 136|1807, 137|1824, 137|2841, 138|2884, 137|3059, 138|3074, 139|3080, 139|3134, 140|3266, 143|3273, 143|3283, 142|3289, 142|3316, 143|3322, 144|3327, 144|3380, 145|3385, 145|3400, 146|3405, 147|3412, 148|3420, 149|3430, 149|3462, 150|3890, 150|4023, http://www.jd.com, 
145|1, 145|91, 142|98, 142|292, 143|308, 143|316, 139|743, 139|811, 137|850, 137|1002, 134|1035, 134|1666, 139|1727, 139|2052, 156|2133, 159|2165, 161|2420, 179|2579, 179|2946, 178|2978, 178|3129, 177|3172, 177|3201, 176|3228, 175|3238, 175|3243, 169|3323, 170|5739, http://www.360.cn, 
170|1, 170|167, 171|216, 171|857, 172|874, 172|955, 178|962, 178|1182, 177|1195, 177|1335, 176|1348, 176|1439, 171|1479, 171|1505, 170|1512, 170|1675, 176|1699, 169|5001, http://www.facebook.com, 
104|1, 104|488, 103|497, 103|608, 102|619, 102|646, 101|659, 101|982, 103|1031, 103|1167, 100|3262, 101|3273, 101|3304, 102|3315, 103|3322, 103|3403, 105|3412, 105|3432, 106|3437, 107|3448, 107|3464, 108|3471, 108|3569, 109|3590, 111|4483, http://www.jd.com, 
106|1, 106|202, 103|246, 103|310, 102|320, 102|341, 101|364, 100|3290, 100|3300, 102|3311, 102|3347, 104|3360, 106|3375, 107|3382, 107|3412, 108|3418, 108|3513, 109|3523, 109|3545, 110|3756, 110|3841, 111|3904, 111|4004, http://www.jd.com, 
103|1, 103|902, 104|921, 104|960, 112|1020, 112|1126, 111|1216, 111|1306, 110|1344, 110|1496, 109|1503, 109|1514, 108|1532, 108|2268, 109|2312, 109|2431, 108|2679, 106|2696, 106|2836, 107|2877, 107|3582, 106|3590, 106|4003, http://www.linkedin.com, 
104|1, 104|199, 105|213, 105|543, 106|562, 106|940, 107|981, 107|1025, 119|1060, 125|1118, 128|1131, 120|1278, 123|1305, 123|1314, 124|1343, 128|1373, 128|1816, 129|1834, 133|2287, 133|2493, 134|2502, 134|2508, 135|2521, 135|2565, 137|2627, 137|2652, 139|2662, 139|2788, 138|2816, 138|2852, 140|3593, 140|3629, 141|3641, 141|3647, 143|3664, 144|3677, 144|3690, 145|3697, 145|3810, 146|3826, 146|4003, http://www.sina.com.cn, 
124|1, 124|101, 125|108, 125|155, 126|175, 126|913, 127|951, 129|977, 129|1134, 126|1151, 126|1200, 124|1224, 124|1391, 123|1413, 123|1618, 124|1632, 124|1642, 126|1662, 126|1861, 127|1866, 127|2729, 126|2754, 126|3224, 125|3234, 125|3247, 124|3254, 124|4004, http://www.live.com, 
114|1, 114|917, 115|986, 115|1013, 119|1069, 119|1641, 118|1652, 118|1704, 117|1712, 117|1726, 116|1756, 116|2745, 113|2787, 113|2853, 114|2872, 116|2877, 116|2900, 118|2946, 118|2989, 119|3002, 120|3392, 121|3409, 121|3420, 122|3452, 122|3502, 124|3514, 124|3551, 125|3571, 125|3640, 126|3650, 126|3792, 127|3799, 127|4002, http://www.tmall.com, 
108|1, 108|36, 107|51, 107|172, 108|181, 108|223, 107|236, 107|263, 106|299, 106|350, 105|422, 105|504, 104|519, 104|529, 103|539, 103|874, 104|919, 104|973, 109|995, 109|1080, 108|1102, 108|1152, 106|1173, 102|1233, 102|2326, 100|2331, 100|2366, 104|3409, 102|3414, 102|3536, 105|3550, 105|3634, 108|3640, 108|4007, http://www.taobao.com, 
105|1, 105|217, 106|230, 106|239, 107|279, 107|998, 108|1013, 108|1057, 109|1375, 109|1480, 108|1583, 108|1695, 109|1784, 109|1788, 108|1814, 108|2876, 106|2890, 105|2907, 105|3121, 104|3139, 104|3148, 103|3155, 103|4010, http://www.reddit.com, 
101|1, 101|975, 102|1015, 107|1033, 107|1082, 105|1720, 116|1741, 124|1790, 125|1795, 125|1800, 126|1825, 126|1831, 131|2049, 131|2337, 132|2384, 132|2592, 133|2599, 133|2629, 135|2641, 135|2705, 136|2718, 136|2743, 135|2795, 135|2851, 136|2884, 136|4001, http://www.360.cn, 
159|1, 159|632, 157|643, 157|1105, 159|1128, 159|1143, 130|1159, 130|1647, 132|1674, 132|2756, 121|2760, 121|2768, 117|2773, 117|2842, 116|2850, 116|2856, 113|2859, 113|2869, 111|2877, 109|7680, http://www.reddit.com, 
116|1, 116|34, 113|71, 113|182, 112|209, 112|277, 111|301, 111|351, 110|369, 110|415, 109|534, 109|661, 107|686, 107|775, 106|793, 106|834, 102|861, 102|919, 101|944, 101|979, 102|1042, 104|1066, 110|21526, http://www.live.com, 
121|1, 121|248, 122|261, 122|287, 123|296, 123|1072, 124|1110, 124|1148, 121|1720, 121|7915, http://www.wikipedia.org, 
129|1, 129|967, 132|1151, 132|1341, 131|1353, 131|3177, 130|3182, 130|3207, 139|3537, 139|3551, 144|3566, 144|3729, 145|3745, 146|3757, 146|3768, 148|3775, 148|4004, http://www.taobao.com, 
122|1, 122|34, 121|57, 121|71, 120|78, 120|803, 121|883, 121|918, 123|961, 102|8727, http://www.wikipedia.org, 
100|1, 100|186, 101|217, 101|243, 102|311, 102|912, 103|956, 103|1004, 114|1127, 114|1181, 113|1210, 113|1280, 114|1287, 114|1387, 113|1420, 113|2227, 114|2243, 114|2452, 115|2489, 115|2502, 118|2609, 118|2823, 119|2862, 119|4001, http://www.linkedin.com, 
