44|1, 45|247, 56|331, 56|436, 55|491, 55|524, 59|585, 66|636, 64|648, 64|772, 65|781, 65|838, 66|845, 66|858, 69|875, 72|900, 72|930, 71|936, 71|976, 68|985, 68|1004, 69|1013, 69|1059, 70|1068, 71|1079, 71|1138, 69|1148, 69|1178, 65|1184, 65|1190, 62|1196, 61|1206, 62|1214, 62|1220, 63|1229, 63|1247, 65|1256, 65|1301, 63|1307, 63|1351, 61|1358, 62|1364, 64|1372, 60|1384, 60|1397, 61|1404, 72|1417, 75|1424, 78|1431, 79|1437, 79|1446, 73|1459, 73|1469, 66|1476, 63|1482, 63|1490, 57|1500, 57|1509, 55|1514, 55|1532, 54|1536, 54|1540, 56|1549, 57|1557, 57|1574, 58|1582, 51|1595, 51|1600, 55|1612, 55|1622, 53|1631, 53|1681, 52|1687, 52|1702, 57|1714, 58|1722, 58|1728, 59|1740, 61|1752, 62|1758, 62|1765, 61|1772, 63|1780, 63|1789, 58|1796, 58|1865, 56|1872, 57|1901, 59|1949, 56|1994, 56|1999, 53|2019, 53|2157, 58|2171, 58|2197, 53|2208, 53|2240, 48|2256, 48|2274, 46|2282, 46|2386, 44|2404, 53|2449, 44|2504, 45|2545, 45|2610, 44|2624, 44|2653, 45|2701, 45|2888, 44|2932, 44|2940, 46|3008, 45|3100, 46|3109, 48|3132, 48|3217, 49|3247, 49|3285, 50|3303, 50|3314, 51|3352, 49|3383, 49|3418, 50|3431, 51|3447, 51|3503, 52|3527, 52|3540, 53|3564, 54|3612, 54|3655, 53|3676, 55|3713, 52|3753, 52|3826, 53|3852, 56|3874, 56|3888, 57|3899, 57|3928, 58|3936, 58|3947, 57|3964, 58|3980, 59|4003, http://www.tmall.com, 
28|1, 28|1007, 29|1048, 29|1366, 32|1382, 32|1507, 35|1565, 36|1602, 36|2033, 35|2045, 35|2126, 33|2139, 33|2173, 34|2179, 34|2195, 33|2201, 33|2357, 32|2364, 30|2368, 30|2527, 29|2531, 29|2555, 28|2562, 28|2638, 30|2657, 30|2758, 29|2765, 29|2944, 30|2966, 31|2989, 31|3084, 43|3095, 43|3161, 44|3169, 47|3175, 49|3181, 49|3185, 50|3195, 50|3235, 56|3241, 57|3247, 54|3252, 54|3286, 57|3302, 60|3310, 60|3317, 61|3322, 64|3328, 64|3348, 63|3355, 64|3362, 64|3367, 62|3374, 62|3395, 61|3405, 59|3410, 59|3415, 58|3422, 58|3431, 57|3440, 57|3455, 56|3461, 56|3466, 53|3471, 53|3574, 54|3581, 54|3623, 55|3645, 55|3840, 56|3861, 56|3897, 55|3905, 55|3953, 54|3970, 57|4012, http://www.taobao.com, 
28|1, 28|945, 33|998, 33|1221, 34|1265, 34|1431, 36|1449, 38|1463, 38|1656, 48|1711, 71|1764, 71|1811, 79|1836, 79|1966, 78|1998, 78|2193, 86|2240, 105|2268, 119|2284, 138|2310, 145|2322, 145|2517, 142|2523, 142|2532, 141|2539, 141|2556, 143|2582, 144|2677, 144|2733, 143|2747, 145|2755, 145|2774, 137|2835, 139|2865, 139|3023, 138|3034, 138|3045, 137|3049, 135|3062, 135|3083, 132|3088, 132|3093, 129|3106, 124|3119, 124|3136, 119|3141, 116|3152, 112|3159, 112|3167, 106|3178, 102|3199, 102|3206, 90|3247, 88|3263, 88|3289, 80|3320, 71|3349, 69|3359, 70|3383, 70|3797, 69|3801, 69|4001, http://www.360.cn, 
28|1, 28|869, 30|949, 30|1352, 29|1425, 29|1868, 28|1872, 28|4006, http://www.imgur.com, 
28|1, 28|960, 33|1001, 33|1232, 34|1262, 34|1442, 38|1461, 38|1610, 62|1636, 75|1687, 68|1715, 69|1727, 70|1734, 71|1757, 71|1823, 79|1844, 79|1982, 78|1996, 78|2183, 83|2205, 108|2221, 140|2240, 140|2272, 148|2292, 148|2475, 147|2487, 147|2493, 145|2499, 145|2513, 143|2524, 139|2569, 139|2582, 141|2608, 141|2656, 142|2703, 142|2757, 135|2831, 137|2855, 137|2980, 131|3039, 125|3064, 124|3076, 117|3105, 114|3113, 114|3124, 113|3133, 112|3138, 112|3147, 111|3159, 106|3174, 106|3204, 102|3219, 91|3253, 77|3315, 70|3352, 70|3804, 69|3810, 69|4004, http://www.360.cn, 
28|1, 28|2390, 29|2401, 29|2460, 30|2521, 28|2559, 28|2625, 29|2678, 29|2856, 28|2884, 28|4001, http://www.google.com, 
28|1, 28|1001, 30|1013, 30|1586, 32|1621, 32|1688, 34|1708, 34|1735, 35|1742, 35|1761, 31|1766, 31|1809, 32|1822, 32|1963, 31|1971, 31|1985, 29|2010, 31|2032, 31|2047, 29|2059, 29|2094, 30|2111, 30|2151, 31|2159, 31|2217, 30|2222, 30|2607, 31|2620, 31|2668, 32|2698, 32|2743, 34|2782, 34|2799, 30|2838, 30|2892, 31|2902, 33|2943, 30|2966, 30|3160, 31|3209, 32|3256, 33|3334, 31|3385, 31|3444, 33|3473, 33|3515, 35|3522, 35|3584, 33|3593, 33|3775, 32|3792, 32|3853, 33|3886, 33|4107, http://www.instagram.com, 
28|1, 28|1205, 29|1229, 28|1246, 28|1251, 30|1270, 30|1772, 32|1795, 32|1882, 35|1895, 35|1944, 33|1951, 33|1955, 31|1960, 31|2203, 34|2225, 34|2250, 31|2280, 31|2320, 29|2331, 29|2358, 31|2373, 31|2383, 29|2407, 29|2611, 33|2633, 33|2641, 29|2662, 29|2713, 31|2720, 31|2796, 35|2820, 35|2908, 33|2926, 33|2952, 31|2963, 33|2986, 33|3067, 31|3079, 31|3235, 32|3245, 32|3269, 30|3275, 30|3335, 31|3360, 31|3496, 32|3503, 32|3568, 28|3614, 28|3706, 29|3714, 29|3719, 30|3726, 30|3739, 29|3743, 29|3749, 30|3756, 30|3832, 28|3840, 28|3956, 26|3960, 26|4004, http://www.amazon.com, 
25|1, 25|944, 26|961, 27|1028, 27|1837, 29|1852, 29|1918, 28|1929, 28|1985, 27|1990, 27|2013, 26|2018, 26|2098, 27|2103, 27|2471, 25|2476, 25|2664, 24|2704, 24|4001, http://www.live.com, 
24|1, 24|384, 21|403, 21|1016, 23|1032, 23|1623, 22|1630, 22|1763, 23|1775, 23|1799, 25|1819, 25|1919, 26|1929, 27|1935, 27|2011, 22|2028, 22|2377, 23|2384, 23|2392, 26|2398, 26|2416, 24|2421, 24|2667, 27|2681, 29|2692, 29|2698, 26|2708, 26|2716, 28|2725, 28|2756, 26|2762, 26|2785, 24|2793, 24|2797, 23|2802, 26|2817, 26|2916, 24|2922, 22|2928, 22|2967, 26|2994, 26|3025, 32|3086, 32|3094, 31|3113, 31|3157, 30|3166, 30|3190, 33|3268, 31|3364, 26|3445, 27|3453, 27|3477, 24|3521, 24|3540, 25|3575, 25|3600, 27|3624, 27|3685, 28|3698, 27|3721, 27|3765, 28|3770, 28|3785, 26|3793, 26|3852, 27|3856, 29|3862, 27|3868, 27|3900, 28|3907, 28|3937, 26|3948, 26|3968, 25|3973, 27|3984, 28|4005, http://www.netflix.com, 
21|1, 21|840, 22|932, 22|1043, 27|1074, 28|1093, 35|1110, 36|1144, 42|1154, 46|1167, 48|1178, 48|1201, 47|1211, 46|1217, 46|1292, 47|1320, 47|1370, 46|1383, 46|1413, 45|1431, 43|1438, 42|1446, 39|1465, 37|1506, 36|1522, 35|1532, 35|1677, 37|1708, 37|1826, 35|1831, 35|1930, 34|1934, 34|2062, 36|2076, 36|2525, 38|2545, 38|2559, 37|2582, 37|2588, 39|2609, 40|2639, 40|2678, 38|2783, 38|2843, 40|2868, 40|2892, 36|2915, 36|3045, 35|3056, 35|3119, 34|3124, 34|3129, 35|3137, 35|4002, http://www.linkedin.com, 
21|1, 21|901, 22|931, 21|972, 34|992, 35|1015, 42|1094, 48|1100, 47|1126, 47|1319, 46|1331, 45|1339, 45|1353, 44|1358, 44|1363, 43|1368, 43|1375, 42|1380, 42|1402, 40|1432, 37|1449, 35|1482, 35|1556, 37|1575, 37|1685, 35|1691, 35|1792, 34|1810, 34|1978, 36|2004, 36|2382, 38|2420, 38|2436, 40|2555, 37|2673, 37|2707, 38|2738, 38|2826, 34|2840, 34|2863, 108|2933, 108|3284, 88|3301, 88|3490, 44|3497, 44|3702, 34|3707, 34|3815, 36|3828, 36|4004, http://www.linkedin.com, 
21|1, 21|2326, 22|2332, 22|2437, 23|2449, 23|2538, 21|2600, 21|4005, http://www.google.com, 
21|1, 21|815, 22|848, 22|871, 21|904, 21|3410, 23|3417, 23|3786, 22|3791, 22|4005, http://www.vk.com, 
21|1, 21|1053, 26|1083, 26|1824, 24|1838, 24|1843, 22|1850, 22|2072, 21|2076, 21|2101, 25|2108, 25|2215, 23|2224, 22|2228, 22|2248, 23|2274, 23|2324, 27|2354, 27|2437, 26|2449, 25|2465, 25|2482, 24|2490, 24|2930, 25|2965, 25|3162, 26|3172, 26|3424, 27|3434, 27|3472, 28|3488, 28|3531, 29|3543, 29|3565, 30|3590, 30|3656, 33|3666, 33|3692, 34|3700, 34|3774, 35|3781, 35|3843, 34|3858, 34|3924, 35|3941, 36|4019, http://www.tmall.com, 
21|1, 21|1007, 23|1068, 23|1522, 25|1554, 25|1618, 24|1623, 24|1726, 25|1733, 25|1826, 23|1837, 23|2017, 22|2021, 22|2066, 21|2073, 21|2271, 22|2280, 22|2286, 25|2293, 25|2304, 23|2312, 23|2523, 24|2529, 25|2536, 23|2542, 23|2581, 24|2587, 25|2609, 23|2632, 23|2667, 24|2674, 24|2680, 25|2695, 23|2704, 23|2749, 24|2755, 24|2766, 23|2783, 23|2819, 25|2845, 25|2876, 27|2886, 27|2952, 29|2966, 31|2982, 31|3040, 29|3105, 30|3147, 26|3205, 26|3213, 28|3239, 26|3287, 26|3359, 24|3372, 24|3426, 25|3458, 27|3477, 27|3574, 28|3587, 29|3598, 28|3610, 28|3677, 24|3682, 24|3697, 22|3702, 22|3723, 23|3730, 27|3739, 27|3766, 25|3783, 25|3794, 24|3806, 24|3818, 26|3832, 31|3846, 31|3931, 32|3967, 35|3973, 35|4001, http://www.netflix.com, 
21|1, 21|877, 22|905, 21|943, 23|978, 23|1492, 24|1515, 24|1577, 26|1606, 26|1625, 27|1636, 27|1669, 26|1675, 26|1684, 23|1691, 24|1701, 24|1876, 23|1882, 23|1958, 22|1965, 22|2002, 27|2018, 27|2073, 22|2104, 22|4002, http://www.reddit.com, 
21|1, 21|1039, 22|1078, 22|1105, 23|1131, 23|1677, 24|1690, 25|1699, 25|1756, 24|1768, 24|1957, 25|1984, 25|2054, 24|2063, 24|2113, 23|2127, 23|2359, 22|2364, 22|2689, 21|2696, 21|4004, http://www.vk.com, 
21|1, 21|983, 22|1014, 21|1020, 23|1092, 23|1582, 25|1594, 25|1650, 24|1655, 24|1719, 26|1728, 27|1737, 27|1819, 25|1824, 25|1831, 23|1847, 24|1858, 24|2004, 23|2028, 23|2047, 24|2065, 27|2084, 28|2101, 28|2107, 29|2116, 31|2126, 31|2132, 30|2138, 32|2155, 32|2198, 35|2223, 36|2245, 38|2263, 38|2301, 37|2325, 37|2340, 35|2380, 32|2405, 32|2429, 35|2467, 36|2506, 36|2522, 34|2556, 33|2610, 40|2642, 30|2700, 27|2723, 27|2859, 26|2921, 26|3455, 27|3483, 27|3489, 29|3499, 29|3531, 30|3538, 30|3552, 29|3567, 29|3631, 27|3642, 27|3697, 28|3705, 29|3739, 29|3768, 28|3804, 28|3839, 29|3857, 29|3887, 30|3893, 30|3920, 28|3925, 28|3929, 27|3934, 27|3947, 26|3958, 26|4002, http://www.yahoo.com, 
21|1, 21|1002, 23|1067, 23|1576, 24|1584, 25|1609, 25|1649, 24|1659, 24|1712, 25|1719, 26|1750, 26|1817, 24|1821, 24|1826, 23|1837, 24|1843, 24|2000, 25|2062, 31|2085, 32|2095, 32|2114, 35|2151, 36|2168, 37|2186, 38|2210, 37|2224, 35|2241, 33|2257, 33|2280, 31|2303, 35|2332, 29|2364, 32|2390, 29|2412, 29|2418, 31|2426, 33|2436, 33|2465, 41|2494, 39|2510, 39|2525, 28|2529, 28|2534, 30|2544, 31|2564, 30|2612, 27|2646, 27|3090, 28|3124, 28|3209, 29|3214, 29|3283, 28|3293, 28|3389, 29|3395, 30|3400, 31|3409, 31|3456, 32|3468, 32|3486, 33|3509, 33|3562, 30|3573, 30|3631, 32|3642, 32|3652, 33|3675, 33|3683, 32|3735, 32|3771, 31|3779, 31|3855, 30|3859, 30|3898, 28|3902, 28|3937, 29|3943, 30|3948, 30|4014, http://www.yahoo.com, 
21|1, 21|986, 23|1012, 23|1545, 22|1572, 22|2003, 21|2024, 21|4004, http://www.imgur.com, 
21|1, 21|971, 25|1071, 30|1110, 30|1153, 29|1158, 29|1242, 28|1262, 27|1276, 27|1600, 26|1652, 26|1666, 28|1675, 34|1690, 34|1746, 38|1783, 36|1812, 36|1817, 34|1840, 34|1884, 33|1900, 36|1906, 36|2030, 34|2034, 34|4002, http://www.facebook.com, 
21|1, 21|910, 22|941, 22|969, 23|984, 23|1425, 30|1441, 30|1454, 33|1491, 33|1523, 22|1553, 22|1614, 23|1687, 25|1711, 25|1869, 26|1882, 26|1957, 25|1975, 25|2178, 24|2186, 24|2344, 25|2352, 25|2552, 26|2557, 26|2869, 25|2874, 25|2942, 23|2951, 23|3348, 24|3355, 24|3459, 25|3465, 25|3550, 24|3554, 24|3564, 23|3570, 23|4001, http://www.qq.com, 
21|1, 21|912, 22|978, 22|1007, 21|1018, 21|1029, 27|1082, 27|1096, 36|1140, 36|1370, 43|1389, 47|1408, 47|1465, 59|1488, 59|1521, 44|1569, 44|1601, 43|1617, 43|1744, 44|1755, 46|1793, 49|1808, 55|1835, 57|1857, 61|1863, 61|1894, 49|1898, 49|2015, 47|2061, 47|2088, 42|2098, 42|2103, 38|2116, 38|2355, 37|2368, 37|2372, 34|2378, 34|2425, 32|2453, 32|2529, 33|2535, 32|2540, 32|2714, 31|2722, 31|2816, 25|2823, 25|2903, 24|2907, 24|3029, 25|3035, 25|3115, 26|3123, 26|3171, 27|3177, 27|3322, 26|3327, 26|3422, 25|3428, 25|3433, 24|3438, 24|3719, 25|3724, 25|3964, 24|3975, 24|4002, http://www.sina.com.cn, 
21|1, 21|961, 22|1008, 21|1029, 21|1045, 23|1087, 23|1882, 25|1904, 25|2054, 24|2062, 24|2683, 28|2692, 28|2882, 27|2888, 27|2893, 33|2904, 33|3012, 28|3020, 28|3053, 27|3059, 27|3201, 30|3213, 30|3232, 31|3239, 31|3313, 38|3324, 38|3392, 39|3397, 39|3420, 32|3426, 32|3464, 28|3468, 28|3507, 29|3516, 29|3528, 36|3536, 38|3543, 43|3549, 43|3580, 44|3591, 44|3610, 45|3616, 45|3628, 46|3635, 47|3641, 47|3653, 48|3666, 48|3834, 49|3840, 49|3861, 44|3869, 39|3893, 30|3902, 30|3911, 31|3927, 31|4001, http://www.sohu.com, 
21|1, 21|974, 23|997, 23|1583, 25|1615, 25|1658, 24|1666, 24|1795, 26|1801, 26|1961, 25|1970, 27|1979, 27|1984, 26|1989, 26|2125, 27|2131, 28|2139, 28|2173, 27|2178, 27|2242, 26|2255, 26|2404, 24|2408, 24|2574, 25|2610, 23|2634, 23|2657, 24|2675, 24|2793, 23|2800, 23|2914, 22|2920, 22|4003, http://www.vk.com, 
21|1, 21|1058, 23|1077, 23|1588, 25|1605, 25|1683, 26|1695, 26|1718, 27|1727, 27|1758, 26|1764, 25|1770, 25|1986, 24|1990, 24|2054, 23|2065, 22|2070, 22|2195, 23|2204, 25|2223, 24|2259, 24|2282, 22|2287, 22|4016, http://www.reddit.com, 
21|1, 21|100, 20|128, 20|994, 21|1006, 20|1050, 24|1080, 24|1297, 25|1321, 25|1618, 26|1646, 28|1668, 28|1722, 33|1750, 38|1763, 40|1770, 46|1778, 50|1795, 50|1918, 48|1943, 47|1948, 46|1953, 46|1982, 52|2005, 52|2285, 54|2291, 57|2297, 62|2303, 63|2318, 67|2345, 67|2367, 70|2377, 74|2385, 74|2409, 77|2424, 77|2578, 76|2584, 76|2589, 75|2594, 73|2605, 71|2621, 71|2672, 65|2686, 65|2727, 71|2747, 71|2909, 69|2936, 69|2967, 65|2984, 65|3006, 67|3018, 68|3027, 68|3061, 57|3101, 57|3149, 60|3258, 56|3281, 57|3390, 55|3400, 51|3420, 51|3447, 52|3474, 52|3521, 49|3535, 49|3545, 50|3556, 50|3564, 52|3570, 52|3597, 47|3602, 47|3609, 44|3614, 44|3639, 43|3645, 44|3654, 44|3671, 43|3676, 43|3703, 44|3710, 37|3718, 37|3731, 36|3736, 34|3744, 34|3798, 35|3806, 35|3812, 40|3821, 40|3861, 34|3865, 32|4004, http://www.baidu.com, 
23|1, 23|78, 21|90, 21|814, 29|873, 28|890, 28|894, 46|968, 72|1019, 72|1043, 73|1067, 80|1093, 80|1134, 79|1142, 77|1158, 77|1167, 69|1172, 69|1288, 68|1356, 68|1566, 58|1609, 59|1625, 59|1711, 60|1718, 60|1893, 48|1910, 48|1926, 46|1931, 46|1936, 44|1944, 36|1951, 36|1956, 29|1961, 29|1976, 26|1990, 26|2134, 25|2144, 25|2199, 24|2211, 24|2235, 25|2244, 25|2287, 26|2294, 26|2385, 27|2415, 28|2428, 30|2448, 31|2454, 31|2659, 32|2668, 34|2678, 34|2782, 35|2791, 35|2907, 34|2911, 34|2925, 33|2930, 33|2969, 34|2976, 34|3008, 28|3040, 28|3046, 27|3066, 27|3173, 28|3201, 28|3283, 27|3306, 26|3312, 26|3319, 28|3342, 28|3415, 27|3421, 28|3441, 28|3545, 31|3566, 31|3639, 33|3672, 33|3841, 30|3879, 30|3893, 29|3912, 29|4001, http://www.sina.com.cn, 
21|1, 21|305, 27|327, 21|382, 21|1060, 22|1118, 22|1130, 21|1158, 21|2668, 22|2676, 22|2846, 23|2870, 23|2980, 21|2995, 21|4005, http://www.google.com, 
21|1, 21|905, 22|940, 22|987, 26|1045, 26|1687, 22|1696, 22|1933, 21|1950, 21|2075, 25|2082, 25|2148, 26|2158, 26|2183, 24|2188, 24|2203, 23|2210, 23|2220, 24|2229, 24|2452, 23|2459, 23|2620, 24|2625, 24|2706, 25|2732, 25|2854, 24|2859, 24|3386, 25|3398, 25|3504, 26|3517, 26|3736, 27|3751, 27|3771, 28|3777, 28|3824, 29|3829, 31|3837, 31|3952, 32|3968, 33|3989, 33|4005, http://www.tmall.com, 
21|1, 21|922, 23|1020, 23|1522, 25|1581, 25|1674, 28|1690, 28|1741, 26|1756, 24|1769, 24|1995, 22|2001, 22|2227, 25|2258, 24|2287, 24|2352, 22|2359, 22|2366, 24|2389, 24|2404, 22|2413, 22|2551, 24|2571, 24|2658, 26|2691, 26|2779, 28|2805, 28|2820, 26|2828, 26|2843, 27|2858, 27|2919, 25|2930, 26|2939, 26|3006, 27|3046, 30|3075, 30|3094, 28|3101, 27|3113, 25|3168, 26|3187, 26|3305, 24|3314, 24|3435, 23|3452, 25|3465, 25|3497, 27|3506, 27|3528, 32|3561, 32|3575, 31|3585, 31|3614, 23|3619, 23|3697, 22|3712, 22|3732, 23|3737, 24|3746, 24|3777, 28|3796, 28|3814, 25|3822, 28|3836, 28|3863, 25|3868, 25|3873, 22|3883, 22|4004, http://www.amazon.com, 
21|1, 21|1032, 22|1071, 22|1249, 23|1258, 28|1283, 28|1318, 29|1348, 29|1789, 27|1798, 27|1803, 26|1807, 26|2113, 25|2117, 25|2245, 24|2249, 24|2254, 22|2259, 22|2323, 26|2330, 26|2335, 25|2340, 25|2351, 27|2357, 27|2434, 25|2441, 25|2446, 24|2451, 24|2706, 23|2713, 23|3451, 25|3465, 25|3556, 27|3567, 36|3578, 36|3588, 39|3595, 39|3604, 48|3652, 48|3665, 49|3677, 49|3692, 47|3707, 47|3734, 49|3749, 46|3774, 48|3783, 50|3791, 51|3799, 51|3810, 54|3819, 54|3845, 53|3861, 53|3865, 55|3871, 53|3882, 53|3888, 51|3894, 51|3904, 50|3909, 50|3914, 48|3929, 48|3954, 47|3966, 46|3972, 46|3979, 45|3986, 45|4010, http://www.taobao.com, 
21|1, 21|1052, 22|1085, 23|1147, 23|1740, 22|1744, 22|1872, 23|1880, 25|1891, 25|2016, 27|2044, 27|2107, 26|2112, 26|2118, 22|2124, 23|2133, 23|2376, 22|2383, 22|2516, 23|2523, 26|2533, 26|2776, 24|2786, 24|2825, 27|2843, 27|2859, 24|2872, 24|2917, 23|2927, 22|2942, 22|2954, 26|2976, 26|2986, 24|2991, 24|3017, 25|3038, 24|3051, 24|3117, 26|3151, 26|3158, 32|3222, 32|3263, 31|3316, 29|3353, 30|3406, 28|3475, 30|3500, 30|3509, 31|3554, 31|3570, 25|3647, 25|3681, 26|3710, 26|3736, 28|3752, 28|3866, 30|3883, 30|3931, 28|3936, 28|3956, 26|3963, 27|3968, 26|3975, 26|4002, http://www.netflix.com, 
21|1, 21|917, 22|951, 22|977, 21|1044, 21|2306, 22|2312, 22|2484, 24|2511, 24|2814, 21|2836, 21|4004, http://www.google.com, 
21|1, 21|984, 22|1025, 31|1081, 35|1115, 37|1174, 40|1198, 45|1217, 45|1223, 46|1237, 43|1282, 43|1456, 42|1477, 42|1526, 37|1562, 36|1575, 36|1609, 35|1618, 35|1867, 37|1930, 37|2061, 35|2073, 35|2154, 34|2173, 34|2359, 36|2366, 36|2826, 37|2842, 38|2899, 38|2928, 36|3002, 34|3023, 35|3060, 35|3143, 34|3151, 34|3170, 36|3181, 36|3378, 35|3383, 108|3390, 108|3417, 107|3427, 107|3588, 108|3594, 108|3798, 86|3818, 86|4006, http://www.linkedin.com, 
21|1, 21|1021, 46|1141, 46|1263, 47|1278, 56|1308, 56|1362, 60|1389, 60|1458, 72|1508, 72|1517, 60|1599, 63|1667, 63|1716, 69|1734, 65|1770, 64|1808, 64|1846, 65|1873, 65|1898, 66|1907, 66|1936, 65|1958, 65|2015, 64|2029, 66|2046, 60|2054, 58|2065, 52|2079, 52|2101, 51|2109, 51|2198, 50|2203, 50|2255, 49|2261, 49|2265, 46|2292, 46|2375, 44|2381, 44|2404, 45|2413, 45|2432, 41|2439, 41|2444, 37|2448, 37|2452, 35|2458, 35|2475, 34|2480, 34|2497, 35|2502, 34|2508, 34|2702, 33|2707, 33|2743, 32|2747, 32|3016, 28|3021, 28|3026, 26|3031, 26|3717, 27|3726, 27|3931, 28|3946, 28|4010, http://www.sina.com.cn, 
21|1, 21|1077, 23|1107, 23|1682, 25|1702, 25|1820, 26|1825, 26|1830, 27|1838, 27|1872, 26|1878, 26|1926, 24|1930, 24|1942, 23|1948, 23|1953, 24|1970, 24|2082, 23|2092, 23|2121, 24|2160, 25|2174, 28|2182, 30|2201, 32|2223, 32|2259, 37|2307, 39|2330, 40|2335, 39|2340, 37|2370, 37|2376, 33|2408, 33|2436, 29|2445, 29|2507, 30|2514, 33|2521, 33|2535, 32|2548, 32|2553, 35|2589, 35|2620, 38|2634, 37|2643, 37|2655, 36|2661, 36|2674, 37|2683, 37|2693, 35|2712, 27|2731, 27|2854, 26|2870, 26|3615, 27|3622, 27|3635, 28|3642, 28|3697, 29|3705, 29|3754, 28|3764, 28|3807, 30|3818, 30|3832, 29|3839, 29|3887, 28|3894, 28|4004, http://www.yahoo.com, 
21|1, 21|925, 23|994, 23|1480, 22|1492, 22|1932, 21|1937, 21|4005, http://www.imgur.com, 
21|1, 21|974, 23|983, 23|1515, 25|1523, 25|1590, 24|1603, 24|1698, 26|1706, 26|1885, 27|1896, 27|1976, 26|1983, 26|2048, 28|2054, 28|2064, 27|2071, 27|2153, 25|2160, 25|2185, 24|2189, 24|2199, 25|2207, 25|2220, 26|2244, 25|2266, 25|2310, 26|2331, 26|2431, 27|2467, 25|2511, 25|2649, 27|2658, 27|2785, 25|2791, 25|2800, 26|2816, 26|2875, 25|2881, 24|2890, 24|2997, 23|3003, 23|3017, 22|3022, 22|4004, http://www.vk.com, 
21|1, 21|821, 22|925, 23|965, 23|1526, 25|1555, 25|1606, 24|1626, 24|1685, 25|1692, 25|1782, 23|1791, 23|1942, 22|1957, 22|2052, 21|2056, 21|2460, 22|2468, 25|2477, 25|2723, 23|2727, 23|2871, 21|2875, 21|2969, 22|2977, 24|2991, 24|3010, 21|3015, 21|3023, 23|3038, 23|3056, 21|3069, 21|3129, 23|3143, 25|3151, 25|3160, 23|3171, 23|3209, 24|3220, 24|3239, 23|3248, 23|3262, 25|3276, 25|3342, 31|3415, 29|3440, 25|3475, 30|3546, 30|3573, 31|3600, 29|3648, 27|3668, 27|3711, 29|3730, 29|3738, 26|3772, 24|3784, 24|3793, 25|3804, 25|3840, 26|3857, 26|3874, 28|3908, 28|3982, 27|3988, 27|4003, http://www.netflix.com, 
21|1, 21|873, 22|934, 21|990, 23|1048, 23|1509, 25|1521, 25|1617, 26|1628, 27|1658, 27|1703, 25|1707, 25|1717, 24|1722, 24|1809, 25|1823, 25|1989, 23|1996, 23|2037, 22|2050, 22|4002, http://www.wikipedia.org, 
21|1, 21|970, 22|1012, 21|1031, 23|1079, 23|1619, 24|1641, 24|1747, 23|1752, 23|1796, 25|1803, 25|1905, 26|1911, 26|1996, 28|2023, 28|2052, 26|2061, 25|2066, 25|2074, 26|2122, 26|2149, 24|2161, 24|2282, 26|2326, 26|2339, 28|2356, 28|2384, 30|2423, 27|2428, 27|2509, 28|2517, 28|2537, 25|2549, 25|2622, 24|2631, 24|2653, 23|2667, 23|2793, 22|2798, 22|2891, 23|2905, 24|2916, 25|2944, 25|2953, 26|2983, 27|2998, 27|3035, 28|3064, 29|3076, 27|3085, 28|3102, 23|3119, 23|3145, 24|3155, 24|3270, 23|3337, 23|3696, 24|3719, 24|3805, 25|3826, 25|3853, 24|3870, 24|3918, 25|3924, 25|3949, 23|3959, 23|4004, http://www.imgur.com, 
21|1, 21|2442, 22|2448, 22|2509, 23|2556, 23|2614, 22|2635, 24|2672, 24|2973, 21|2995, 21|4005, http://www.google.com, 
21|1, 21|1001, 22|1036, 21|1057, 25|1133, 25|1286, 26|1307, 26|1615, 29|1643, 29|1889, 31|1931, 26|1952, 26|2186, 27|2200, 27|2206, 28|2225, 28|2299, 27|2314, 27|2332, 28|2352, 42|2407, 43|2447, 43|2486, 44|2519, 41|2538, 41|2575, 42|2597, 42|2757, 45|2772, 48|2783, 48|2792, 53|2805, 60|2821, 60|2833, 77|2854, 77|2869, 78|2886, 78|2989, 75|3012, 76|3019, 71|3029, 77|3061, 68|3088, 62|3104, 57|3131, 57|3141, 54|3152, 41|3181, 41|3203, 35|3215, 35|3249, 37|3262, 37|3409, 38|3429, 38|3434, 37|3440, 37|3579, 39|3587, 40|3601, 40|3685, 41|3691, 41|3696, 39|3701, 39|3713, 40|3726, 40|3841, 39|3853, 39|3924, 38|3931, 38|3940, 37|3951, 37|4004, http://www.baidu.com, 
21|1, 21|931, 26|987, 26|1005, 27|1041, 39|1094, 38|1136, 45|1177, 44|1210, 44|1322, 43|1327, 43|1376, 42|1413, 40|1418, 38|1428, 36|1441, 36|1465, 35|1500, 35|1588, 37|1610, 37|1735, 35|1749, 35|1827, 34|1837, 34|1985, 36|2009, 36|2398, 38|2421, 38|2470, 40|2484, 40|2602, 38|2668, 38|2814, 36|2818, 36|2834, 35|2851, 35|2882, 36|2914, 36|2993, 34|2998, 34|3106, 35|3113, 35|4002, http://www.linkedin.com, 
21|1, 21|1009, 23|1039, 23|1462, 25|1490, 25|1567, 27|1630, 28|1661, 27|1666, 27|1878, 24|1884, 24|1938, 26|1968, 26|1987, 27|2014, 27|2019, 25|2024, 25|2067, 26|2117, 26|2141, 25|2146, 25|3263, 26|3276, 26|3288, 27|3295, 27|3303, 30|3318, 30|3342, 33|3363, 35|3384, 35|3427, 32|3435, 28|3442, 30|3451, 30|3492, 31|3498, 31|3561, 28|3568, 27|3573, 27|3881, 28|3886, 28|4008, http://www.instagram.com, 
21|1, 21|1061, 22|1073, 21|1089, 23|1119, 23|1642, 25|1680, 25|1750, 27|1756, 27|1790, 28|1800, 28|1838, 27|1846, 27|1888, 24|1893, 24|2087, 27|2094, 27|2099, 26|2109, 25|2113, 25|2153, 22|2168, 22|4009, http://www.reddit.com, 
21|1, 21|919, 22|946, 22|1005, 21|1013, 21|1018, 23|1050, 23|1530, 25|1561, 25|1674, 24|1683, 24|1750, 26|1756, 26|1930, 25|1943, 25|1964, 27|1981, 27|2034, 26|2041, 26|2146, 27|2168, 27|2258, 25|2263, 25|2278, 24|2284, 24|2296, 25|2301, 25|2323, 26|2335, 26|2357, 24|2367, 24|2376, 25|2397, 25|2432, 26|2454, 26|2528, 27|2547, 26|2553, 26|2561, 24|2576, 24|2600, 25|2607, 25|2737, 24|2757, 24|2768, 25|2780, 25|2844, 26|2861, 26|2939, 24|2947, 25|2963, 25|3009, 23|3014, 23|3136, 22|3143, 22|4002, http://www.vk.com, 
21|1, 21|952, 22|975, 22|1028, 23|1080, 23|1621, 25|1635, 25|1869, 26|1878, 26|2055, 25|2062, 25|2067, 24|2074, 24|2362, 26|2385, 26|2472, 27|2495, 27|2625, 26|2632, 26|2739, 24|2761, 24|2862, 23|2878, 23|3184, 24|3194, 24|3202, 26|3212, 27|3220, 30|3227, 33|3235, 35|3249, 35|3267, 32|3273, 32|3401, 33|3408, 33|3413, 34|3429, 34|3449, 37|3474, 37|3479, 38|3493, 38|3658, 39|3667, 40|3675, 42|3706, 41|3745, 42|3772, 42|3801, 41|3844, 42|3869, 42|3929, 43|3961, 43|4063, http://www.sohu.com, 
21|1, 21|1074, 22|1119, 21|1148, 21|2511, 22|2522, 22|2608, 23|2665, 23|2696, 21|2712, 21|2787, 22|2834, 22|3045, 21|3051, 21|4002, http://www.google.com, 
21|1, 21|833, 22|936, 23|1005, 23|1657, 25|1676, 25|1781, 24|1797, 24|1872, 25|1892, 25|1973, 24|1980, 24|2112, 27|2119, 27|2539, 23|2559, 23|2731, 22|2748, 22|2874, 21|2882, 21|4004, http://www.live.com, 
21|1, 21|934, 22|955, 22|1007, 25|1062, 25|1272, 26|1279, 26|1603, 29|1662, 29|1706, 31|1733, 39|1752, 43|1764, 51|1775, 51|1900, 49|1912, 49|1925, 48|1934, 48|1967, 49|1982, 51|2003, 54|2016, 54|2253, 53|2259, 53|2270, 55|2277, 55|2287, 62|2293, 64|2298, 64|2303, 67|2309, 69|2315, 69|2381, 77|2388, 77|2406, 80|2419, 80|2443, 79|2459, 79|2480, 81|2486, 79|2502, 79|2513, 80|2519, 80|2557, 79|2572, 78|2579, 78|2736, 71|2748, 71|2874, 68|2889, 68|2906, 66|2919, 66|2941, 73|2950, 73|2956, 75|2962, 79|2971, 79|2977, 73|2983, 73|2998, 56|3021, 50|3031, 50|3043, 51|3059, 48|3075, 48|3087, 47|3098, 47|3102, 46|3111, 46|3131, 47|3141, 47|3219, 63|3254, 67|3289, 47|3340, 53|3382, 53|3407, 44|3452, 44|3469, 43|3494, 43|3538, 42|3552, 42|3570, 43|3592, 46|3602, 46|3616, 47|3623, 47|3662, 43|3669, 43|3695, 44|3702, 44|3735, 42|3740, 42|3776, 41|3784, 41|3846, 44|3856, 44|3870, 42|3884, 39|3892, 39|4004, http://www.baidu.com, 
22|1, 22|1144, 24|1170, 24|1688, 26|1720, 26|1804, 28|1816, 28|1888, 25|1896, 25|2131, 23|2137, 23|2214, 27|2232, 27|2314, 23|2319, 23|2331, 25|2338, 25|2350, 23|2366, 23|2448, 25|2467, 25|2507, 23|2566, 23|2729, 25|2755, 25|2810, 27|2833, 27|2894, 25|2903, 25|3173, 26|3185, 26|3444, 27|3449, 27|3515, 26|3519, 26|3685, 25|3699, 25|3752, 26|3757, 26|4004, http://www.amazon.com, 
22|1, 22|1020, 23|1034, 23|1050, 27|1100, 27|1465, 25|1504, 23|1514, 23|1769, 22|1777, 22|2202, 26|2216, 26|2224, 29|2232, 30|2237, 30|2291, 28|2297, 28|2310, 27|2315, 27|2320, 28|2325, 27|2333, 27|2352, 26|2360, 26|2746, 25|2754, 25|3438, 26|3463, 26|3538, 27|3558, 27|3858, 28|3872, 28|3903, 29|3909, 29|3937, 30|3947, 30|4022, http://www.tmall.com, 
22|1, 22|875, 23|951, 22|977, 24|1065, 24|1577, 26|1611, 26|1762, 25|1788, 25|1948, 27|1961, 27|1980, 26|1994, 26|2383, 24|2402, 24|2407, 22|2412, 22|2671, 23|2676, 22|2691, 22|4004, http://www.live.com, 
22|1, 22|1045, 23|1070, 24|1100, 24|1611, 26|1637, 26|1667, 28|1676, 28|1730, 27|1736, 27|1746, 29|1754, 29|1760, 28|1772, 28|1968, 25|1975, 25|2048, 24|2057, 23|2065, 24|2077, 25|2098, 25|2160, 26|2192, 26|2227, 27|2247, 27|2290, 26|2295, 26|3107, 27|3132, 27|3218, 32|3252, 32|3264, 29|3273, 30|3286, 31|3297, 31|3324, 32|3337, 32|3349, 31|3361, 31|3371, 30|3377, 30|3469, 29|3476, 29|3507, 30|3513, 30|3740, 29|3753, 29|3857, 28|3905, 28|4040, http://www.instagram.com, 
22|1, 22|995, 23|1017, 23|1061, 24|1100, 24|1599, 26|1632, 26|1680, 28|1704, 28|1739, 29|1745, 29|1762, 26|1767, 26|1771, 25|1779, 25|1815, 26|1831, 26|1959, 25|1971, 25|1985, 27|2005, 25|2024, 26|2031, 26|2086, 25|2121, 24|2147, 24|3376, 25|3394, 25|3405, 29|3414, 29|3431, 33|3489, 36|3498, 37|3514, 37|3542, 36|3551, 36|3566, 33|3574, 29|3579, 29|3593, 31|3606, 31|3723, 28|3731, 28|3790, 27|3795, 27|3800, 26|3818, 27|3829, 27|4004, http://www.instagram.com, 
22|1, 22|883, 23|968, 23|1004, 24|1051, 24|1599, 26|1620, 26|1635, 25|1646, 25|1777, 27|1781, 27|1964, 26|1970, 28|1976, 28|2028, 27|2041, 27|2138, 28|2146, 29|2153, 29|2157, 28|2162, 28|2260, 26|2266, 26|2286, 25|2291, 26|2297, 26|2318, 27|2332, 25|2371, 25|2395, 26|2431, 26|2513, 27|2518, 27|2549, 25|2561, 25|2598, 24|2603, 24|2747, 25|2756, 25|2778, 24|2795, 25|2825, 25|2936, 23|2946, 24|2952, 24|4003, http://www.vk.com, 
23|1, 23|1014, 24|1044, 25|1098, 25|1605, 27|1626, 27|1738, 29|1750, 29|1819, 27|1832, 27|2048, 24|2060, 24|4002, http://www.wikipedia.org, 
23|1, 23|989, 24|1032, 24|1070, 23|1081, 27|1139, 27|1342, 28|1361, 28|1618, 29|1647, 31|1667, 31|1919, 37|1931, 28|1984, 28|2051, 33|2061, 37|2071, 37|2169, 38|2208, 38|2252, 40|2267, 40|2345, 39|2366, 39|2417, 40|2423, 44|2438, 45|2445, 45|2450, 47|2459, 49|2468, 49|2473, 50|2478, 63|2493, 65|2502, 65|2629, 66|2643, 67|2649, 67|2661, 62|2682, 62|2690, 58|2716, 58|2727, 52|2740, 53|2747, 53|2792, 55|2822, 58|2877, 49|2899, 52|3038, 52|3083, 51|3135, 51|3150, 46|3160, 47|3207, 45|3234, 44|3273, 44|3292, 41|3307, 41|3412, 39|3416, 39|3420, 37|3425, 37|3451, 38|3465, 38|3482, 37|3487, 37|3494, 35|3500, 35|3513, 33|3520, 33|3700, 34|3705, 34|3755, 35|3761, 35|3846, 34|3862, 34|3951, 32|3956, 32|3974, 31|3987, 33|4026, http://www.baidu.com, 
23|1, 23|996, 25|1014, 25|1578, 27|1587, 27|1670, 29|1676, 29|1751, 26|1756, 26|2000, 24|2011, 24|2112, 25|2119, 28|2126, 28|2202, 24|2206, 24|2361, 25|2367, 27|2382, 27|2403, 24|2418, 24|2493, 26|2509, 26|2597, 27|2624, 29|2631, 29|2674, 28|2692, 26|2702, 26|2941, 27|2959, 27|3033, 28|3047, 28|3125, 29|3153, 29|3161, 30|3185, 30|3203, 29|3209, 29|3220, 30|3232, 30|3278, 32|3293, 32|3329, 33|3344, 33|3362, 32|3377, 32|3392, 31|3408, 31|3434, 32|3441, 32|3497, 33|3504, 33|3569, 35|3582, 34|3591, 34|3599, 32|3604, 32|3723, 33|3733, 31|3737, 31|3742, 29|3747, 29|3802, 28|3807, 28|3827, 30|3835, 30|3980, 29|3988, 29|4001, http://www.amazon.com, 
22|1, 22|1026, 23|1053, 24|1074, 24|1671, 25|1677, 26|1684, 26|1835, 25|1843, 25|2063, 27|2081, 27|2508, 22|2516, 23|2524, 23|4001, http://www.live.com, 
24|1, 24|1005, 26|1032, 26|1555, 28|1567, 28|1653, 27|1667, 27|1689, 29|1717, 29|1799, 26|1809, 26|1822, 27|1831, 27|1985, 26|1992, 26|2003, 25|2015, 25|2124, 27|2129, 27|2169, 28|2178, 28|2204, 29|2214, 33|2225, 34|2241, 35|2254, 36|2269, 36|2310, 38|2317, 40|2323, 40|2332, 41|2338, 41|2343, 42|2349, 42|2370, 43|2376, 43|2382, 42|2388, 42|2403, 40|2417, 41|2423, 38|2451, 43|2463, 39|2512, 39|2564, 33|2574, 35|2601, 39|2659, 39|2720, 35|2848, 29|2882, 29|3635, 30|3653, 31|3664, 31|3693, 32|3704, 33|3712, 33|3723, 32|3742, 32|3751, 33|3757, 33|3917, 34|3923, 36|3932, 35|3938, 35|3983, 34|3991, 33|4003, http://www.yahoo.com, 
25|1, 25|972, 26|1001, 25|1028, 25|1058, 29|1094, 31|1130, 34|1145, 34|1182, 33|1247, 33|1253, 31|1293, 31|1689, 30|1714, 30|1741, 38|1753, 38|1810, 41|1821, 44|1836, 42|1851, 42|1873, 40|1886, 40|1904, 37|1909, 37|1914, 36|1920, 36|1959, 35|1967, 35|2008, 36|2013, 37|2031, 37|2723, 36|2744, 36|2887, 35|2965, 35|4003, http://www.facebook.com, 
25|1, 25|952, 26|982, 26|1000, 25|1071, 25|1091, 31|1108, 31|1160, 32|1171, 34|1246, 32|1256, 32|1451, 31|1461, 31|1730, 30|1749, 30|1759, 38|1777, 38|1830, 39|1837, 41|1844, 44|1850, 42|1868, 42|1891, 41|1899, 41|1914, 40|1920, 40|1929, 39|1936, 39|1971, 38|1985, 38|2000, 39|2013, 40|2020, 40|2132, 38|2157, 37|2174, 37|2463, 38|2516, 38|2534, 39|2563, 39|2615, 37|2629, 37|4006, http://www.facebook.com, 
25|1, 25|1231, 27|1295, 27|1805, 29|1824, 29|1944, 28|1953, 28|2004, 30|2011, 30|2170, 29|2185, 29|2209, 31|2214, 31|2230, 30|2240, 30|2376, 32|2384, 31|2390, 31|2481, 29|2489, 29|2493, 28|2497, 28|2527, 29|2534, 29|2549, 30|2554, 30|2583, 28|2589, 29|2604, 29|2641, 30|2706, 30|2745, 31|2764, 32|2778, 30|2835, 30|2874, 29|2888, 29|3003, 28|3008, 28|3048, 30|3068, 30|3161, 31|3174, 29|3184, 29|3199, 30|3207, 30|3212, 31|3217, 31|3245, 30|3249, 30|3303, 29|3308, 29|3333, 27|3340, 27|3381, 28|3387, 28|3424, 27|3431, 27|3648, 26|3695, 26|4010, http://www.vk.com, 
25|1, 25|958, 26|988, 27|1024, 27|1401, 35|1423, 35|1439, 44|1458, 44|1473, 26|1491, 26|2017, 25|2024, 25|2046, 26|2068, 26|2117, 27|2126, 27|2411, 26|2417, 26|3360, 25|3367, 25|4005, http://www.qq.com, 
24|1, 24|920, 26|1039, 26|1477, 25|1489, 25|2001, 24|2005, 24|4007, http://www.imgur.com, 
24|1, 24|944, 25|977, 24|1021, 26|1043, 26|1610, 28|1639, 28|1707, 29|1712, 30|1723, 30|1782, 28|1789, 29|1793, 28|1830, 28|2017, 25|2021, 25|4007, http://www.wikipedia.org, 
24|1, 24|1846, 30|1860, 30|2117, 40|2159, 50|2189, 50|2212, 54|2232, 54|2426, 63|2447, 63|2483, 71|2520, 74|2541, 74|2631, 87|2659, 87|2665, 90|2722, 89|2729, 100|2790, 100|2846, 101|2883, 94|2971, 97|3010, 103|3084, 108|3105, 118|3137, 118|3159, 119|3199, 119|3208, 115|3226, 115|3240, 114|3253, 114|3271, 112|3275, 112|3322, 111|3328, 109|3335, 107|3344, 107|3358, 105|3368, 105|3378, 106|3383, 109|3395, 109|3402, 104|3409, 104|3476, 102|3484, 102|3488, 100|3492, 100|3497, 98|3502, 98|3511, 96|3515, 96|3520, 93|3524, 93|3530, 91|3537, 90|3543, 90|3547, 86|3559, 83|3574, 83|3591, 82|3604, 82|3610, 80|3623, 80|3630, 79|3638, 79|3652, 78|3677, 78|3755, 76|3785, 76|3856, 75|3869, 75|3885, 70|3897, 66|3914, 66|4003, http://www.360.cn, 
24|1, 24|1490, 31|1516, 31|1889, 29|1897, 28|1905, 28|2496, 25|2504, 25|2512, 29|2543, 29|2556, 30|2579, 30|2594, 31|2603, 31|2626, 29|2631, 29|2635, 28|2650, 28|2655, 27|2660, 28|2665, 28|2709, 27|2722, 27|2904, 26|2909, 26|3439, 27|3455, 27|3464, 28|3478, 28|3555, 30|3562, 30|3587, 40|3594, 44|3604, 44|3637, 46|3643, 46|3649, 49|3654, 49|3693, 51|3704, 50|3710, 50|3714, 48|3719, 48|3749, 50|3759, 52|3771, 52|3798, 53|3815, 53|3839, 54|3846, 54|3857, 52|3864, 51|3880, 51|3928, 50|3934, 50|3942, 49|3949, 49|3973, 48|3979, 48|4034, http://www.taobao.com, 
24|1, 24|919, 25|983, 24|1042, 24|2555, 25|2570, 25|2857, 27|2870, 27|3170, 24|3174, 24|4002, http://www.google.com, 
24|1, 24|947, 26|1007, 26|1721, 27|1752, 27|1919, 28|1926, 28|1980, 26|1991, 26|2421, 27|2427, 27|2664, 28|2672, 28|2909, 27|2914, 27|3508, 26|3516, 26|3658, 25|3678, 25|3747, 26|3753, 26|3846, 27|3851, 27|4003, http://www.qq.com, 
24|1, 24|1027, 26|1091, 26|1647, 28|1676, 28|1903, 29|1917, 29|2066, 27|2076, 27|2453, 31|2460, 31|2659, 30|2664, 30|2895, 29|2909, 29|3100, 24|3105, 24|3322, 25|3339, 25|3391, 31|3402, 31|3562, 32|3575, 33|3585, 34|3594, 34|3601, 36|3613, 36|3635, 37|3647, 37|3707, 38|3747, 38|3822, 40|3843, 42|3866, 43|3955, 46|4049, http://www.sohu.com, 
24|1, 24|1106, 26|1142, 26|1865, 27|1880, 27|1917, 28|1941, 28|2027, 29|2051, 29|2108, 27|2134, 28|2163, 28|2281, 26|2303, 26|3142, 25|3146, 25|3825, 24|3829, 24|4002, http://www.qq.com, 
24|1, 24|898, 25|953, 24|1006, 24|1033, 26|1047, 26|1289, 34|1346, 42|1364, 42|1504, 25|1529, 25|1620, 26|1640, 26|1766, 27|1771, 27|1885, 28|1901, 28|1931, 30|1964, 30|2008, 29|2029, 29|2240, 30|2248, 33|2255, 33|2278, 30|2283, 30|2288, 25|2295, 25|2585, 26|2595, 31|2602, 31|2639, 25|2644, 25|2882, 24|2887, 24|2936, 25|2944, 25|3180, 26|3185, 26|3525, 28|3540, 28|3785, 29|3793, 29|4002, http://www.qq.com, 
24|1, 24|1065, 26|1129, 26|1873, 27|1928, 27|1960, 29|2018, 29|2045, 28|2115, 28|2179, 29|2231, 29|2414, 26|2437, 26|2562, 27|2573, 27|2900, 25|2906, 25|2915, 26|2922, 26|3114, 27|3122, 27|3199, 26|3206, 26|3549, 28|3561, 28|3878, 31|3887, 31|3910, 26|3916, 26|4005, http://www.qq.com, 
24|1, 24|845, 25|896, 25|965, 26|974, 24|999, 28|1009, 30|1028, 30|1260, 38|1272, 39|1283, 39|1322, 58|1342, 58|1397, 65|1415, 65|1432, 67|1441, 73|1449, 83|1482, 83|1546, 64|1580, 64|1611, 65|1633, 65|1655, 77|1683, 77|1690, 78|1704, 80|1724, 83|1731, 83|1745, 80|1753, 68|1767, 68|1776, 69|1781, 69|1874, 68|1881, 68|1943, 65|1958, 59|1978, 59|1983, 55|1990, 55|1995, 52|1999, 52|2004, 50|2020, 50|2183, 53|2191, 53|2203, 54|2223, 54|2265, 51|2270, 51|2296, 52|2305, 42|2310, 42|2315, 33|2327, 33|2484, 32|2489, 32|2512, 31|2517, 31|2522, 30|2529, 29|2537, 29|2670, 28|2678, 28|2776, 27|2780, 27|2819, 28|2829, 28|3111, 27|3119, 27|3205, 29|3218, 29|3263, 30|3268, 30|3504, 29|3510, 29|3583, 28|3590, 28|4002, http://www.sina.com.cn, 
24|1, 24|1075, 26|1137, 26|1587, 28|1606, 28|1678, 29|1685, 31|1691, 31|1756, 29|1764, 29|1769, 27|1774, 27|2099, 25|2105, 25|2140, 26|2145, 28|2151, 28|2231, 25|2244, 25|2377, 28|2395, 29|2426, 29|2452, 25|2479, 25|2672, 27|2678, 27|2747, 30|2794, 30|2815, 29|2849, 27|2855, 27|3069, 28|3081, 28|3153, 29|3161, 29|3241, 30|3248, 30|3304, 28|3312, 28|3317, 29|3346, 29|3400, 31|3435, 31|3483, 30|3490, 30|3604, 28|3610, 28|3666, 27|3674, 27|3779, 28|3786, 28|4003, http://www.amazon.com, 
24|1, 24|942, 26|963, 26|1488, 25|1504, 25|1949, 24|1954, 24|4002, http://www.imgur.com, 
24|1, 24|933, 26|1024, 26|1460, 28|1469, 28|1928, 29|1959, 27|1971, 27|2170, 28|2181, 28|2401, 29|2420, 29|2462, 27|2470, 27|2540, 28|2564, 28|2583, 34|2626, 34|2650, 35|2678, 35|2783, 36|2799, 36|3016, 37|3023, 38|3031, 40|3039, 40|3171, 39|3198, 38|3211, 38|3250, 39|3269, 41|3289, 41|3394, 42|3414, 43|3465, 46|3520, 46|3638, 48|3693, 49|3736, 50|3761, 47|3805, 46|3849, 47|3867, 48|3875, 48|3974, 49|3980, 49|4002, http://www.sohu.com, 
24|1, 24|948, 25|983, 24|1000, 26|1026, 26|1444, 28|1501, 28|1578, 30|1615, 30|1659, 29|1667, 29|1672, 28|1686, 28|1691, 30|1719, 30|1790, 27|1805, 27|1999, 25|2004, 25|3672, 26|3677, 27|3689, 27|3742, 25|3759, 25|4018, http://www.reddit.com, 
24|1, 24|935, 25|951, 25|984, 26|1026, 26|1440, 28|1550, 28|1594, 30|1635, 30|1654, 29|1669, 29|1682, 28|1693, 28|1825, 29|1855, 29|1895, 27|1904, 27|1995, 25|2012, 25|4012, http://www.reddit.com, 
24|1, 24|1521, 26|1617, 26|2353, 25|2370, 25|2545, 24|2554, 24|4001, http://www.vk.com, 
24|1, 24|1012, 25|1049, 24|1079, 26|1100, 26|1621, 28|1674, 28|1715, 31|1755, 31|1798, 29|1805, 29|1936, 27|1945, 27|2088, 25|2104, 25|2246, 29|2269, 29|2331, 25|2344, 25|2657, 35|2677, 35|2697, 25|2702, 25|2737, 27|2744, 27|2815, 30|2827, 30|2881, 29|2899, 27|2924, 27|3283, 28|3293, 28|3329, 29|3348, 29|3432, 30|3438, 30|3496, 29|3509, 29|3546, 30|3553, 30|3625, 31|3634, 31|3667, 30|3682, 30|3709, 28|3714, 28|3859, 27|3870, 27|3880, 29|3886, 29|4002, http://www.amazon.com, 
24|1, 24|1128, 26|1155, 26|1669, 28|1679, 28|1755, 31|1789, 31|1845, 27|1853, 27|2135, 26|2146, 25|2158, 25|2163, 26|2171, 29|2178, 29|2195, 32|2235, 33|2252, 26|2260, 26|2403, 30|2452, 30|2469, 28|2490, 28|2499, 29|2531, 33|2591, 33|2660, 27|2701, 27|2764, 28|2771, 28|2818, 29|2836, 29|3005, 28|3010, 28|3014, 29|3026, 29|3109, 30|3117, 30|3144, 31|3160, 31|3170, 29|3181, 30|3188, 30|3203, 31|3208, 31|3257, 32|3273, 32|3344, 31|3370, 31|3387, 32|3392, 32|3423, 33|3429, 33|3468, 34|3474, 34|3508, 33|3535, 33|3565, 35|3577, 35|3627, 33|3639, 33|3734, 30|3741, 30|3870, 31|3875, 32|3881, 32|3886, 36|3907, 37|3937, 38|4017, http://www.amazon.com, 
24|1, 24|1038, 26|1077, 26|1640, 28|1663, 28|1870, 29|1876, 29|2046, 27|2053, 27|2364, 30|2383, 30|2647, 29|2667, 29|2710, 25|2729, 25|2863, 24|2884, 24|2954, 25|2965, 25|3129, 26|3134, 26|3181, 27|3188, 31|3204, 34|3216, 34|3370, 35|3384, 35|3404, 36|3410, 36|3424, 40|3474, 40|3535, 41|3542, 41|3627, 42|3652, 45|3711, 45|3800, 46|3848, 46|4016, http://www.sohu.com, 
24|1, 24|1020, 26|1073, 26|1395, 29|1414, 33|1423, 34|1429, 34|1453, 43|1469, 43|1594, 25|1618, 25|1666, 26|1671, 26|1911, 27|1919, 27|2035, 26|2039, 26|2702, 29|2730, 30|2766, 30|2904, 29|2910, 29|2987, 30|2996, 30|3157, 31|3165, 31|3205, 32|3211, 32|3406, 33|3415, 33|3588, 37|3604, 37|3791, 43|3821, 37|3848, 38|3865, 38|3894, 40|3952, 40|4002, http://www.qq.com, 
24|1, 24|889, 26|933, 26|1261, 32|1320, 34|1335, 36|1380, 25|1394, 25|1746, 27|1760, 27|1896, 26|1904, 26|2030, 24|2034, 24|2039, 25|2046, 25|2345, 26|2352, 26|2570, 27|2576, 27|3169, 31|3178, 31|3468, 29|3479, 29|3493, 26|3503, 26|3559, 25|3577, 26|3601, 26|3824, 25|3839, 25|3848, 30|3856, 30|3910, 34|3922, 36|3943, 36|3950, 37|3962, 37|3972, 34|3979, 33|3985, 31|4000, 31|4004, http://www.jd.com, 
24|1, 24|972, 26|1085, 30|1137, 30|1259, 33|1283, 33|1408, 42|1445, 42|1566, 52|1596, 62|1677, 62|1807, 63|1822, 63|1890, 74|1902, 74|1923, 80|1934, 80|2050, 86|2058, 86|2071, 81|2085, 81|2091, 66|2107, 66|2193, 69|2200, 69|2211, 68|2217, 68|2257, 66|2274, 66|2381, 58|2398, 59|2410, 59|2431, 56|2437, 52|2444, 52|2484, 53|2491, 53|2501, 51|2507, 50|2514, 50|2578, 43|2585, 43|2590, 37|2595, 37|2634, 38|2641, 38|2795, 37|2805, 37|2831, 36|2836, 36|2911, 35|2916, 29|2928, 29|3162, 28|3166, 28|3658, 29|3667, 29|3810, 30|3815, 30|4006, http://www.sina.com.cn, 
24|1, 24|1078, 26|1090, 26|1704, 27|1772, 27|1937, 26|1942, 26|1953, 27|1959, 27|2079, 26|2085, 26|2588, 29|2603, 29|2614, 30|2629, 30|2683, 31|2713, 32|2733, 32|2738, 29|2748, 29|2807, 30|2813, 30|2872, 29|2880, 28|2887, 28|2946, 27|2958, 27|2987, 24|3015, 24|3101, 25|3118, 25|3143, 27|3151, 27|3212, 31|3229, 31|3242, 32|3253, 32|3272, 33|3279, 33|3338, 34|3354, 34|3380, 36|3395, 36|3416, 37|3423, 37|3447, 38|3458, 38|3467, 40|3480, 40|3498, 44|3507, 44|3541, 45|3553, 45|3558, 46|3572, 47|3587, 47|3595, 50|3606, 51|3620, 51|3631, 44|3640, 47|3696, 47|3836, 46|3931, 49|4052, http://www.jd.com, 
24|1, 24|900, 25|944, 29|972, 29|1317, 26|1344, 25|1369, 25|1580, 24|1597, 24|2001, 25|2009, 28|2027, 28|2065, 30|2078, 32|2085, 32|2113, 30|2119, 30|2186, 29|2191, 29|2195, 28|2201, 28|2561, 27|2569, 27|3380, 28|3391, 28|3414, 29|3429, 30|3438, 30|3447, 31|3458, 31|3493, 32|3502, 32|3603, 34|3621, 35|3646, 35|3659, 36|3673, 36|3736, 37|3750, 37|3831, 38|3845, 39|3873, 39|3904, 40|3930, 40|3950, 38|3967, 38|4003, http://www.tmall.com, 
24|1, 24|981, 25|999, 24|1036, 24|1071, 28|1084, 28|1111, 30|1131, 30|1152, 33|1162, 33|1202, 34|1220, 34|1232, 32|1239, 31|1293, 31|1456, 30|1505, 30|1713, 34|1749, 34|1761, 37|1783, 37|1808, 38|1829, 41|1847, 41|1881, 38|1886, 38|1922, 37|1926, 36|1946, 36|1980, 37|1985, 38|1993, 38|2100, 37|2118, 37|2144, 36|2149, 36|2330, 38|2359, 38|2391, 40|2431, 39|2458, 39|2466, 36|2476, 36|2526, 38|2553, 36|2569, 36|4003, http://www.facebook.com, 
24|1, 24|1278, 25|1356, 24|1458, 24|1526, 26|1586, 26|2053, 25|2079, 25|2512, 24|2520, 24|4005, http://www.imgur.com, 
24|1, 24|936, 25|963, 25|994, 26|1098, 26|1538, 28|1589, 28|1612, 30|1644, 30|1666, 31|1697, 28|1706, 28|1715, 27|1721, 27|1756, 28|1770, 28|1908, 29|1914, 29|1939, 27|1955, 27|1961, 28|2015, 27|2023, 27|2039, 26|2056, 27|2078, 27|2108, 26|2121, 26|3182, 27|3191, 31|3211, 31|3248, 33|3260, 38|3277, 38|3321, 37|3326, 36|3334, 31|3348, 31|3357, 33|3373, 33|3414, 32|3428, 31|3436, 31|3446, 28|3455, 28|3589, 29|3604, 29|3807, 28|3817, 28|3885, 29|3990, 29|4001, http://www.instagram.com, 
24|1, 24|1082, 25|1094, 25|1133, 24|1141, 24|1157, 27|1175, 28|1210, 28|1406, 29|1421, 29|1762, 32|1782, 32|1879, 34|1888, 34|1893, 37|1913, 40|1920, 43|1934, 50|1943, 54|1955, 54|2061, 52|2070, 52|2075, 50|2092, 50|2135, 55|2142, 55|2151, 56|2159, 56|2336, 55|2340, 55|2425, 54|2431, 54|2459, 64|2472, 65|2487, 66|2493, 67|2499, 71|2507, 78|2514, 78|2537, 81|2550, 81|2584, 82|2591, 83|2598, 84|2603, 84|2608, 85|2623, 85|2634, 81|2648, 81|2745, 80|2751, 80|2767, 77|2799, 77|2812, 70|2823, 70|2869, 72|2894, 72|2958, 70|2979, 70|2988, 68|3008, 69|3039, 69|3130, 67|3135, 65|3140, 65|3158, 64|3165, 64|3206, 67|3317, 61|3371, 61|3394, 51|3433, 51|3554, 52|3568, 54|3585, 60|3601, 62|3614, 62|3632, 52|3645, 52|3772, 47|3777, 47|3917, 44|3925, 44|4001, http://www.baidu.com, 
24|1, 24|983, 25|1021, 29|1072, 29|1416, 28|1432, 27|1438, 25|1463, 25|1770, 24|1775, 24|2065, 29|2090, 29|2117, 31|2128, 31|2146, 33|2166, 33|2171, 29|2186, 29|2209, 30|2218, 30|2228, 29|2233, 29|2267, 28|2276, 28|2451, 27|2456, 27|2778, 28|2783, 28|3004, 27|3013, 27|3391, 28|3461, 28|3686, 29|3708, 29|3909, 30|3918, 30|3980, 31|3989, 34|3996, 34|4005, http://www.tmall.com, 
24|1, 24|1113, 25|1174, 25|1188, 26|1233, 26|1785, 28|1817, 28|1882, 30|1899, 30|1941, 31|1948, 31|1964, 30|1972, 30|2165, 27|2171, 27|2212, 25|2226, 25|2246, 27|2253, 28|2325, 28|2338, 29|2371, 29|2401, 28|2423, 28|3163, 29|3216, 41|3417, 40|3440, 40|3487, 35|3500, 35|3576, 33|3597, 33|3632, 32|3641, 32|3699, 30|3707, 30|3785, 31|3792, 30|4051, http://www.instagram.com, 
24|1, 24|952, 25|964, 24|987, 26|1003, 26|1417, 44|1460, 44|1644, 25|1713, 25|1820, 26|1838, 26|1865, 27|1890, 28|1902, 29|1930, 30|1949, 31|1954, 31|1984, 30|1999, 30|2067, 31|2076, 31|2113, 32|2120, 32|2324, 33|2355, 33|2487, 34|2507, 36|2542, 37|2560, 37|2714, 38|2732, 36|2881, 36|3045, 35|3099, 33|3144, 29|3158, 27|3168, 27|3326, 26|3331, 26|3614, 25|3620, 25|4004, http://www.qq.com, 
24|1, 24|1054, 25|1098, 26|1192, 26|1659, 28|1680, 28|1704, 27|1713, 27|1794, 29|1802, 29|1894, 25|1906, 25|2122, 24|2128, 24|2907, 25|2913, 26|2922, 28|2928, 28|2943, 26|2950, 26|3250, 27|3255, 29|3263, 29|3297, 26|3302, 26|3306, 27|3312, 27|3336, 24|3395, 24|3419, 25|3426, 26|3435, 28|3444, 28|3453, 26|3459, 26|3500, 27|3510, 26|3522, 26|3595, 28|3621, 28|3695, 34|3754, 34|3795, 36|3870, 34|3926, 31|3987, 27|4031, http://www.netflix.com, 
24|1, 24|1094, 26|1173, 26|1581, 28|1613, 28|1742, 30|1759, 30|1767, 29|1772, 29|1834, 27|1851, 26|1857, 26|1866, 27|1877, 27|2116, 29|2125, 29|2134, 30|2140, 31|2148, 31|2168, 35|2200, 36|2220, 36|2247, 37|2256, 42|2286, 43|2306, 44|2337, 44|2370, 39|2393, 36|2401, 36|2419, 38|2441, 41|2480, 41|2500, 45|2510, 46|2533, 45|2552, 45|2594, 44|2607, 44|2612, 43|2626, 43|2633, 33|2637, 33|2648, 31|2658, 31|2676, 29|2696, 29|3407, 30|3418, 30|3459, 32|3470, 32|3477, 33|3489, 33|3522, 32|3534, 32|3541, 30|3553, 31|3561, 31|3659, 34|3665, 33|3679, 33|3762, 34|3775, 34|3803, 37|3816, 37|3877, 36|3891, 36|3896, 35|3916, 35|3935, 29|3946, 29|4003, http://www.yahoo.com, 
24|1, 24|854, 25|962, 25|1001, 31|1084, 31|1387, 30|1439, 29|1485, 29|1547, 31|1590, 31|1752, 28|1757, 28|1869, 27|1874, 27|2011, 24|2025, 24|2072, 27|2093, 27|2182, 26|2188, 26|2689, 27|2695, 28|2702, 28|2791, 32|2797, 32|2819, 37|2826, 37|2877, 39|2883, 43|2889, 43|2898, 45|2904, 45|2910, 46|2916, 46|2950, 43|2955, 43|2960, 45|2966, 46|2976, 46|2981, 45|2985, 45|3000, 44|3011, 44|3021, 43|3025, 43|3035, 45|3042, 45|3103, 46|3108, 48|3116, 48|3121, 50|3126, 50|3131, 52|3136, 54|3142, 54|3169, 55|3189, 55|3213, 53|3224, 53|3230, 52|3259, 50|3264, 50|3269, 48|3280, 50|3293, 50|3462, 49|3476, 49|3773, 51|3791, 51|3847, 52|3872, 52|4004, http://www.taobao.com, 
24|1, 24|912, 25|955, 24|1003, 28|1025, 28|1221, 29|1241, 29|1533, 32|1580, 32|1692, 34|1702, 34|1714, 42|1723, 42|1738, 43|1742, 50|1749, 50|1844, 48|1853, 48|1942, 52|1967, 56|1975, 56|2096, 55|2100, 55|2194, 56|2199, 56|2227, 57|2233, 59|2246, 60|2252, 61|2257, 61|2276, 72|2293, 72|2314, 77|2320, 77|2342, 75|2359, 75|2369, 74|2391, 74|2401, 75|2407, 76|2421, 76|2488, 77|2509, 77|2526, 76|2539, 74|2569, 74|2596, 73|2615, 69|2657, 69|2707, 70|2777, 67|2805, 67|2841, 68|2893, 79|2912, 88|2930, 88|2938, 74|2963, 72|3012, 71|3036, 71|3077, 70|3085, 70|3099, 71|3110, 71|3205, 91|3294, 83|3362, 69|3414, 55|3457, 58|3492, 59|3509, 58|3538, 45|3552, 45|3604, 47|3612, 47|3639, 45|3646, 45|3718, 42|3722, 42|3775, 37|3779, 37|3784, 38|3790, 40|3798, 40|3826, 37|3832, 37|3846, 35|3868, 35|3961, 36|3967, 36|3977, 37|3988, 37|4008, http://www.baidu.com, 
24|1, 24|1140, 26|1212, 26|1784, 28|1809, 28|1901, 29|1910, 30|1921, 30|2001, 28|2020, 28|2144, 26|2166, 26|2283, 25|2339, 25|4002, http://www.wikipedia.org, 
24|1, 24|999, 26|1019, 26|1587, 28|1608, 28|1794, 29|1803, 29|2002, 27|2006, 27|2438, 30|2473, 30|2567, 29|2613, 29|2784, 28|2818, 28|3099, 29|3105, 29|3255, 25|3260, 25|3347, 26|3353, 26|3362, 27|3369, 32|3377, 32|3549, 33|3557, 34|3568, 34|3584, 35|3591, 35|3628, 36|3634, 36|3673, 38|3704, 38|3740, 43|3901, 43|3958, 45|3972, 45|4018, http://www.sohu.com, 
24|1, 24|1007, 25|1037, 25|1047, 24|1076, 24|1087, 26|1099, 26|1658, 25|1690, 25|2044, 26|2054, 26|2079, 25|2097, 25|2290, 26|2295, 26|2860, 30|2869, 30|3170, 25|3177, 25|3286, 24|3294, 24|3581, 26|3590, 26|3610, 27|3615, 27|3621, 29|3635, 30|3642, 30|3664, 31|3674, 32|3690, 32|3745, 33|3750, 33|3788, 36|3794, 36|3836, 39|3847, 39|3879, 40|3887, 40|3898, 42|3935, 47|4023, http://www.jd.com, 
24|1, 24|1060, 25|1084, 24|1117, 24|1152, 26|1207, 26|1640, 28|1680, 28|1726, 27|1743, 27|1824, 28|1840, 28|1879, 29|1888, 29|1931, 27|1937, 27|1945, 28|1955, 28|1978, 27|1985, 27|2126, 26|2133, 26|2137, 27|2142, 27|2164, 30|2200, 35|2228, 36|2244, 36|2264, 34|2275, 34|2311, 35|2331, 35|2336, 36|2367, 37|2372, 39|2378, 39|2393, 37|2402, 37|2408, 36|2419, 36|2435, 37|2457, 34|2469, 34|2480, 35|2493, 42|2504, 42|2567, 36|2591, 36|2596, 37|2611, 38|2622, 38|2637, 37|2663, 32|2710, 34|2769, 30|2789, 30|2897, 29|2915, 29|3486, 31|3492, 31|3500, 32|3508, 32|3566, 33|3582, 33|3619, 31|3624, 31|3634, 29|3640, 29|3655, 31|3660, 31|3729, 30|3741, 30|3746, 31|3763, 31|3885, 30|3899, 30|3976, 29|3981, 29|3990, 30|3996, 30|4002, http://www.yahoo.com, 
24|1, 24|970, 25|1032, 24|1100, 24|2079, 25|2093, 25|2214, 26|2254, 24|2292, 24|2356, 25|2384, 25|2612, 24|2632, 24|4005, http://www.google.com, 
24|1, 24|984, 26|1018, 26|1573, 28|1585, 28|1653, 29|1659, 30|1665, 30|1697, 31|1710, 31|1719, 28|1723, 27|1733, 27|1774, 28|1779, 28|1958, 26|1989, 27|2010, 27|2038, 28|2138, 28|2156, 27|2171, 27|3206, 28|3222, 28|3252, 31|3326, 32|3385, 30|3453, 33|3516, 33|3570, 30|3582, 30|3921, 29|3950, 29|4018, http://www.instagram.com, 
24|1, 24|919, 26|1017, 26|1524, 28|1530, 28|1613, 31|1633, 31|1691, 29|1699, 29|1801, 27|1808, 27|1941, 25|1956, 25|2390, 29|2400, 32|2419, 32|2493, 25|2498, 25|3139, 26|3159, 27|3178, 27|3238, 30|3268, 30|3329, 27|3346, 27|3413, 28|3424, 28|3463, 29|3470, 29|3740, 30|3750, 30|3803, 29|3829, 29|3950, 31|3977, 30|3984, 30|4006, http://www.amazon.com, 
24|1, 24|1016, 25|1085, 24|1094, 26|1144, 26|1622, 28|1668, 28|1745, 30|1767, 30|1807, 28|1824, 28|2064, 27|2068, 27|2107, 25|2119, 25|4005, http://www.wikipedia.org, 
24|1, 24|958, 25|1009, 26|1040, 26|1616, 27|1636, 28|1643, 28|2018, 26|2035, 26|2152, 27|2159, 27|2400, 28|2411, 28|2535, 29|2552, 29|2630, 27|2636, 27|2661, 34|2683, 34|2781, 35|2804, 35|2886, 36|2896, 36|2985, 38|3009, 40|3077, 40|3202, 41|3248, 43|3288, 43|3394, 42|3405, 42|3430, 41|3445, 41|3494, 43|3524, 43|3555, 44|3565, 44|3620, 45|3670, 45|3766, 51|3867, 46|3909, 46|3932, 44|3979, 45|3995, 45|4001, http://www.sohu.com, 
24|1, 24|913, 25|950, 25|1007, 26|1062, 26|1603, 25|1617, 25|1649, 26|1660, 28|1677, 28|1791, 30|1798, 30|1887, 27|1900, 27|2016, 26|2036, 26|2134, 25|2138, 25|2267, 29|2286, 29|2303, 27|2307, 27|2568, 28|2574, 30|2581, 30|2622, 29|2647, 29|2663, 26|2669, 26|2674, 25|2680, 25|2719, 26|2728, 29|2744, 29|2755, 27|2760, 27|2792, 28|2805, 28|2809, 27|2821, 27|2864, 29|2880, 29|2904, 35|2964, 35|3030, 31|3068, 33|3121, 31|3156, 31|3170, 26|3310, 28|3373, 28|3441, 27|3458, 28|3507, 28|3557, 29|3580, 29|3604, 31|3623, 31|3722, 29|3728, 29|3735, 30|3743, 30|3834, 28|3840, 28|3854, 30|3862, 30|3921, 29|3945, 29|4004, http://www.netflix.com, 
24|1, 24|1075, 28|1104, 28|1346, 29|1372, 29|1637, 30|1646, 32|1662, 32|1774, 34|1796, 42|1802, 42|1815, 46|1824, 46|1932, 44|1941, 44|1951, 43|1972, 43|2022, 47|2044, 47|2172, 51|2180, 51|2279, 50|2289, 51|2300, 51|2315, 50|2321, 53|2328, 55|2341, 55|2347, 57|2353, 59|2359, 59|2381, 60|2387, 67|2394, 67|2425, 70|2438, 70|2456, 62|2489, 62|2542, 63|2548, 63|2614, 62|2619, 62|2624, 60|2629, 62|2635, 62|2647, 61|2653, 61|2686, 58|2691, 58|2695, 59|2701, 61|2717, 62|2723, 64|2732, 64|2739, 65|2744, 65|2843, 68|2860, 68|2972, 70|2988, 70|3002, 71|3018, 67|3047, 67|3096, 81|3142, 84|3177, 77|3251, 81|3298, 71|3319, 71|3354, 76|3399, 85|3437, 86|3445, 79|3455, 79|3464, 77|3484, 77|3498, 76|3504, 76|3531, 75|3538, 75|3549, 73|3565, 73|3637, 71|3643, 73|3650, 73|3656, 75|3662, 78|3669, 78|3675, 81|3686, 83|3692, 85|3698, 87|3705, 88|3712, 85|3731, 70|3755, 62|3760, 62|3765, 58|3779, 58|3783, 55|3798, 55|3874, 49|3882, 50|3890, 50|3930, 51|3944, 51|3966, 56|3976, 56|4005, http://www.baidu.com, 
24|1, 24|941, 25|973, 24|1016, 26|1027, 26|1596, 25|1638, 25|1798, 26|1807, 26|1822, 28|1829, 28|1959, 30|1973, 30|2019, 29|2024, 29|2039, 25|2067, 25|2414, 26|2422, 28|2432, 29|2437, 29|2459, 27|2463, 27|2819, 26|2824, 26|2830, 25|2837, 25|2928, 26|2936, 30|2958, 30|2967, 27|2976, 27|2986, 28|3006, 28|3053, 29|3059, 29|3169, 27|3180, 27|3226, 29|3251, 29|3280, 31|3287, 31|3359, 33|3384, 36|3426, 30|3452, 30|3575, 32|3615, 31|3750, 31|3769, 29|3816, 29|3843, 32|3885, 32|3934, 31|3954, 31|3966, 30|3976, 30|4009, http://www.netflix.com, 
24|1, 24|920, 25|954, 24|988, 26|1006, 26|1574, 28|1611, 28|1676, 30|1697, 30|1754, 28|1788, 28|1981, 25|1993, 25|4004, http://www.wikipedia.org, 
24|1, 24|963, 29|1047, 29|1380, 25|1419, 25|1754, 24|1762, 24|2059, 29|2093, 31|2103, 31|2174, 29|2180, 29|2205, 28|2212, 28|2609, 27|2617, 27|3256, 28|3282, 29|3293, 29|3454, 30|3473, 30|3541, 31|3554, 31|3647, 33|3669, 33|3709, 34|3749, 34|3770, 35|3789, 35|3846, 36|3871, 36|3924, 38|3938, 38|3947, 39|3953, 38|3969, 39|3996, 40|4014, http://www.tmall.com, 
24|1, 24|995, 25|1024, 24|1113, 26|1175, 26|1690, 28|1746, 28|1790, 27|1804, 27|1851, 29|1874, 29|1961, 25|1976, 25|2034, 26|2040, 26|2100, 25|2109, 25|2285, 24|2297, 24|2498, 25|2507, 28|2515, 28|2759, 26|2764, 26|2770, 29|2786, 29|2809, 28|2816, 30|2830, 30|2858, 28|2867, 27|2886, 27|2898, 28|2915, 28|3002, 26|3008, 26|3128, 28|3141, 28|3160, 30|3178, 30|3194, 32|3215, 33|3231, 33|3294, 30|3324, 30|3341, 27|3420, 28|3477, 29|3544, 30|3592, 30|3607, 26|3665, 27|3705, 27|3738, 29|3775, 29|3808, 30|3819, 30|3838, 29|3844, 29|3874, 31|3891, 31|3910, 29|3915, 29|3953, 30|3969, 30|3978, 28|3987, 28|4003, http://www.netflix.com, 
24|1, 24|1103, 26|1158, 26|2080, 28|2086, 28|2103, 26|2107, 26|2112, 27|2126, 27|2824, 29|2854, 29|3072, 28|3078, 28|3093, 27|3115, 27|3219, 24|3233, 24|3483, 25|3493, 25|3663, 26|3680, 26|3733, 27|3743, 27|3908, 28|3923, 28|3945, 29|3964, 30|3973, 31|3989, 31|4017, http://www.sohu.com, 
24|1, 24|1164, 25|1182, 24|1201, 24|1217, 28|1266, 28|1456, 29|1478, 29|1822, 32|1839, 32|1869, 34|1885, 34|1898, 35|1904, 48|1919, 50|1928, 50|2117, 53|2128, 51|2148, 51|2331, 50|2335, 50|2407, 49|2415, 49|2431, 51|2437, 57|2451, 57|2456, 61|2463, 61|2569, 71|2582, 71|2587, 72|2596, 73|2603, 73|2607, 77|2616, 77|2631, 78|2642, 78|2647, 79|2662, 69|2695, 69|2727, 68|2735, 68|2739, 67|2744, 67|2750, 65|2756, 65|2826, 68|2837, 68|2863, 65|2872, 65|2887, 67|2895, 67|2918, 69|2947, 69|2985, 67|3000, 67|3016, 66|3022, 66|3066, 68|3079, 69|3090, 69|3116, 70|3150, 70|3178, 71|3197, 82|3213, 81|3223, 81|3244, 75|3257, 75|3271, 64|3275, 64|3281, 65|3302, 65|3315, 66|3337, 69|3390, 69|3400, 62|3441, 58|3511, 59|3588, 57|3620, 56|3634, 46|3670, 46|3685, 42|3701, 42|3717, 43|3741, 44|3767, 41|3782, 40|3796, 40|3867, 37|3872, 37|3978, 39|3987, 40|3994, 40|4003, http://www.baidu.com, 
24|1, 24|973, 33|1155, 33|1229, 32|1240, 32|1252, 31|1271, 31|1363, 30|1374, 30|1702, 29|1717, 31|1734, 37|1744, 37|1796, 40|1839, 40|1881, 39|1901, 39|1947, 38|1960, 38|2003, 40|2011, 40|2086, 37|2107, 37|2131, 36|2142, 36|4008, http://www.facebook.com, 
24|1, 24|863, 25|899, 24|933, 24|950, 26|982, 26|1435, 28|1467, 28|1511, 29|1543, 29|1583, 31|1589, 31|1604, 28|1609, 28|1613, 27|1628, 27|1664, 28|1670, 28|1810, 27|1815, 27|1886, 29|1894, 29|1915, 27|1933, 27|1948, 26|1967, 26|2018, 27|2039, 27|2078, 26|2096, 26|3229, 27|3236, 27|3246, 31|3255, 31|3308, 33|3324, 38|3339, 38|3368, 37|3374, 37|3393, 36|3405, 36|3410, 29|3417, 31|3423, 33|3447, 33|3478, 32|3496, 32|3519, 31|3525, 31|3541, 28|3545, 28|3627, 29|3649, 29|3837, 28|3845, 28|3855, 29|3919, 29|4053, http://www.instagram.com, 
24|1, 24|1066, 25|1105, 25|1266, 28|1278, 28|1335, 29|1345, 32|1378, 32|1587, 31|1666, 31|1714, 29|1730, 29|1754, 30|1760, 30|1876, 29|1882, 29|1988, 28|1993, 28|2320, 30|2325, 30|2331, 31|2336, 30|2342, 27|2348, 27|2427, 26|2432, 26|2629, 27|2635, 28|2642, 28|2729, 35|2735, 38|2742, 38|2756, 39|2762, 43|2769, 43|2786, 44|2797, 44|2824, 45|2830, 45|2835, 51|2863, 51|2873, 54|2880, 56|2894, 58|2903, 57|2912, 54|2932, 54|2947, 52|2958, 52|2963, 51|2973, 55|2981, 55|3016, 54|3025, 53|3036, 52|3041, 52|3228, 51|3248, 51|3360, 52|3373, 52|3427, 51|3434, 51|3446, 50|3468, 50|3601, 53|3639, 53|3740, 52|3750, 52|3948, 53|3955, 53|3964, 51|3972, 47|3981, 46|3994, 46|4001, http://www.taobao.com, 
24|1, 24|1118, 25|1178, 25|1192, 27|1240, 31|1290, 31|1558, 30|1636, 30|1683, 29|1700, 29|1712, 31|1758, 31|1914, 28|1919, 28|1990, 27|1999, 27|2243, 24|2259, 24|2317, 28|2323, 28|2428, 26|2434, 26|2725, 27|2736, 28|2747, 28|2828, 33|2839, 45|2845, 47|2850, 47|2882, 48|2888, 48|2899, 51|2904, 51|2942, 52|2958, 52|2965, 51|2970, 51|2986, 50|2996, 50|3016, 55|3033, 54|3045, 53|3052, 52|3064, 52|3079, 54|3092, 54|3141, 50|3172, 50|3339, 48|3366, 48|3436, 49|3461, 49|3475, 50|3490, 50|3501, 51|3510, 52|3521, 53|3535, 53|3575, 52|3585, 52|3782, 49|3790, 49|3877, 46|3883, 46|3903, 45|3910, 45|4002, http://www.taobao.com, 
24|1, 24|927, 25|999, 26|1033, 26|1403, 29|1419, 34|1429, 34|1449, 36|1472, 36|1581, 25|1599, 25|1648, 26|1680, 26|1882, 25|1892, 25|2015, 24|2032, 24|2437, 25|2449, 25|2664, 26|2671, 26|3280, 29|3297, 29|3658, 28|3670, 24|3678, 24|4003, http://www.jd.com, 
24|1, 24|950, 25|979, 24|986, 28|1010, 28|1035, 30|1073, 32|1084, 32|1174, 33|1213, 33|1219, 32|1255, 32|1352, 31|1363, 31|1372, 30|1385, 30|1637, 31|1676, 31|1692, 37|1718, 37|1740, 35|1757, 35|1768, 41|1795, 41|1806, 40|1832, 37|1866, 35|1881, 35|1897, 38|1905, 39|1929, 39|2136, 38|2141, 38|4001, http://www.facebook.com, 
24|1, 24|1087, 25|1122, 26|1144, 26|1647, 28|1664, 28|1735, 27|1745, 27|1778, 29|1808, 29|1890, 27|1900, 26|1912, 27|1917, 27|2078, 26|2092, 30|2143, 32|2160, 36|2178, 36|2217, 35|2224, 35|2244, 39|2270, 39|2342, 37|2369, 37|2408, 34|2445, 40|2475, 40|2505, 42|2524, 42|2568, 36|2574, 38|2583, 38|2588, 39|2594, 39|2600, 34|2635, 37|2675, 37|2727, 31|2743, 31|2825, 29|2846, 29|3457, 30|3481, 30|3515, 31|3530, 31|3584, 32|3591, 32|3679, 30|3694, 30|3711, 29|3724, 29|3736, 32|3774, 32|3820, 31|3851, 31|3965, 30|3973, 30|4004, http://www.yahoo.com, 
24|1, 24|940, 25|957, 25|981, 30|1019, 32|1034, 32|1059, 46|1067, 46|1316, 48|1324, 58|1338, 61|1347, 61|1380, 83|1398, 95|1431, 112|1449, 112|1511, 109|1532, 96|1543, 96|1858, 99|1875, 99|1990, 104|2007, 53|2014, 51|2025, 51|2048, 37|2054, 37|2172, 36|2185, 35|2204, 35|2500, 34|2505, 34|2545, 37|2551, 37|2680, 39|2690, 39|2764, 40|2773, 40|2795, 41|2801, 41|2971, 40|2976, 40|2991, 34|2998, 34|3130, 33|3134, 33|3281, 34|3289, 34|3363, 35|3371, 35|3578, 34|3584, 34|3599, 33|3606, 33|3651, 32|3660, 32|3676, 31|3686, 31|3873, 32|3879, 33|3888, 33|3916, 34|3922, 34|4004, http://www.sina.com.cn, 
28|1, 28|953, 29|988, 29|1009, 30|1054, 30|1540, 31|1600, 31|1787, 30|1798, 30|1813, 31|1829, 31|2026, 30|2040, 30|2467, 34|2475, 34|2762, 29|2782, 29|2825, 28|2830, 28|3032, 29|3042, 29|3062, 30|3079, 31|3087, 31|3139, 33|3151, 35|3177, 36|3184, 36|3207, 37|3214, 37|3272, 38|3279, 38|3323, 39|3328, 40|3334, 41|3348, 41|3391, 42|3406, 42|3412, 44|3419, 44|3424, 46|3432, 47|3443, 47|3493, 48|3505, 48|3520, 49|3533, 49|3555, 51|3585, 51|3651, 54|3690, 54|3747, 50|3794, 51|3837, 52|3872, 51|3936, 51|3960, 47|3999, 47|4016, http://www.jd.com, 
28|1, 28|1047, 29|1067, 29|1085, 28|1111, 28|2122, 50|2143, 50|2177, 53|2190, 53|2406, 72|2543, 109|2651, 108|2671, 108|2836, 106|2846, 106|2910, 107|2957, 107|3131, 138|3183, 140|3210, 140|3245, 138|3255, 138|3286, 140|3299, 140|3350, 137|3355, 135|3361, 135|3367, 134|3373, 130|3383, 130|3396, 128|3402, 128|3407, 127|3414, 127|3460, 126|3466, 126|3480, 125|3487, 122|3496, 122|3517, 118|3522, 118|3530, 117|3536, 115|3542, 115|3557, 113|3563, 113|3579, 109|3584, 109|3589, 107|3593, 107|3610, 105|3614, 105|3619, 103|3624, 103|3767, 102|3785, 102|3799, 101|3808, 101|3841, 99|3846, 99|3877, 97|3882, 97|3889, 95|3894, 95|3899, 91|3903, 91|3918, 89|3928, 89|3937, 87|3943, 87|3948, 83|3953, 79|3962, 79|3978, 77|3984, 75|4001, http://www.360.cn, 
28|1, 28|884, 29|900, 28|948, 28|967, 29|974, 34|981, 34|1043, 38|1095, 38|1100, 37|1173, 37|1334, 35|1346, 34|1359, 34|1642, 33|1650, 33|1659, 35|1668, 35|1688, 41|1696, 41|1738, 39|1747, 42|1757, 43|1765, 45|1771, 45|1807, 44|1816, 44|1830, 41|1839, 39|1845, 39|1869, 38|1883, 38|1887, 40|1903, 40|4001, http://www.facebook.com, 
28|1, 28|939, 29|962, 29|974, 28|988, 28|993, 34|1066, 38|1110, 38|1130, 37|1159, 37|1361, 34|1397, 34|1657, 35|1684, 41|1705, 41|1761, 39|1768, 41|1783, 43|1789, 43|1851, 42|1860, 41|1866, 40|1875, 40|1886, 39|1897, 39|1901, 42|1917, 42|2071, 41|2111, 41|4002, http://www.facebook.com, 
28|1, 28|1047, 30|1098, 30|1867, 31|1879, 31|2028, 30|2034, 30|2484, 34|2490, 34|2863, 33|2871, 29|2880, 29|2902, 28|2932, 28|3017, 29|3028, 29|3063, 30|3091, 31|3106, 31|3170, 33|3182, 33|3199, 34|3212, 34|3239, 35|3254, 35|3264, 36|3270, 37|3280, 37|3322, 39|3333, 40|3340, 40|3416, 41|3427, 42|3436, 42|3450, 43|3456, 44|3462, 44|3481, 45|3489, 46|3495, 46|3553, 47|3558, 47|3607, 48|3615, 48|3678, 49|3710, 49|3783, 50|3815, 51|3852, 50|3917, 49|3940, 49|3949, 47|3978, 47|4014, http://www.jd.com, 
28|1, 28|853, 29|910, 30|921, 30|1821, 29|1828, 29|1856, 30|1864, 30|1870, 31|1876, 31|1903, 30|1918, 30|2633, 33|2648, 33|2861, 32|2879, 32|2967, 28|2982, 28|3301, 29|3323, 29|3343, 31|3351, 31|3386, 34|3404, 35|3414, 36|3421, 36|3439, 37|3451, 37|3547, 38|3556, 38|3579, 39|3586, 40|3596, 40|3617, 41|3625, 41|3642, 42|3649, 44|3659, 46|3671, 46|3724, 47|3735, 47|3782, 48|3809, 48|3857, 49|3873, 49|4002, http://www.jd.com, 
28|1, 28|1066, 29|1122, 35|1144, 42|1159, 42|1181, 51|1233, 48|1272, 46|1297, 46|1307, 49|1351, 48|1370, 46|1379, 46|1388, 44|1417, 44|1489, 42|1514, 42|1612, 44|1658, 44|1799, 42|1805, 42|1881, 41|1889, 41|2050, 43|2073, 43|2499, 45|2529, 45|2542, 47|2616, 47|2730, 43|2759, 43|2826, 45|2847, 45|2863, 44|2933, 43|2953, 44|2999, 44|3027, 43|3033, 44|3043, 44|3073, 42|3083, 42|3257, 41|3267, 41|3384, 42|3388, 42|4001, http://www.linkedin.com, 
28|1, 28|936, 29|968, 28|1042, 42|1072, 42|1087, 55|1151, 56|1158, 54|1275, 54|1399, 52|1420, 52|1429, 51|1438, 49|1449, 48|1456, 48|1486, 45|1502, 45|1512, 43|1522, 43|1540, 42|1555, 42|1624, 44|1652, 44|1817, 42|1833, 42|1865, 41|1882, 41|2076, 43|2083, 43|2432, 45|2543, 45|2564, 47|2627, 47|2652, 43|2684, 43|2767, 41|2816, 41|2838, 43|2861, 43|3025, 42|3041, 42|3057, 41|3061, 41|3079, 42|3090, 42|4006, http://www.linkedin.com, 
28|1, 28|985, 29|1000, 29|1049, 43|1089, 51|1124, 52|1138, 56|1148, 57|1158, 59|1167, 59|1284, 63|1308, 63|1360, 67|1389, 67|1453, 83|1476, 83|1498, 86|1515, 78|1547, 69|1561, 69|1599, 68|1623, 68|1660, 71|1712, 65|1737, 64|1751, 64|1839, 66|1868, 66|1990, 65|1998, 65|2041, 60|2048, 60|2055, 58|2066, 58|2071, 57|2079, 57|2086, 56|2099, 52|2110, 49|2115, 48|2124, 48|2130, 44|2144, 43|2149, 44|2161, 41|2195, 41|2274, 40|2289, 37|2295, 43|2345, 43|2403, 42|2408, 42|2516, 41|2528, 42|2535, 41|2560, 40|2572, 40|2660, 41|2669, 41|2913, 42|2922, 42|2932, 41|2947, 41|2983, 42|3004, 42|3078, 44|3089, 44|3108, 45|3119, 45|3173, 47|3205, 44|3231, 44|3288, 38|3316, 38|3322, 37|3339, 37|3351, 38|3365, 38|3431, 40|3451, 40|3466, 43|3477, 43|3482, 42|3489, 42|3672, 46|3685, 46|3695, 47|3705, 47|3744, 46|3782, 46|3812, 47|3834, 48|3863, 48|3927, 49|3937, 49|3954, 47|3980, 45|3989, 44|3994, 44|4003, http://www.sina.com.cn, 
28|1, 28|813, 29|853, 29|885, 28|924, 30|944, 30|1439, 29|1459, 29|1934, 28|1945, 28|4002, http://www.imgur.com, 
28|1, 28|950, 30|995, 30|1660, 32|1679, 32|1778, 31|1782, 31|1885, 32|1897, 32|1968, 31|1982, 31|2101, 34|2115, 34|2549, 29|2557, 29|2879, 28|2884, 28|4004, http://www.live.com, 
28|1, 28|934, 29|1001, 29|1014, 28|1031, 29|1062, 32|1094, 32|1435, 31|1445, 29|1474, 29|1695, 28|1700, 28|2094, 34|2131, 34|2217, 32|2223, 31|2228, 31|2234, 30|2241, 30|2246, 31|2258, 31|2482, 30|2489, 30|3031, 31|3059, 31|3103, 32|3121, 32|3258, 33|3282, 33|3327, 34|3335, 34|3408, 35|3426, 35|3466, 36|3479, 36|3530, 38|3539, 38|3562, 39|3581, 39|3658, 40|3664, 40|3684, 41|3701, 41|3751, 42|3758, 42|3808, 41|3816, 42|3836, 43|3850, 43|3905, 44|3915, 44|4007, http://www.tmall.com, 
28|1, 28|975, 29|988, 29|1026, 30|1051, 30|1741, 32|1759, 32|1890, 31|1896, 31|2019, 30|2030, 30|2144, 32|2150, 32|2588, 30|2596, 30|2600, 28|2605, 28|2754, 29|2761, 29|2769, 28|2777, 28|4005, http://www.live.com, 
28|1, 28|877, 29|924, 29|955, 28|991, 32|1013, 32|1228, 36|1259, 36|1574, 33|1617, 33|1766, 32|1783, 32|1992, 29|2011, 29|2226, 28|2232, 28|2453, 32|2459, 32|2555, 29|2560, 29|2578, 30|2586, 30|2818, 29|2827, 29|3272, 31|3280, 31|3313, 33|3325, 33|3369, 32|3377, 32|3401, 33|3408, 34|3414, 49|3426, 49|3455, 50|3461, 52|3469, 56|3475, 56|3515, 55|3524, 55|3536, 52|3542, 51|3552, 52|3559, 56|3574, 57|3580, 57|3591, 58|3600, 61|3607, 60|3615, 59|3621, 59|3641, 58|3652, 59|3657, 61|3663, 61|3667, 60|3673, 59|3680, 59|3698, 57|3703, 57|3708, 56|3715, 55|3723, 55|3736, 54|3742, 54|3779, 53|3788, 54|4006, http://www.taobao.com, 
28|1, 28|1004, 29|1018, 29|1055, 28|1098, 30|1106, 30|1695, 32|1720, 32|1905, 34|1912, 34|1970, 32|1985, 32|1989, 31|2002, 31|2099, 29|2107, 29|2283, 32|2328, 32|2357, 29|2363, 29|2429, 30|2446, 30|4008, http://www.reddit.com, 
28|1, 28|992, 29|1030, 33|1063, 33|1277, 34|1301, 34|1556, 37|1593, 37|1619, 44|1709, 44|1749, 58|1763, 73|1820, 73|1825, 74|1831, 74|1854, 73|1862, 73|1866, 81|1927, 81|2044, 78|2053, 78|2299, 79|2310, 136|2368, 147|2386, 147|2618, 143|2629, 143|2670, 145|2683, 145|2730, 146|2748, 146|2764, 145|2806, 146|2880, 138|2913, 139|2944, 139|2954, 141|3004, 139|3050, 139|3124, 137|3152, 135|3177, 128|3193, 126|3204, 122|3218, 117|3231, 117|3242, 114|3256, 111|3280, 111|3295, 109|3321, 102|3334, 96|3354, 89|3367, 83|3396, 71|3447, 71|3905, 70|3911, 70|4001, http://www.360.cn, 
28|1, 28|1136, 30|1166, 30|1405, 32|1419, 38|1443, 40|1466, 40|1488, 39|1500, 39|1598, 29|1670, 29|2130, 28|2150, 28|2443, 29|2452, 29|2498, 30|2503, 30|3226, 31|3233, 31|3268, 29|3331, 29|3495, 28|3504, 28|4007, http://www.jd.com, 
28|1, 28|1117, 30|1133, 30|1658, 32|1685, 32|1746, 34|1874, 34|1933, 33|1938, 31|1962, 31|2123, 29|2128, 29|3335, 30|3340, 30|3372, 32|3389, 32|4007, http://www.reddit.com, 
28|1, 28|974, 29|985, 29|992, 28|1038, 30|1054, 30|1593, 32|1625, 32|1718, 33|1725, 33|1753, 35|1767, 35|1800, 34|1806, 34|1821, 32|1826, 32|2021, 31|2027, 31|2031, 30|2036, 29|2046, 29|2092, 34|2133, 34|2171, 29|2187, 29|4012, http://www.reddit.com, 
28|1, 28|1008, 29|1027, 28|1060, 33|1082, 33|1292, 34|1338, 34|1524, 38|1537, 38|1664, 40|1721, 67|1779, 71|1798, 75|1832, 75|1944, 83|1976, 83|2064, 82|2080, 82|2272, 89|2277, 94|2313, 137|2358, 147|2371, 147|2550, 144|2563, 144|2578, 142|2594, 142|2600, 140|2641, 143|2674, 143|2733, 145|2815, 142|2869, 144|2922, 142|2936, 137|2954, 136|2976, 136|3051, 134|3063, 134|3080, 133|3086, 133|3090, 132|3105, 132|3123, 130|3132, 127|3140, 126|3151, 126|3166, 120|3189, 118|3195, 114|3209, 101|3225, 99|3235, 99|3249, 97|3254, 98|3274, 98|3280, 94|3286, 94|3296, 82|3363, 80|3371, 80|3381, 76|3399, 71|3447, 71|3471, 69|3492, 69|3520, 70|3532, 70|3881, 69|3885, 69|4004, http://www.360.cn, 
28|1, 28|920, 29|962, 28|1011, 28|1020, 38|1035, 44|1095, 47|1125, 54|1134, 51|1187, 51|1215, 50|1308, 50|1354, 51|1398, 51|1436, 49|1449, 49|1455, 48|1465, 45|1484, 42|1558, 42|1859, 44|1905, 44|1994, 42|2002, 42|2083, 41|2087, 41|2306, 43|2338, 43|2682, 44|2700, 45|2754, 47|2829, 43|2884, 43|2899, 41|2960, 41|3003, 43|3012, 43|3230, 42|3236, 42|3253, 41|3259, 41|4002, http://www.linkedin.com, 
28|1, 28|992, 29|1034, 28|1073, 30|1139, 30|1790, 32|1797, 32|1964, 31|1979, 31|2063, 30|2068, 30|2178, 33|2186, 33|2626, 28|2632, 28|2793, 29|2799, 29|2810, 28|2817, 28|4002, http://www.live.com, 
28|1, 28|960, 30|1039, 30|1737, 32|1769, 32|1868, 31|1884, 31|2028, 30|2036, 30|2097, 33|2112, 33|2549, 28|2558, 28|4008, http://www.live.com, 
28|1, 28|1012, 30|1095, 30|1612, 29|1651, 29|1714, 31|1733, 31|1865, 33|1875, 33|1975, 31|1983, 30|1993, 31|2006, 31|2029, 30|2034, 30|2150, 31|2162, 31|2183, 29|2189, 31|2205, 31|2230, 30|2246, 33|2270, 39|2292, 39|2297, 38|2330, 39|2362, 39|2385, 40|2404, 41|2423, 46|2442, 45|2462, 45|2505, 43|2516, 41|2524, 39|2536, 44|2563, 42|2572, 42|2606, 44|2631, 44|2637, 39|2653, 41|2668, 41|2676, 45|2684, 45|2724, 42|2734, 45|2759, 45|2816, 35|2842, 38|2869, 35|2915, 35|2948, 33|2959, 33|3679, 34|3686, 34|3697, 36|3705, 36|3779, 37|3784, 36|3791, 36|3847, 34|3855, 34|3894, 36|3906, 35|3913, 35|3955, 36|3961, 35|3991, 35|4004, http://www.yahoo.com, 
28|1, 28|985, 29|1012, 28|1051, 29|1071, 34|1081, 56|1128, 56|1352, 59|1366, 59|1380, 62|1398, 66|1416, 66|1482, 76|1530, 76|1535, 77|1564, 82|1572, 76|1584, 73|1638, 79|1653, 79|1663, 92|1690, 97|1701, 101|1707, 101|1716, 107|1751, 107|1769, 71|1789, 59|1821, 58|1866, 62|1887, 62|1893, 63|1908, 63|1923, 64|1982, 67|1988, 66|2011, 66|2062, 62|2086, 62|2095, 57|2100, 47|2108, 47|2240, 45|2256, 45|2262, 43|2271, 43|2294, 42|2305, 42|2434, 43|2460, 43|2564, 42|2570, 42|2664, 41|2670, 41|2690, 40|2697, 40|2841, 39|2845, 39|2854, 35|2859, 35|2893, 34|2898, 34|3012, 35|3022, 35|3288, 34|3298, 34|4004, http://www.sina.com.cn, 
28|1, 28|1158, 30|1200, 30|1667, 32|1713, 32|1819, 34|1836, 34|1902, 32|1907, 32|1911, 31|1917, 31|2002, 32|2068, 32|2174, 30|2182, 30|2240, 29|2247, 29|4008, http://www.wikipedia.org, 
28|1, 28|1006, 29|1012, 29|1051, 28|1072, 29|1131, 33|1149, 33|1318, 34|1328, 34|1599, 37|1613, 37|1794, 39|1862, 68|1938, 70|1966, 70|1970, 80|2055, 80|2062, 79|2129, 79|2329, 94|2350, 113|2370, 113|2419, 120|2447, 135|2467, 142|2494, 142|2506, 146|2520, 146|2537, 150|2554, 150|2602, 149|2607, 149|2612, 146|2627, 143|2634, 143|2639, 141|2655, 139|2669, 139|2757, 141|2777, 141|2811, 142|2844, 142|2906, 143|2978, 135|3034, 131|3094, 131|3129, 125|3151, 119|3177, 116|3197, 105|3265, 100|3314, 100|3320, 94|3334, 94|3365, 93|3380, 93|3384, 88|3427, 85|3452, 73|3498, 71|3513, 70|4004, http://www.360.cn, 
28|1, 28|951, 29|1033, 29|1062, 30|1109, 37|1150, 37|1253, 35|1276, 35|1295, 37|1325, 37|1502, 34|1560, 34|1836, 33|1843, 33|2122, 32|2133, 30|2138, 30|2192, 36|2236, 36|2312, 34|2318, 34|2333, 33|2338, 33|2343, 34|2356, 34|2523, 33|2528, 33|2585, 32|2589, 32|3437, 33|3446, 34|3455, 34|3543, 41|3558, 41|3566, 48|3586, 52|3595, 52|3631, 56|3637, 56|3654, 58|3661, 58|3674, 60|3683, 60|3714, 58|3721, 59|3737, 59|3791, 61|3799, 61|3804, 59|3811, 57|3817, 57|3822, 55|3832, 55|3971, 54|3977, 54|3983, 55|3988, 55|4012, http://www.taobao.com, 
30|1, 30|869, 31|918, 30|972, 32|1024, 32|1622, 34|1658, 34|1746, 36|1781, 36|1832, 33|1840, 34|1862, 34|1998, 32|2012, 32|2051, 31|2070, 31|4004, http://www.wikipedia.org, 
30|1, 30|1769, 37|1823, 58|1880, 62|1895, 65|1914, 67|1926, 67|1949, 69|1955, 69|1959, 71|1978, 71|2039, 79|2068, 79|2290, 90|2315, 90|2387, 93|2396, 95|2402, 96|2408, 100|2429, 101|2434, 104|2444, 113|2450, 119|2458, 132|2478, 140|2493, 142|2498, 146|2517, 146|2535, 148|2572, 148|2578, 139|2604, 137|2613, 137|2666, 131|2709, 131|2717, 127|2726, 125|2731, 125|2739, 123|2748, 123|2769, 125|2789, 125|2863, 126|2902, 126|3049, 122|3072, 120|3105, 118|3137, 118|3187, 119|3223, 117|3243, 115|3269, 107|3279, 106|3288, 102|3298, 101|3302, 96|3316, 96|3329, 94|3335, 94|3351, 92|3364, 92|3369, 90|3382, 88|3393, 80|3415, 80|3437, 79|3447, 79|3456, 77|3487, 71|3503, 71|4004, http://www.360.cn, 
30|1, 30|1015, 35|1033, 35|1038, 44|1103, 54|1173, 53|1190, 52|1217, 52|1297, 56|1352, 56|1397, 54|1416, 49|1443, 49|1461, 47|1471, 47|1495, 45|1507, 45|1617, 44|1640, 46|1673, 46|1794, 44|1801, 44|1888, 43|1896, 43|2055, 45|2065, 45|2513, 47|2574, 49|2630, 45|2727, 45|2747, 44|2775, 44|2814, 45|2872, 46|2905, 46|2939, 47|2962, 47|3033, 46|3048, 46|3067, 44|3072, 44|3098, 43|3120, 43|4008, http://www.linkedin.com, 
