106|1, 106|864, 107|943, 106|1618, 108|1649, 114|1789, 114|2078, 115|2085, 115|2101, 117|2110, 117|2395, 118|2400, 118|2461, 119|2479, 119|2532, 117|3395, 117|3513, 116|3517, 115|3529, 115|3544, 112|3548, 112|3583, 110|3589, 110|3603, 109|3952, 109|4001, http://www.360.cn, 
98|1, 98|161, 99|183, 100|10800, http://www.sina.com.cn, 
106|1, 106|957, 107|970, 107|1024, 113|1709, 118|1721, 119|1727, 121|1734, 125|1749, 125|1759, 124|1767, 124|1790, 123|1794, 123|1941, 128|1950, 128|2000, 127|2009, 127|2638, 129|2657, 129|2771, 122|3357, 122|3942, 120|3948, 120|4011, http://www.baidu.com, 
153|1, 152|24, 152|36, 151|51, 151|92, 149|595, 149|742, 147|782, 147|837, 146|873, 145|887, 145|1054, 146|1097, 146|1140, 145|1146, 139|4755, http://www.google.com, 
139|1, 139|92, 141|985, 141|1071, 139|2599, 139|3284, 141|3752, 142|3758, 142|3861, 141|3872, 143|3895, 144|3917, 145|4004, http://www.tmall.com, 
143|1, 143|77, 144|96, 144|119, 145|137, 145|470, 144|490, 144|766, 147|857, 149|965, 149|1290, 148|1298, 148|1309, 147|1315, 147|1358, 146|1381, 146|1408, 145|1440, 147|1482, 147|2176, 148|2186, 148|2252, 150|2810, 150|2950, 151|2976, 149|5534, http://www.amazon.com, 
147|1, 147|185, 148|200, 148|569, 147|626, 146|655, 145|684, 145|1020, 147|1044, 147|1090, 149|2524, 149|2533, 148|2538, 148|2825, 147|2830, 147|3295, 146|3302, 146|3315, 145|3322, 145|3374, 144|3379, 144|3384, 143|3391, 143|3395, 142|3400, 142|3507, 141|3518, 141|3543, 146|3552, 150|3562, 150|3571, 151|3576, 151|3581, 154|3589, 155|3603, 151|3646, 150|3664, 150|3675, 151|3686, 151|3727, 155|3760, 155|3803, 158|3819, 158|4005, http://www.taobao.com, 
127|1, 127|76, 126|100, 126|169, 127|186, 128|233, 128|329, 127|359, 127|702, 126|739, 125|764, 125|807, 124|821, 124|963, 125|996, 133|1057, 138|1086, 134|1146, 130|2702, 130|2716, 131|2729, 131|2801, 132|2813, 133|2871, 135|2912, 135|2979, 136|3006, 136|3181, 137|3226, 135|3250, 134|3261, 132|3270, 132|3306, 131|3310, 131|3389, 132|3404, 132|4001, http://www.linkedin.com, 
155|1, 155|35, 154|66, 154|150, 153|159, 153|168, 154|178, 154|213, 153|256, 150|295, 150|303, 147|1476, 147|3223, 146|3230, 146|3840, 145|3846, 145|4003, http://www.imgur.com, 
141|1, 141|301, 140|311, 140|879, 141|893, 141|933, 143|954, 143|1111, 140|1665, 140|1833, 142|1849, 142|2209, 143|2229, 143|2390, 144|2464, 144|2588, 146|2598, 146|2607, 147|2618, 147|3109, 146|3123, 146|3140, 145|3146, 145|3160, 144|3173, 144|3922, 143|3930, 143|3943, 142|3948, 142|3964, 140|3969, 141|7639, http://www.vk.com, 
143|1, 143|122, 144|146, 145|172, 145|839, 146|894, 146|925, 148|979, 147|1049, 146|1070, 146|1448, 148|1487, 148|1497, 146|1547, 146|3134, 145|3139, 145|3165, 135|3172, 135|3176, 125|3195, 125|3357, 124|3361, 124|3473, 123|3480, 123|3946, 121|3962, 121|4003, http://www.wikipedia.org, 
114|1, 114|958, 115|1000, 115|1157, 116|1163, 116|1757, 117|1769, 117|1779, 119|1799, 119|2418, 118|3236, 114|3243, 114|4003, http://www.google.com, 
111|1, 111|849, 110|956, 110|986, 111|1021, 116|1081, 116|1227, 115|1237, 105|1314, 105|1925, 106|1938, 106|2047, 108|2077, 110|2237, 110|2272, 111|2293, 111|2317, 115|2340, 124|2408, 123|2442, 122|2458, 122|2812, 123|2833, 123|2847, 124|2864, 124|2997, 126|3004, 129|4375, http://www.baidu.com, 
128|1, 128|502, 127|532, 125|546, 125|592, 124|640, 124|905, 125|935, 137|1064, 138|1087, 138|2162, 139|2180, 139|2193, 140|2922, 140|3232, 133|3582, 126|3589, 126|3655, 125|3663, 125|4002, http://www.linkedin.com, 
124|1, 124|134, 125|156, 125|178, 126|225, 126|733, 125|746, 125|920, 128|947, 129|975, 127|1057, 127|1341, 126|1352, 126|1428, 128|1454, 128|1908, 129|1922, 129|3153, 115|3197, 107|3367, 107|3372, 102|3382, 104|3390, 104|3433, 103|3441, 103|3478, 102|3495, 102|3529, 101|3536, 101|3973, 100|3979, 100|4007, http://www.instagram.com, 
113|1, 113|803, 114|977, 114|1014, 116|1083, 116|1173, 115|1189, 115|1199, 116|1228, 116|1730, 118|1781, 118|2451, 119|2463, 119|3209, 118|3215, 118|3236, 113|3241, 113|3325, 112|3330, 112|3368, 111|3372, 111|3399, 110|3404, 109|5126, http://www.google.com, 
107|1, 107|119, 108|130, 108|160, 109|177, 109|792, 107|1283, 106|1305, 106|1344, 105|1363, 105|1599, 106|1632, 106|1648, 108|1667, 108|1858, 109|1876, 109|2098, 108|2103, 108|2255, 107|2265, 107|3109, 106|3160, 104|3172, 103|7699, http://www.live.com, 
130|1, 130|261, 131|316, 132|324, 132|1055, 133|1082, 133|1111, 135|1142, 135|1215, 133|1229, 133|1673, 135|1721, 135|2244, 136|2269, 136|2329, 138|2340, 138|2359, 139|2370, 138|4064, http://www.amazon.com, 
157|1, 157|1041, 159|1063, 159|1220, 154|1234, 154|1248, 153|1253, 153|1264, 151|1272, 151|1278, 150|1289, 150|1371, 146|1526, 146|1694, 152|2972, 152|3070, 153|3089, 153|3118, 154|3130, 155|3136, 155|3189, 157|3201, 159|3214, 159|3221, 160|3446, 161|3455, 162|3465, 162|3475, 163|3484, 163|3580, 165|3592, 167|3606, 165|3616, 165|3628, 163|3747, 166|3854, 163|3932, 166|4056, http://www.jd.com, 
168|1, 168|794, 165|851, 165|904, 167|1149, 167|2338, 165|3420, 165|3436, 166|3447, 166|3475, 168|3483, 168|3570, 166|3577, 166|3592, 167|3623, 168|3638, 168|3649, 169|3663, 170|4374, http://www.tmall.com, 
177|1, 177|883, 176|926, 176|971, 177|1001, 177|1043, 179|1184, 178|1202, 178|1706, 179|3011, 179|3142, 177|3150, 177|3297, 176|3301, 176|3306, 175|3311, 175|3775, 174|3780, 174|3840, 173|3849, 166|4494, http://www.facebook.com, 
106|1, 106|176, 105|182, 105|251, 104|259, 104|329, 103|361, 103|1066, 104|1086, 104|1146, 108|1168, 108|1390, 109|1406, 109|1864, 111|1897, 116|1909, 123|1939, 123|2105, 127|2120, 127|2135, 128|2144, 128|2853, 129|2885, 124|2892, 122|2898, 122|2904, 105|3091, 105|3160, 104|3173, 106|3235, 107|3313, 106|3357, 107|3383, 109|3427, 109|3589, 110|3901, 110|3959, 111|3965, 111|4005, http://www.baidu.com, 
111|1, 111|1086, 112|1151, 112|1174, 114|1210, 114|1222, 109|1378, 108|1391, 108|1412, 107|1428, 107|1541, 105|1585, 105|1731, 107|1780, 106|1801, 106|2218, 107|2266, 107|2687, 106|2702, 108|7933, http://www.instagram.com, 
100|1, 100|2094, 103|2105, 103|2112, 108|2123, 111|2159, 114|2176, 115|2196, 117|2220, 117|2226, 119|2236, 119|2266, 120|2404, 121|2418, 123|2454, 124|2487, 125|2498, 126|2513, 127|2542, 128|2550, 128|2706, 126|2725, 126|3383, 127|3392, 127|3406, 129|3415, 129|4136, http://www.yahoo.com, 
128|1, 128|120, 129|138, 129|159, 128|171, 128|315, 129|330, 129|897, 133|1020, 133|1081, 130|1098, 130|1120, 129|1159, 129|2601, 127|2606, 127|2768, 130|2781, 130|2799, 134|2805, 135|2812, 135|2945, 141|3096, 141|3148, 142|3154, 143|3174, 143|3253, 144|3267, 145|3285, 145|4003, http://www.taobao.com, 
143|1, 143|940, 145|974, 149|1008, 149|1151, 144|1162, 144|1167, 143|1196, 143|1675, 145|1689, 145|1696, 150|1710, 150|1730, 158|1736, 158|1935, 160|1962, 160|2186, 161|2192, 161|2630, 160|2977, 160|3093, 161|3106, 161|3187, 160|3240, 160|4038, http://www.baidu.com, 
105|1, 105|976, 107|1005, 108|1022, 108|1072, 109|1110, 109|1714, 111|2052, 111|2060, 110|2075, 110|2275, 113|2281, 113|2541, 111|2546, 111|2649, 109|2835, 109|3026, 107|3036, 107|3185, 109|3213, 109|3389, 111|3569, 111|3594, 112|3600, 115|3614, 119|3621, 119|3648, 120|3806, 120|3821, 126|3835, 126|3922, 127|3940, 129|3971, 131|4287, http://www.jd.com, 
136|1, 136|117, 135|127, 135|510, 134|552, 134|981, 135|1031, 136|1099, 136|1181, 137|1212, 137|1270, 136|1278, 136|1305, 131|1327, 131|1337, 130|1343, 130|1697, 132|1710, 132|1720, 134|1741, 134|1745, 136|1759, 136|2024, 137|2074, 137|2308, 136|2331, 115|2363, 109|4314, http://www.google.com, 
116|1, 116|856, 115|902, 114|933, 114|978, 113|1003, 113|1123, 107|1199, 111|1880, 111|1885, 119|1896, 121|1908, 121|2103, 125|2116, 125|2443, 126|2450, 126|2551, 128|2896, 126|2912, 126|3053, 127|3070, 127|3087, 126|3131, 126|3142, 125|3154, 125|3164, 124|3189, 124|3231, 123|3253, 123|3262, 124|3272, 124|4001, http://www.baidu.com, 
123|1, 123|127, 124|144, 124|866, 125|921, 125|926, 131|1696, 131|2861, 130|2950, 130|3053, 128|3083, 128|3087, 119|3805, 119|3830, 117|3835, 117|3839, 116|3843, 116|3861, 115|3865, 115|4004, http://www.facebook.com, 
101|1, 101|14778, http://www.taobao.com, 
139|1, 139|920, 137|1156, 136|1183, 136|1200, 135|1206, 135|1538, 136|1578, 136|1780, 137|1798, 137|2821, 138|2858, 137|3032, 138|3047, 139|3053, 139|3107, 140|3239, 143|3247, 142|3257, 142|3290, 143|3296, 144|3301, 144|3353, 145|3359, 145|3373, 147|3379, 147|3386, 148|3394, 149|3403, 149|3435, 150|3870, 150|4002, http://www.jd.com, 
145|1, 145|89, 142|96, 142|290, 143|306, 143|317, 139|741, 139|809, 137|847, 137|1000, 134|1032, 134|1664, 139|1728, 139|2049, 156|2131, 159|2163, 161|2422, 179|2576, 179|2944, 178|2975, 178|3126, 177|3169, 177|3199, 176|3225, 175|3235, 175|3241, 169|3322, 170|5736, http://www.360.cn, 
170|1, 170|164, 171|215, 171|856, 172|873, 172|952, 178|959, 178|1180, 177|1193, 177|1333, 176|1346, 176|1437, 171|1477, 171|1502, 170|1510, 170|1672, 176|1696, 169|4998, http://www.facebook.com, 
104|1, 104|488, 103|498, 103|609, 102|620, 102|647, 101|661, 101|986, 103|1031, 103|1167, 101|3267, 101|3305, 103|3316, 103|3403, 105|3412, 105|3432, 106|3438, 107|3448, 107|3457, 108|3465, 108|3570, 109|3590, 111|4484, http://www.jd.com, 
106|1, 106|201, 103|246, 103|309, 102|319, 102|344, 101|369, 100|3289, 100|3300, 102|3311, 102|3347, 104|3359, 106|3374, 107|3382, 107|3411, 108|3418, 108|3513, 109|3523, 109|3544, 110|3761, 110|3843, 111|3904, 111|4007, http://www.jd.com, 
103|1, 103|900, 104|925, 104|958, 112|1033, 112|1123, 111|1241, 111|1303, 110|1343, 110|1495, 109|1502, 109|1511, 108|1529, 108|2282, 109|2326, 109|2429, 108|2677, 106|2693, 106|2835, 107|2874, 107|3574, 106|3580, 106|4007, http://www.linkedin.com, 
104|1, 104|198, 105|213, 105|544, 106|567, 106|940, 107|980, 107|1024, 125|1123, 129|1131, 120|1278, 123|1305, 123|1314, 124|1342, 128|1373, 128|1816, 129|1833, 133|2286, 133|2493, 134|2502, 134|2507, 135|2521, 135|2565, 137|2627, 137|2651, 139|2662, 139|2791, 138|2816, 138|2852, 140|3600, 140|3629, 141|3640, 141|3646, 143|3664, 144|3677, 144|3690, 145|3697, 145|3810, 146|3826, 146|4003, http://www.sina.com.cn, 
124|1, 124|95, 125|102, 125|137, 126|150, 126|907, 129|953, 129|1127, 126|1145, 126|1189, 125|1205, 124|1218, 124|1388, 123|1407, 123|1611, 124|1627, 125|1637, 126|1656, 126|1854, 127|1860, 127|2732, 126|2752, 126|3218, 125|3231, 125|3240, 124|3248, 124|4006, http://www.live.com, 
114|1, 114|914, 115|989, 115|1011, 119|1067, 119|1639, 118|1650, 118|1701, 117|1713, 117|1723, 116|1753, 116|2742, 113|2805, 113|2851, 114|2869, 116|2875, 116|2897, 118|2945, 118|2986, 119|3002, 120|3392, 121|3407, 121|3426, 122|3450, 122|3499, 124|3512, 124|3526, 125|3549, 125|3633, 126|3638, 126|3789, 127|3796, 127|4008, http://www.tmall.com, 
108|1, 108|35, 107|50, 107|171, 108|180, 108|223, 107|239, 107|276, 106|299, 106|357, 105|422, 105|505, 104|519, 103|529, 103|873, 104|922, 104|973, 109|1002, 109|1080, 108|1109, 108|1152, 106|1173, 102|1233, 102|2326, 100|2330, 100|3398, 104|3408, 102|3414, 102|3535, 105|3550, 105|3634, 108|3639, 108|4001, http://www.taobao.com, 
105|1, 105|216, 106|230, 106|237, 107|278, 107|990, 108|996, 108|1056, 109|1374, 109|1478, 108|1583, 108|1694, 109|1782, 109|1797, 108|1812, 108|2874, 106|2888, 105|2906, 105|3105, 104|3120, 104|3147, 103|3154, 103|4010, http://www.reddit.com, 
101|1, 101|976, 102|1020, 107|1032, 107|1081, 105|1720, 116|1740, 124|1789, 125|1795, 125|1800, 126|1825, 126|1830, 131|2048, 131|2337, 132|2384, 132|2591, 133|2598, 133|2629, 135|2640, 135|2704, 136|2717, 136|2744, 135|2801, 135|2851, 136|2884, 136|4001, http://www.360.cn, 
159|1, 159|631, 157|648, 157|1103, 159|1126, 159|1142, 130|1160, 130|1646, 132|1673, 132|2754, 121|2759, 121|2767, 117|2771, 117|2840, 116|2848, 116|2854, 113|2858, 113|2863, 111|2868, 109|7680, http://www.reddit.com, 
116|1, 116|33, 113|71, 113|182, 112|208, 112|279, 111|312, 111|351, 110|369, 110|416, 109|534, 109|661, 107|686, 107|775, 106|793, 106|834, 102|866, 102|920, 101|944, 101|979, 102|1044, 104|1066, 110|21526, http://www.live.com, 
121|1, 121|244, 122|258, 122|283, 123|293, 123|1068, 124|1108, 124|1144, 121|1717, 121|7912, http://www.wikipedia.org, 
129|1, 129|967, 132|1155, 132|1341, 131|1352, 131|3177, 130|3181, 130|3207, 139|3536, 139|3550, 144|3565, 144|3724, 145|3736, 145|3745, 146|3757, 146|3762, 148|3768, 148|4004, http://www.taobao.com, 
122|1, 122|33, 121|56, 121|71, 120|77, 120|801, 121|884, 121|919, 123|964, 102|8726, http://www.wikipedia.org, 
100|1, 100|185, 101|217, 101|233, 102|274, 102|911, 103|955, 103|1004, 114|1127, 114|1180, 113|1210, 113|1280, 114|1286, 114|1386, 113|1422, 113|2227, 114|2243, 114|2451, 115|2488, 115|2501, 118|2609, 118|2823, 119|2876, 119|4001, http://www.linkedin.com, 
