42|1, 45|341, 50|471, 56|532, 56|577, 55|612, 55|663, 59|719, 66|778, 66|785, 64|804, 64|914, 65|923, 65|988, 66|996, 66|1002, 68|1016, 72|1043, 72|1074, 71|1080, 71|1119, 68|1127, 68|1147, 69|1157, 69|1203, 70|1212, 71|1222, 71|1281, 69|1290, 69|1322, 65|1328, 65|1334, 61|1339, 61|1350, 62|1356, 62|1372, 63|1378, 63|1391, 65|1400, 65|1445, 63|1450, 63|1492, 61|1502, 61|1507, 64|1514, 62|1526, 60|1536, 60|1546, 71|1560, 75|1568, 78|1574, 79|1581, 79|1589, 73|1603, 73|1613, 66|1618, 66|1626, 63|1631, 57|1643, 57|1653, 55|1658, 55|1675, 54|1680, 54|1684, 56|1693, 57|1700, 57|1718, 58|1723, 51|1739, 51|1744, 54|1752, 55|1761, 55|1765, 53|1774, 53|1825, 52|1830, 52|1846, 57|1858, 58|1865, 58|1880, 61|1895, 62|1902, 62|1916, 63|1923, 63|1932, 58|1939, 58|2016, 57|2044, 59|2092, 56|2138, 56|2143, 53|2160, 53|2234, 54|2256, 53|2264, 53|2299, 58|2315, 58|2346, 53|2357, 53|2383, 48|2398, 48|2426, 46|2437, 46|2546, 53|2589, 44|2628, 45|2685, 45|2747, 44|2768, 44|2797, 45|2842, 45|3015, 44|3075, 44|3082, 46|3121, 45|3216, 46|3253, 48|3272, 48|3351, 49|3389, 49|3424, 50|3445, 50|3456, 51|3489, 51|3519, 49|3533, 49|3561, 50|3574, 51|3590, 51|3647, 52|3659, 52|3683, 53|3708, 54|3734, 54|3795, 53|3819, 54|3851, 52|3887, 52|3946, 53|3994, 57|4016, http://www.tmall.com, 
28|1, 28|1088, 29|1123, 29|1431, 32|1463, 32|1587, 35|1629, 36|1681, 36|2115, 35|2127, 35|2221, 33|2227, 33|2261, 34|2269, 34|2278, 33|2284, 33|2440, 32|2446, 32|2451, 30|2455, 30|2609, 29|2614, 29|2638, 28|2645, 28|2721, 30|2739, 30|2840, 29|2847, 29|3031, 31|3072, 31|3166, 43|3177, 43|3252, 47|3257, 49|3263, 49|3268, 50|3278, 50|3317, 56|3324, 57|3329, 54|3335, 54|3368, 57|3385, 60|3392, 60|3405, 64|3411, 64|3431, 63|3437, 64|3445, 64|3450, 62|3457, 62|3478, 61|3488, 59|3493, 59|3498, 58|3503, 58|3521, 57|3528, 57|3538, 56|3544, 56|3548, 53|3554, 53|3656, 54|3663, 54|3706, 55|3719, 55|3922, 56|3938, 56|3980, 55|3988, 55|4005, http://www.taobao.com, 
28|1, 28|973, 33|1025, 33|1235, 34|1288, 34|1456, 36|1474, 38|1489, 38|1682, 50|1720, 71|1791, 71|1859, 79|1882, 79|1994, 78|2024, 78|2219, 86|2268, 105|2296, 119|2312, 138|2337, 145|2343, 145|2544, 142|2551, 142|2560, 141|2566, 141|2580, 143|2605, 144|2694, 144|2760, 143|2772, 144|2782, 145|2801, 145|2853, 139|2888, 139|3051, 138|3062, 138|3073, 137|3077, 135|3090, 135|3115, 132|3120, 129|3134, 124|3147, 124|3164, 119|3169, 116|3180, 112|3187, 112|3194, 108|3202, 102|3224, 102|3234, 90|3271, 88|3289, 88|3313, 80|3342, 71|3372, 69|3385, 70|3403, 70|3825, 69|3829, 69|4003, http://www.360.cn, 
28|1, 28|894, 30|958, 30|1437, 29|1460, 29|1890, 28|1897, 28|4002, http://www.imgur.com, 
28|1, 28|970, 33|1045, 33|1272, 34|1301, 34|1483, 38|1504, 38|1654, 62|1679, 75|1720, 68|1758, 69|1767, 70|1778, 71|1796, 71|1857, 79|1887, 79|2030, 78|2048, 78|2227, 83|2238, 108|2263, 140|2283, 140|2321, 148|2348, 148|2519, 147|2531, 147|2537, 145|2543, 145|2548, 143|2567, 139|2612, 139|2620, 141|2646, 141|2700, 142|2737, 142|2784, 135|2874, 137|2894, 137|3020, 135|3067, 125|3107, 124|3119, 117|3148, 114|3155, 114|3167, 113|3174, 112|3181, 112|3186, 111|3203, 106|3217, 106|3236, 102|3257, 93|3289, 77|3341, 70|3383, 70|3848, 69|3853, 69|4002, http://www.360.cn, 
28|1, 28|2409, 29|2419, 29|2475, 30|2522, 28|2577, 28|2638, 29|2675, 29|2875, 28|2892, 28|4001, http://www.google.com, 
28|1, 28|1007, 30|1041, 30|1610, 32|1649, 32|1722, 34|1743, 34|1764, 35|1770, 35|1785, 31|1795, 31|1837, 32|1849, 32|1991, 31|2000, 31|2013, 29|2039, 31|2050, 31|2073, 29|2087, 29|2118, 30|2139, 30|2178, 31|2188, 31|2245, 30|2251, 30|2636, 31|2646, 31|2697, 32|2727, 32|2772, 34|2810, 34|2858, 30|2919, 31|2930, 32|2950, 30|2992, 30|3189, 31|3228, 31|3275, 32|3351, 31|3412, 31|3472, 33|3501, 33|3543, 34|3550, 35|3568, 35|3611, 33|3621, 33|3803, 32|3812, 32|3882, 33|3915, 33|4118, http://www.instagram.com, 
28|1, 28|1240, 29|1258, 28|1281, 28|1286, 30|1305, 30|1806, 32|1830, 32|1910, 35|1931, 35|1980, 33|1986, 33|1996, 31|2001, 31|2235, 34|2260, 34|2284, 29|2313, 31|2331, 31|2367, 29|2371, 29|2393, 31|2404, 31|2419, 29|2443, 29|2647, 33|2666, 33|2677, 29|2689, 29|2749, 31|2755, 31|2821, 35|2855, 35|2942, 33|2961, 33|2975, 31|2998, 33|3017, 33|3103, 31|3113, 31|3281, 32|3287, 32|3296, 30|3311, 30|3363, 31|3393, 31|3532, 32|3538, 32|3603, 28|3627, 28|3742, 29|3749, 29|3755, 30|3761, 30|3775, 29|3779, 29|3784, 30|3792, 30|3876, 28|3883, 28|3992, 26|3996, 26|4001, http://www.amazon.com, 
25|1, 25|950, 26|968, 27|1034, 27|1839, 29|1857, 29|1933, 28|1948, 28|1992, 27|1997, 27|2019, 26|2025, 26|2105, 27|2110, 27|2483, 25|2489, 25|2668, 24|2710, 24|4004, http://www.live.com, 
24|1, 24|396, 21|414, 21|1038, 23|1071, 23|1635, 22|1642, 22|1775, 23|1785, 23|1809, 25|1831, 25|1931, 26|1940, 27|1946, 27|2023, 26|2034, 22|2055, 22|2389, 23|2396, 23|2403, 26|2410, 26|2428, 24|2433, 24|2678, 25|2692, 29|2702, 29|2719, 26|2727, 28|2737, 28|2768, 26|2773, 26|2797, 24|2805, 24|2809, 23|2814, 23|2820, 26|2835, 26|2928, 24|2934, 24|2939, 22|2946, 22|3004, 26|3018, 26|3037, 32|3097, 32|3104, 31|3124, 31|3130, 30|3177, 30|3206, 31|3363, 26|3445, 27|3465, 27|3488, 24|3531, 24|3550, 25|3586, 25|3611, 27|3635, 27|3695, 28|3704, 27|3733, 27|3777, 28|3782, 28|3797, 26|3805, 26|3868, 27|3873, 27|3912, 28|3918, 28|3947, 26|3959, 27|4001, http://www.netflix.com, 
21|1, 21|1003, 22|1035, 27|1074, 27|1085, 35|1113, 35|1147, 42|1157, 45|1171, 48|1182, 48|1204, 47|1214, 46|1221, 46|1295, 47|1324, 47|1387, 46|1394, 46|1417, 45|1429, 43|1442, 42|1449, 39|1468, 37|1505, 36|1519, 35|1536, 35|1680, 37|1712, 37|1830, 35|1834, 35|1934, 34|1938, 34|2066, 36|2079, 36|2524, 38|2544, 38|2554, 37|2585, 37|2597, 40|2643, 40|2653, 38|2785, 38|2815, 40|2871, 40|2896, 36|2918, 36|3048, 35|3059, 35|3127, 34|3133, 35|3141, 35|4002, http://www.linkedin.com, 
21|1, 21|907, 22|933, 21|976, 34|998, 35|1020, 38|1062, 48|1107, 48|1113, 47|1148, 47|1323, 46|1337, 45|1346, 45|1360, 44|1365, 44|1370, 43|1375, 43|1382, 42|1387, 42|1409, 40|1436, 37|1455, 35|1484, 35|1557, 37|1581, 37|1697, 35|1710, 35|1803, 34|1823, 34|1985, 36|2011, 36|2389, 37|2408, 38|2443, 40|2520, 37|2658, 37|2713, 38|2744, 38|2823, 34|2847, 34|2867, 108|2938, 108|3290, 88|3307, 88|3503, 44|3511, 44|3708, 34|3714, 34|3829, 36|3845, 36|4002, http://www.linkedin.com, 
21|1, 21|2350, 22|2356, 22|2433, 23|2471, 23|2557, 21|2599, 21|4006, http://www.google.com, 
21|1, 21|858, 22|887, 22|917, 21|949, 21|3456, 23|3463, 23|3832, 22|3837, 22|4003, http://www.vk.com, 
21|1, 21|1072, 26|1101, 26|1843, 24|1857, 24|1862, 22|1869, 22|2095, 21|2104, 21|2120, 25|2126, 25|2233, 23|2243, 22|2247, 22|2267, 23|2288, 23|2340, 27|2367, 27|2456, 26|2466, 25|2483, 25|2500, 24|2509, 24|2935, 25|2981, 25|3181, 26|3190, 26|3437, 27|3452, 27|3490, 28|3506, 28|3544, 29|3561, 29|3584, 30|3608, 30|3660, 33|3685, 33|3711, 34|3718, 34|3791, 35|3799, 35|3875, 34|3904, 34|3956, 35|3973, 35|4003, http://www.tmall.com, 
21|1, 21|945, 22|976, 23|1043, 23|1527, 25|1557, 25|1624, 24|1629, 24|1732, 25|1738, 25|1832, 23|1841, 23|2023, 22|2027, 22|2072, 21|2079, 21|2277, 22|2285, 22|2292, 25|2298, 25|2315, 23|2322, 23|2534, 25|2542, 23|2548, 23|2587, 24|2592, 25|2615, 23|2637, 23|2672, 24|2680, 24|2685, 25|2700, 23|2710, 23|2752, 24|2761, 24|2772, 23|2788, 23|2825, 25|2850, 25|2881, 27|2891, 27|2911, 29|2942, 27|2969, 29|2979, 31|3005, 31|3026, 29|3100, 29|3125, 26|3209, 26|3219, 28|3236, 25|3292, 26|3304, 26|3335, 24|3374, 24|3428, 25|3460, 27|3481, 27|3576, 28|3592, 29|3604, 28|3615, 28|3683, 24|3688, 24|3703, 22|3708, 22|3734, 27|3745, 27|3780, 25|3795, 25|3800, 24|3812, 24|3835, 31|3852, 31|3931, 32|3954, 35|3979, 35|4001, http://www.netflix.com, 
21|1, 21|956, 23|988, 23|1501, 24|1522, 24|1590, 26|1619, 26|1637, 27|1649, 27|1682, 26|1687, 26|1703, 24|1714, 24|1889, 23|1895, 23|1971, 22|1975, 22|2015, 25|2029, 27|2058, 27|2086, 22|2110, 22|4011, http://www.reddit.com, 
21|1, 21|1045, 22|1084, 22|1105, 23|1132, 23|1664, 24|1696, 25|1704, 25|1762, 24|1771, 24|1963, 25|1990, 25|2056, 24|2068, 24|2119, 23|2133, 23|2363, 22|2370, 22|2695, 21|2701, 21|4001, http://www.vk.com, 
21|1, 21|996, 22|1016, 21|1034, 23|1097, 23|1590, 25|1608, 25|1665, 24|1669, 24|1742, 27|1751, 27|1834, 25|1839, 25|1846, 23|1861, 24|1873, 24|2019, 23|2043, 23|2049, 24|2079, 27|2099, 26|2114, 28|2122, 29|2130, 31|2141, 31|2147, 30|2153, 32|2170, 32|2211, 33|2227, 36|2259, 38|2278, 38|2316, 37|2339, 39|2347, 35|2381, 32|2419, 32|2467, 36|2520, 36|2536, 34|2571, 33|2623, 40|2655, 33|2708, 27|2737, 27|2873, 26|2919, 26|3486, 27|3504, 29|3513, 29|3546, 30|3553, 30|3567, 29|3581, 29|3646, 27|3651, 27|3712, 28|3719, 29|3752, 29|3783, 28|3796, 28|3854, 29|3871, 29|3902, 30|3908, 30|3935, 28|3940, 28|3944, 27|3949, 27|3962, 26|3972, 26|4002, http://www.yahoo.com, 
21|1, 21|1021, 23|1076, 23|1602, 25|1621, 25|1668, 24|1678, 24|1731, 25|1737, 26|1769, 26|1836, 24|1840, 24|1845, 23|1856, 24|1862, 24|2019, 23|2045, 31|2096, 32|2114, 32|2132, 33|2152, 36|2186, 36|2202, 38|2225, 37|2243, 35|2260, 33|2276, 33|2299, 31|2322, 35|2351, 29|2382, 32|2408, 29|2431, 29|2445, 33|2455, 33|2484, 41|2511, 39|2529, 39|2544, 28|2548, 28|2553, 30|2561, 31|2580, 30|2631, 30|2662, 27|2672, 27|3100, 28|3136, 28|3228, 29|3233, 29|3302, 28|3312, 28|3406, 29|3414, 29|3419, 31|3425, 31|3475, 32|3485, 32|3527, 33|3533, 34|3567, 33|3581, 33|3586, 30|3600, 30|3650, 32|3660, 32|3671, 33|3690, 33|3702, 32|3754, 32|3789, 31|3798, 31|3874, 30|3878, 30|3916, 28|3921, 28|3955, 29|3962, 29|3967, 30|3977, 30|4006, http://www.yahoo.com, 
21|1, 21|994, 23|1018, 23|1549, 22|1579, 22|2011, 21|2030, 21|4002, http://www.imgur.com, 
21|1, 21|971, 25|1043, 28|1103, 30|1125, 30|1156, 29|1167, 29|1219, 28|1271, 27|1283, 27|1598, 26|1655, 26|1674, 28|1684, 34|1698, 34|1755, 38|1792, 36|1820, 36|1825, 34|1849, 34|1893, 33|1902, 34|1915, 36|1931, 36|2036, 34|2043, 34|4005, http://www.facebook.com, 
21|1, 21|933, 22|962, 21|989, 23|1008, 23|1448, 30|1464, 30|1476, 33|1508, 33|1546, 22|1557, 22|1709, 25|1732, 25|1883, 26|1904, 26|1978, 25|1996, 25|2195, 24|2210, 24|2365, 25|2376, 25|2576, 26|2581, 26|2893, 25|2897, 25|2972, 23|2981, 23|3372, 24|3378, 24|3482, 25|3489, 25|3572, 24|3578, 24|3592, 23|3599, 23|4003, http://www.qq.com, 
21|1, 21|917, 22|974, 22|1011, 21|1022, 21|1034, 27|1071, 27|1101, 36|1146, 36|1375, 43|1394, 47|1401, 47|1469, 59|1493, 59|1501, 53|1569, 44|1585, 44|1621, 43|1634, 43|1750, 44|1760, 46|1794, 49|1814, 55|1839, 55|1850, 61|1868, 61|1900, 49|1904, 49|2021, 47|2067, 47|2094, 42|2104, 42|2109, 39|2122, 38|2127, 38|2361, 37|2374, 37|2378, 34|2383, 34|2431, 32|2457, 32|2533, 33|2540, 32|2546, 32|2720, 31|2727, 31|2817, 25|2829, 25|2909, 24|2913, 24|3035, 25|3040, 25|3129, 26|3135, 26|3176, 27|3183, 27|3332, 26|3345, 26|3428, 25|3433, 25|3439, 24|3443, 24|3729, 25|3737, 25|3969, 24|3980, 24|4003, http://www.sina.com.cn, 
21|1, 21|994, 22|1032, 21|1063, 21|1079, 23|1112, 23|1916, 25|1938, 25|2088, 24|2095, 24|2717, 28|2726, 28|2915, 27|2922, 27|2927, 33|2938, 33|3046, 28|3054, 28|3084, 27|3092, 27|3232, 30|3244, 30|3265, 31|3273, 31|3347, 36|3356, 38|3364, 38|3426, 39|3431, 39|3459, 32|3466, 32|3498, 28|3502, 28|3541, 29|3549, 29|3562, 36|3568, 38|3576, 43|3583, 43|3613, 44|3625, 44|3643, 45|3649, 45|3656, 46|3668, 47|3675, 47|3686, 48|3699, 48|3867, 49|3873, 49|3894, 44|3903, 39|3923, 30|3935, 30|3942, 31|3960, 31|4002, http://www.sohu.com, 
21|1, 21|985, 23|1017, 23|1605, 25|1637, 25|1681, 24|1689, 24|1817, 26|1824, 26|1984, 25|1993, 27|2002, 27|2006, 26|2012, 26|2148, 27|2153, 28|2162, 28|2196, 27|2201, 27|2265, 26|2269, 26|2427, 24|2431, 24|2586, 25|2633, 23|2653, 23|2697, 24|2711, 24|2816, 23|2823, 23|2936, 22|2941, 22|4004, http://www.vk.com, 
21|1, 21|1060, 23|1090, 23|1598, 25|1617, 25|1696, 26|1707, 26|1731, 27|1740, 27|1771, 26|1777, 26|1782, 25|1790, 25|1999, 24|2003, 24|2065, 23|2077, 23|2082, 22|2094, 22|2207, 23|2215, 25|2234, 24|2261, 24|2277, 22|2300, 22|4007, http://www.reddit.com, 
20|1, 21|58, 21|108, 20|135, 20|1000, 21|1014, 20|1057, 24|1087, 24|1305, 25|1319, 25|1653, 28|1676, 28|1730, 33|1758, 38|1770, 38|1776, 46|1785, 50|1803, 50|1926, 48|1945, 47|1956, 46|1961, 46|1990, 52|2013, 52|2292, 54|2299, 57|2305, 58|2311, 63|2325, 67|2353, 67|2375, 70|2385, 74|2393, 74|2417, 77|2432, 77|2586, 76|2592, 76|2597, 75|2601, 75|2610, 71|2627, 71|2678, 65|2694, 65|2734, 71|2751, 71|2917, 69|2944, 69|2991, 65|2996, 65|3012, 67|3026, 68|3034, 68|3040, 57|3106, 57|3156, 60|3252, 56|3283, 61|3368, 55|3407, 51|3424, 51|3455, 52|3476, 52|3528, 49|3542, 49|3551, 50|3563, 50|3571, 52|3578, 52|3610, 47|3617, 44|3622, 44|3647, 43|3651, 44|3661, 44|3679, 43|3683, 43|3711, 44|3717, 37|3725, 37|3739, 36|3744, 34|3752, 34|3806, 35|3813, 35|3819, 40|3829, 40|3869, 34|3873, 34|4002, http://www.baidu.com, 
23|1, 23|66, 21|93, 21|753, 29|872, 28|892, 28|897, 46|929, 72|996, 72|1045, 73|1068, 80|1095, 80|1135, 79|1144, 77|1161, 77|1168, 69|1175, 69|1281, 68|1356, 68|1569, 58|1584, 59|1627, 59|1719, 60|1731, 60|1896, 48|1912, 48|1929, 46|1934, 46|1938, 44|1945, 36|1953, 36|1959, 29|1964, 29|1979, 26|1992, 26|2137, 25|2147, 25|2214, 24|2220, 24|2236, 25|2246, 25|2286, 26|2296, 26|2417, 28|2431, 30|2449, 31|2456, 31|2668, 34|2681, 34|2784, 35|2793, 35|2910, 34|2914, 34|2928, 33|2933, 33|2972, 34|2979, 34|2999, 30|3039, 28|3049, 27|3065, 27|3175, 28|3203, 28|3284, 27|3308, 26|3315, 26|3319, 28|3342, 28|3416, 27|3422, 28|3442, 28|3548, 31|3568, 31|3670, 33|3703, 33|3843, 32|3868, 30|3895, 29|3915, 29|4003, http://www.sina.com.cn, 
21|1, 21|311, 27|332, 21|379, 21|1121, 22|1130, 22|1136, 21|1153, 21|2678, 22|2691, 22|2820, 21|2848, 23|2871, 23|2992, 21|3036, 21|4005, http://www.google.com, 
21|1, 21|966, 22|981, 22|1005, 26|1061, 26|1713, 22|1721, 22|1959, 21|1976, 21|2101, 25|2107, 25|2174, 26|2179, 26|2214, 24|2219, 24|2229, 23|2236, 23|2245, 24|2254, 24|2478, 23|2485, 23|2645, 24|2651, 24|2731, 25|2757, 25|2880, 24|2885, 24|3420, 25|3441, 25|3503, 26|3540, 26|3776, 27|3783, 27|3797, 28|3803, 28|3849, 29|3855, 31|3863, 31|3977, 32|3987, 32|4012, http://www.tmall.com, 
21|1, 21|908, 22|977, 23|1107, 23|1528, 25|1593, 25|1686, 28|1703, 28|1754, 26|1769, 24|1781, 24|2007, 22|2014, 22|2240, 25|2269, 24|2297, 24|2365, 22|2372, 22|2379, 24|2400, 24|2416, 22|2423, 22|2573, 24|2589, 24|2671, 26|2703, 26|2792, 28|2810, 28|2833, 26|2841, 26|2855, 27|2871, 27|2932, 25|2941, 26|2951, 26|3015, 27|3049, 28|3084, 30|3100, 28|3113, 28|3123, 29|3171, 26|3200, 26|3318, 24|3326, 24|3448, 23|3460, 25|3478, 25|3510, 26|3516, 27|3525, 27|3539, 32|3572, 32|3587, 31|3598, 31|3626, 23|3632, 23|3708, 22|3715, 22|3749, 24|3759, 24|3783, 28|3804, 28|3826, 25|3834, 28|3848, 28|3876, 25|3881, 25|3886, 22|3895, 22|4001, http://www.amazon.com, 
21|1, 21|1035, 22|1066, 22|1250, 23|1260, 28|1282, 28|1338, 29|1359, 29|1801, 27|1806, 27|1810, 26|1821, 26|2120, 25|2131, 25|2248, 24|2252, 24|2256, 22|2262, 22|2325, 26|2333, 26|2338, 25|2343, 25|2354, 27|2360, 27|2437, 25|2444, 25|2449, 24|2454, 24|2709, 23|2715, 23|3454, 25|3467, 25|3558, 27|3568, 36|3578, 36|3591, 39|3597, 39|3606, 48|3650, 48|3665, 49|3679, 49|3694, 47|3709, 47|3737, 45|3750, 46|3777, 48|3786, 48|3793, 51|3800, 51|3812, 54|3820, 54|3848, 53|3863, 53|3868, 54|3873, 53|3885, 53|3890, 51|3896, 51|3907, 50|3912, 50|3917, 48|3932, 48|3957, 47|3968, 46|3975, 46|3980, 45|3988, 45|4012, http://www.taobao.com, 
21|1, 21|1056, 22|1088, 23|1140, 23|1743, 22|1748, 22|1876, 23|1881, 25|1894, 25|2019, 27|2047, 27|2111, 26|2116, 26|2122, 22|2127, 23|2137, 23|2380, 22|2387, 22|2518, 23|2526, 26|2537, 26|2779, 24|2787, 24|2829, 27|2845, 27|2862, 24|2873, 24|2919, 23|2927, 22|2936, 22|2958, 24|2979, 26|2985, 26|2995, 24|3000, 24|3021, 25|3042, 24|3054, 24|3120, 25|3151, 26|3161, 32|3220, 32|3267, 31|3319, 32|3347, 30|3405, 28|3450, 30|3503, 30|3512, 31|3557, 31|3564, 25|3649, 25|3704, 26|3719, 26|3740, 28|3752, 28|3870, 30|3887, 30|3935, 28|3940, 28|3960, 26|3967, 27|3972, 26|3979, 26|4006, http://www.netflix.com, 
21|1, 21|950, 22|979, 22|1009, 21|1074, 21|2339, 22|2345, 22|2502, 24|2540, 24|2846, 21|2866, 21|4001, http://www.google.com, 
21|1, 21|989, 22|1039, 31|1094, 35|1128, 37|1186, 38|1211, 45|1231, 45|1237, 46|1242, 43|1296, 43|1469, 42|1489, 42|1545, 36|1588, 36|1622, 35|1630, 35|1880, 37|1943, 37|2075, 35|2086, 35|2173, 34|2192, 34|2373, 36|2379, 36|2839, 37|2855, 38|2912, 38|2939, 36|3002, 34|3028, 35|3065, 35|3157, 34|3164, 34|3183, 36|3193, 36|3392, 34|3396, 108|3404, 108|3429, 107|3437, 107|3602, 108|3608, 108|3812, 86|3830, 86|4001, http://www.linkedin.com, 
21|1, 21|1019, 46|1146, 46|1268, 47|1278, 56|1304, 56|1367, 60|1394, 60|1461, 72|1506, 72|1521, 60|1590, 63|1655, 63|1720, 69|1738, 65|1773, 64|1811, 64|1851, 65|1875, 65|1901, 66|1912, 66|1940, 65|1963, 65|2020, 64|2034, 66|2050, 60|2058, 58|2064, 52|2083, 52|2106, 51|2113, 51|2202, 50|2207, 50|2260, 49|2265, 49|2270, 46|2296, 46|2379, 44|2386, 44|2409, 45|2415, 45|2437, 41|2444, 41|2449, 37|2453, 37|2457, 35|2463, 35|2480, 34|2485, 34|2502, 35|2507, 34|2513, 34|2712, 33|2719, 33|2752, 32|2757, 32|3021, 28|3025, 28|3031, 26|3035, 26|3721, 27|3730, 27|3936, 28|3949, 28|4003, http://www.sina.com.cn, 
21|1, 21|1042, 22|1089, 21|1104, 23|1135, 23|1711, 25|1731, 25|1848, 26|1854, 26|1859, 27|1866, 27|1901, 26|1906, 26|1953, 24|1959, 24|1971, 23|1977, 23|1982, 24|1998, 24|2111, 23|2121, 23|2154, 25|2203, 25|2211, 29|2226, 32|2243, 32|2288, 37|2336, 39|2359, 40|2364, 39|2369, 38|2387, 37|2404, 33|2437, 33|2462, 29|2472, 29|2535, 30|2542, 31|2549, 33|2555, 33|2563, 32|2577, 32|2582, 35|2616, 35|2646, 38|2662, 37|2671, 37|2684, 36|2690, 36|2703, 37|2711, 37|2722, 35|2735, 27|2759, 27|2879, 26|2898, 26|3644, 27|3649, 27|3664, 28|3670, 28|3725, 29|3734, 29|3783, 28|3792, 28|3834, 30|3847, 30|3861, 29|3868, 29|3916, 28|3922, 28|4008, http://www.yahoo.com, 
21|1, 21|933, 23|994, 23|1487, 22|1499, 22|1935, 21|1944, 21|4002, http://www.imgur.com, 
21|1, 21|940, 22|964, 21|982, 23|990, 23|1520, 25|1529, 25|1598, 24|1611, 24|1705, 26|1714, 26|1886, 27|1904, 27|1984, 26|1990, 26|2055, 27|2062, 28|2068, 28|2072, 27|2079, 27|2161, 25|2168, 25|2197, 24|2202, 24|2207, 25|2213, 25|2228, 26|2249, 25|2270, 25|2318, 26|2338, 26|2439, 27|2452, 25|2519, 25|2665, 27|2673, 27|2704, 26|2714, 27|2732, 27|2793, 25|2799, 25|2806, 26|2823, 26|2882, 25|2889, 24|2898, 24|3004, 23|3010, 23|3025, 22|3030, 22|4002, http://www.vk.com, 
21|1, 21|821, 22|926, 23|966, 23|1549, 25|1584, 25|1608, 24|1628, 24|1687, 25|1694, 25|1783, 23|1793, 23|1944, 22|1959, 22|2054, 21|2058, 21|2462, 22|2468, 25|2479, 25|2724, 23|2729, 23|2873, 21|2877, 21|2976, 24|2992, 24|3011, 21|3017, 21|3025, 23|3031, 23|3057, 21|3067, 21|3131, 22|3141, 25|3153, 25|3162, 23|3173, 23|3211, 24|3220, 24|3246, 23|3256, 23|3264, 25|3278, 25|3313, 31|3398, 29|3424, 27|3466, 30|3543, 30|3567, 31|3593, 30|3645, 28|3665, 27|3680, 27|3731, 29|3740, 26|3765, 25|3785, 24|3794, 25|3806, 25|3858, 26|3873, 28|3909, 28|3984, 27|3989, 27|4003, http://www.netflix.com, 
21|1, 21|898, 22|950, 22|989, 23|1036, 23|1531, 25|1546, 25|1641, 26|1653, 27|1683, 27|1729, 25|1733, 25|1742, 24|1748, 24|1832, 25|1848, 25|2022, 23|2036, 23|2063, 22|2076, 22|4003, http://www.wikipedia.org, 
21|1, 21|980, 22|1023, 22|1037, 23|1088, 23|1629, 24|1651, 24|1757, 23|1763, 23|1807, 25|1813, 25|1910, 26|1921, 26|1985, 28|2021, 28|2063, 26|2072, 26|2077, 25|2081, 25|2085, 26|2121, 26|2167, 24|2190, 24|2254, 26|2328, 26|2349, 28|2367, 28|2395, 30|2433, 27|2439, 27|2525, 28|2533, 28|2546, 25|2559, 25|2633, 24|2642, 24|2664, 23|2677, 23|2804, 22|2809, 22|2902, 23|2914, 24|2926, 25|2953, 25|2963, 26|2988, 27|3009, 27|3044, 28|3068, 28|3086, 27|3093, 28|3113, 23|3129, 23|3165, 24|3173, 24|3277, 23|3345, 23|3698, 22|3707, 24|3724, 24|3815, 25|3836, 25|3864, 24|3874, 24|3927, 25|3935, 25|3959, 23|3969, 23|4001, http://www.imgur.com, 
21|1, 21|2447, 22|2454, 22|2509, 23|2560, 23|2617, 22|2634, 24|2659, 24|2979, 21|2997, 21|4001, http://www.google.com, 
21|1, 21|1060, 25|1110, 25|1289, 26|1307, 26|1627, 29|1652, 29|1889, 31|1934, 26|1955, 26|2189, 27|2202, 27|2209, 28|2222, 28|2299, 27|2317, 27|2340, 42|2401, 42|2447, 43|2472, 43|2485, 44|2520, 41|2537, 41|2597, 42|2612, 42|2759, 43|2770, 48|2786, 48|2795, 53|2806, 60|2817, 60|2835, 77|2857, 77|2871, 78|2888, 78|2983, 75|3015, 75|3021, 71|3028, 77|3064, 68|3090, 62|3105, 59|3122, 57|3142, 54|3152, 44|3183, 41|3191, 41|3205, 35|3216, 35|3251, 37|3265, 37|3406, 38|3423, 38|3443, 37|3448, 37|3587, 40|3603, 40|3688, 41|3694, 41|3699, 39|3704, 39|3715, 40|3728, 40|3844, 39|3856, 39|3927, 38|3934, 38|3943, 37|3951, 37|4006, http://www.baidu.com, 
21|1, 21|994, 26|1005, 26|1013, 27|1034, 39|1101, 38|1121, 45|1184, 44|1205, 44|1330, 43|1335, 43|1381, 42|1412, 40|1426, 40|1433, 36|1449, 36|1471, 35|1503, 35|1590, 37|1616, 37|1743, 35|1756, 35|1835, 34|1845, 34|1993, 35|2006, 36|2035, 36|2414, 38|2468, 38|2478, 40|2491, 40|2564, 38|2675, 38|2822, 36|2826, 36|2840, 35|2858, 35|2905, 36|2935, 36|3001, 34|3006, 34|3114, 35|3120, 35|4009, http://www.linkedin.com, 
21|1, 21|1019, 23|1047, 23|1468, 25|1495, 25|1575, 27|1621, 28|1670, 27|1675, 27|1894, 24|1898, 24|1948, 26|1977, 26|2023, 27|2029, 25|2033, 25|2077, 26|2122, 26|2151, 25|2156, 25|3280, 26|3296, 27|3304, 27|3312, 30|3327, 30|3350, 32|3371, 35|3393, 35|3437, 32|3444, 28|3451, 30|3460, 30|3508, 31|3514, 31|3568, 28|3578, 27|3583, 27|3889, 28|3896, 28|4003, http://www.instagram.com, 
21|1, 21|1063, 22|1077, 21|1092, 23|1122, 23|1645, 24|1664, 25|1695, 25|1752, 27|1760, 27|1791, 28|1804, 28|1842, 27|1850, 27|1892, 24|1897, 24|2086, 27|2098, 27|2103, 26|2112, 25|2117, 25|2157, 22|2167, 22|4013, http://www.reddit.com, 
21|1, 21|901, 22|944, 22|979, 21|1017, 21|1043, 23|1086, 23|1530, 25|1564, 25|1677, 24|1687, 24|1754, 26|1759, 26|1921, 25|1946, 25|1967, 27|1985, 27|2038, 26|2045, 26|2134, 27|2171, 27|2262, 25|2266, 25|2282, 24|2288, 24|2300, 25|2305, 25|2326, 26|2334, 26|2359, 24|2368, 24|2379, 25|2400, 25|2434, 26|2448, 26|2532, 27|2550, 26|2557, 26|2565, 24|2576, 24|2590, 25|2611, 25|2741, 24|2760, 24|2778, 25|2796, 25|2847, 26|2864, 26|2942, 24|2949, 25|2966, 25|3013, 23|3018, 23|3140, 22|3147, 22|4005, http://www.vk.com, 
21|1, 21|967, 22|991, 22|1030, 23|1081, 23|1635, 25|1660, 25|1866, 26|1879, 26|2062, 25|2068, 24|2076, 24|2364, 26|2386, 26|2473, 27|2497, 27|2626, 26|2633, 26|2732, 24|2754, 24|2855, 23|2876, 23|3186, 24|3196, 24|3201, 26|3212, 27|3220, 30|3228, 33|3237, 35|3250, 35|3269, 32|3275, 32|3403, 33|3410, 33|3415, 34|3431, 34|3448, 37|3471, 37|3481, 38|3491, 38|3658, 39|3669, 40|3677, 42|3707, 42|3799, 41|3837, 42|3870, 42|3926, 43|3961, 43|4059, http://www.sohu.com, 
21|1, 21|1080, 22|1114, 21|1154, 21|2516, 22|2528, 22|2612, 23|2665, 23|2701, 21|2713, 21|2747, 22|2840, 22|3046, 21|3056, 21|4002, http://www.google.com, 
21|1, 21|834, 22|927, 23|998, 23|1678, 25|1684, 25|1784, 24|1800, 24|1875, 25|1895, 25|1976, 24|1983, 24|2115, 27|2122, 27|2547, 23|2569, 23|2749, 22|2771, 22|2874, 21|2884, 21|4007, http://www.live.com, 
21|1, 21|936, 22|956, 22|983, 25|1063, 25|1275, 26|1282, 26|1607, 29|1659, 29|1710, 31|1737, 34|1752, 39|1766, 51|1779, 51|1902, 49|1915, 49|1929, 48|1938, 48|1982, 51|2006, 54|2019, 54|2262, 53|2268, 53|2274, 55|2281, 55|2297, 64|2302, 64|2312, 69|2318, 69|2384, 77|2392, 77|2422, 80|2427, 80|2447, 79|2463, 79|2484, 81|2490, 79|2506, 79|2516, 80|2522, 80|2561, 79|2575, 78|2583, 78|2739, 71|2745, 71|2891, 68|2898, 68|2909, 66|2922, 66|2944, 71|2953, 73|2959, 75|2965, 79|2974, 79|2981, 73|2986, 73|2996, 56|3024, 50|3033, 50|3047, 51|3057, 48|3075, 48|3090, 47|3101, 47|3113, 46|3122, 46|3145, 47|3154, 47|3170, 46|3197, 47|3218, 62|3255, 66|3287, 52|3332, 53|3385, 53|3408, 44|3454, 44|3472, 43|3497, 43|3536, 42|3552, 42|3583, 45|3606, 46|3611, 46|3620, 47|3627, 47|3670, 43|3678, 43|3691, 44|3698, 44|3739, 42|3744, 42|3779, 41|3788, 41|3849, 44|3859, 44|3873, 42|3887, 39|3896, 39|4007, http://www.baidu.com, 
22|1, 22|1137, 24|1173, 24|1721, 26|1749, 26|1810, 27|1821, 28|1830, 28|1894, 25|1902, 25|2141, 23|2147, 23|2220, 27|2238, 27|2319, 23|2325, 23|2336, 25|2344, 25|2355, 23|2372, 23|2454, 25|2471, 25|2507, 23|2534, 23|2730, 25|2740, 25|2838, 27|2844, 27|2896, 25|2909, 25|3179, 26|3190, 26|3450, 27|3455, 27|3520, 26|3525, 26|3690, 25|3704, 25|3763, 26|3769, 26|4004, http://www.amazon.com, 
22|1, 22|986, 23|1044, 23|1059, 27|1109, 27|1513, 25|1523, 23|1539, 23|1781, 22|1788, 22|2193, 26|2228, 26|2236, 28|2243, 30|2249, 30|2302, 28|2308, 28|2322, 27|2326, 27|2363, 26|2372, 26|2757, 25|2765, 25|3471, 26|3483, 26|3554, 27|3600, 27|3870, 28|3883, 28|3915, 29|3921, 29|3948, 30|3959, 30|4032, http://www.tmall.com, 
22|1, 22|981, 24|1069, 24|1611, 26|1623, 26|1771, 25|1797, 25|1962, 27|1972, 27|1991, 26|2004, 26|2388, 24|2407, 24|2412, 22|2417, 22|2676, 23|2680, 22|2690, 22|4004, http://www.live.com, 
22|1, 22|1068, 24|1100, 24|1624, 26|1652, 26|1685, 27|1693, 28|1700, 28|1748, 27|1754, 27|1768, 29|1778, 28|1790, 28|1985, 25|1992, 25|2066, 24|2075, 23|2083, 23|2094, 25|2107, 25|2176, 26|2201, 26|2243, 27|2253, 27|2308, 26|2313, 26|3147, 27|3180, 27|3229, 32|3269, 32|3290, 30|3302, 31|3314, 31|3354, 32|3366, 31|3378, 31|3388, 30|3394, 30|3487, 29|3494, 29|3525, 30|3530, 30|3756, 29|3770, 29|3873, 28|3908, 28|4038, http://www.instagram.com, 
22|1, 22|998, 23|1017, 23|1064, 22|1085, 24|1142, 24|1593, 26|1634, 26|1692, 28|1713, 28|1735, 29|1747, 29|1765, 26|1770, 26|1774, 25|1782, 25|1818, 26|1833, 26|1962, 25|1974, 25|1988, 27|1994, 27|2027, 26|2032, 26|2075, 25|2109, 25|2144, 24|2160, 24|3375, 25|3396, 25|3407, 28|3416, 29|3428, 32|3485, 36|3500, 37|3506, 37|3545, 36|3554, 36|3569, 35|3576, 29|3582, 29|3596, 31|3608, 31|3726, 28|3733, 28|3792, 27|3798, 27|3803, 26|3809, 27|3832, 27|4004, http://www.instagram.com, 
22|1, 22|890, 23|975, 23|1012, 24|1059, 24|1588, 26|1623, 26|1633, 25|1654, 25|1784, 26|1789, 27|1794, 27|1978, 28|1984, 28|2048, 27|2055, 27|2146, 28|2154, 29|2160, 29|2165, 28|2170, 28|2268, 26|2273, 26|2298, 25|2305, 26|2313, 26|2326, 27|2332, 25|2376, 25|2403, 26|2434, 26|2521, 27|2526, 27|2556, 25|2567, 25|2606, 24|2611, 24|2754, 25|2762, 25|2786, 24|2797, 25|2833, 25|2943, 23|2954, 24|2960, 24|4007, http://www.vk.com, 
23|1, 23|978, 24|1042, 25|1086, 25|1633, 27|1643, 27|1746, 29|1758, 29|1822, 27|1841, 27|2057, 26|2069, 24|2074, 24|4002, http://www.wikipedia.org, 
23|1, 23|985, 24|1036, 24|1075, 23|1086, 27|1142, 27|1347, 28|1366, 28|1622, 29|1645, 31|1672, 31|1918, 37|1936, 37|1988, 28|2002, 28|2065, 36|2075, 37|2081, 37|2209, 38|2227, 38|2256, 40|2271, 40|2346, 39|2370, 39|2426, 44|2443, 45|2450, 45|2455, 47|2463, 49|2473, 49|2482, 56|2490, 65|2507, 65|2633, 66|2647, 67|2654, 67|2665, 62|2687, 62|2695, 58|2720, 58|2731, 52|2744, 53|2751, 53|2825, 58|2872, 49|2900, 51|3014, 52|3077, 51|3130, 51|3154, 46|3163, 47|3212, 48|3239, 44|3277, 44|3297, 41|3312, 41|3417, 39|3421, 39|3425, 37|3430, 37|3456, 39|3469, 38|3477, 38|3486, 37|3492, 37|3497, 35|3505, 35|3518, 33|3524, 33|3704, 34|3710, 34|3760, 35|3766, 35|3850, 34|3866, 34|3956, 32|3961, 32|3979, 31|3990, 33|4026, http://www.baidu.com, 
23|1, 23|1006, 25|1025, 25|1589, 27|1598, 27|1681, 28|1687, 29|1702, 29|1763, 26|1768, 26|2022, 24|2033, 24|2124, 25|2131, 27|2137, 28|2143, 28|2213, 24|2218, 24|2379, 27|2392, 27|2411, 24|2429, 24|2504, 26|2520, 26|2615, 29|2643, 29|2685, 28|2703, 26|2713, 26|2953, 27|2970, 27|3041, 28|3056, 28|3137, 29|3155, 29|3173, 30|3192, 30|3215, 28|3220, 29|3229, 30|3243, 30|3300, 32|3314, 32|3341, 33|3354, 33|3374, 32|3389, 32|3404, 31|3419, 31|3446, 32|3452, 32|3508, 33|3515, 33|3581, 35|3594, 34|3602, 34|3616, 32|3620, 32|3735, 33|3745, 31|3749, 31|3754, 29|3759, 29|3814, 28|3819, 28|3846, 30|3854, 30|3992, 29|4000, 29|4004, http://www.amazon.com, 
22|1, 22|1019, 23|1056, 23|1076, 24|1099, 24|1679, 26|1686, 26|1837, 25|1846, 25|2065, 27|2083, 27|2510, 22|2518, 23|2526, 23|4004, http://www.live.com, 
24|1, 24|980, 26|1032, 26|1557, 28|1569, 28|1657, 27|1671, 27|1692, 28|1706, 29|1727, 29|1803, 26|1813, 26|1826, 27|1833, 27|1988, 26|1995, 26|2007, 25|2016, 25|2128, 27|2133, 27|2181, 28|2189, 28|2208, 29|2217, 31|2228, 34|2244, 35|2257, 36|2273, 36|2314, 38|2320, 40|2326, 40|2336, 41|2341, 41|2347, 42|2353, 42|2369, 43|2379, 43|2385, 42|2392, 42|2407, 40|2421, 41|2426, 38|2455, 42|2464, 41|2508, 39|2545, 39|2565, 33|2578, 35|2605, 39|2662, 39|2723, 35|2843, 29|2875, 29|3637, 30|3654, 31|3667, 31|3690, 32|3707, 33|3716, 33|3726, 32|3744, 32|3755, 33|3760, 33|3921, 34|3927, 34|3934, 35|3941, 35|3987, 34|3995, 34|4001, http://www.yahoo.com, 
25|1, 25|939, 26|1002, 25|1028, 25|1058, 29|1089, 29|1113, 34|1145, 34|1182, 33|1235, 33|1254, 31|1293, 31|1682, 30|1713, 30|1742, 37|1753, 38|1762, 38|1811, 40|1820, 44|1835, 42|1851, 42|1874, 41|1886, 40|1892, 40|1896, 37|1910, 37|1915, 36|1921, 36|1960, 35|1968, 35|2014, 37|2032, 37|2722, 36|2735, 36|2879, 35|2939, 35|4003, http://www.facebook.com, 
25|1, 25|957, 26|986, 26|1006, 25|1055, 25|1095, 27|1109, 31|1124, 31|1165, 32|1177, 34|1251, 32|1261, 32|1456, 31|1465, 31|1734, 30|1753, 30|1761, 38|1782, 38|1836, 39|1843, 40|1849, 44|1855, 42|1873, 42|1896, 41|1905, 41|1918, 40|1926, 40|1934, 39|1941, 39|1977, 38|1990, 38|2013, 40|2025, 40|2138, 38|2163, 37|2173, 37|2469, 38|2518, 38|2546, 39|2584, 39|2627, 37|2682, 37|4005, http://www.facebook.com, 
25|1, 25|1235, 27|1297, 27|1807, 29|1827, 29|1948, 28|1956, 28|2008, 30|2015, 30|2174, 29|2188, 29|2210, 31|2218, 31|2234, 30|2244, 30|2380, 32|2386, 31|2394, 31|2485, 29|2492, 29|2501, 28|2507, 28|2531, 29|2537, 29|2553, 30|2558, 30|2591, 29|2607, 29|2645, 30|2650, 30|2746, 31|2766, 32|2776, 30|2838, 30|2878, 28|2883, 29|2898, 29|3012, 28|3017, 28|3052, 30|3068, 30|3164, 31|3177, 29|3186, 29|3201, 30|3210, 30|3220, 31|3227, 31|3249, 30|3253, 30|3307, 29|3312, 29|3337, 27|3344, 27|3385, 28|3391, 28|3428, 27|3435, 27|3649, 26|3671, 26|4001, http://www.vk.com, 
25|1, 25|963, 26|984, 26|1026, 27|1049, 27|1418, 35|1444, 44|1461, 44|1489, 26|1517, 26|2022, 25|2029, 25|2050, 26|2073, 26|2121, 27|2131, 27|2416, 26|2421, 26|3364, 25|3372, 25|4002, http://www.qq.com, 
24|1, 24|924, 26|1041, 26|1476, 25|1492, 25|2005, 24|2009, 24|4004, http://www.imgur.com, 
24|1, 24|923, 25|975, 24|1025, 26|1050, 26|1618, 28|1647, 28|1721, 30|1732, 30|1791, 28|1798, 28|2021, 25|2030, 25|4004, http://www.wikipedia.org, 
24|1, 24|1835, 30|1861, 30|2116, 34|2154, 50|2189, 50|2210, 54|2229, 54|2426, 63|2448, 63|2480, 68|2517, 74|2541, 74|2631, 87|2657, 87|2666, 89|2692, 89|2729, 100|2790, 100|2799, 105|2878, 97|2930, 97|2998, 99|3078, 108|3105, 118|3135, 118|3160, 119|3197, 119|3209, 115|3226, 115|3241, 114|3254, 114|3272, 112|3276, 112|3322, 111|3329, 111|3333, 107|3344, 107|3358, 105|3367, 105|3379, 106|3384, 109|3395, 109|3401, 104|3409, 104|3477, 102|3485, 102|3493, 100|3498, 100|3503, 98|3509, 96|3516, 96|3521, 93|3525, 93|3530, 91|3535, 91|3543, 90|3548, 86|3559, 85|3572, 83|3590, 82|3603, 82|3611, 83|3622, 80|3631, 79|3637, 79|3652, 78|3675, 78|3773, 76|3804, 76|3855, 75|3868, 75|3882, 70|3897, 66|3915, 66|4003, http://www.360.cn, 
24|1, 24|1496, 31|1523, 31|1895, 29|1905, 28|1913, 28|2503, 25|2512, 25|2519, 29|2548, 29|2568, 30|2597, 30|2602, 31|2610, 31|2625, 29|2638, 29|2643, 28|2658, 28|2663, 27|2668, 28|2673, 28|2716, 27|2722, 27|2912, 26|2917, 26|3444, 27|3462, 27|3471, 28|3480, 28|3563, 30|3569, 30|3595, 36|3602, 44|3611, 44|3645, 46|3650, 46|3656, 49|3662, 49|3701, 51|3711, 50|3717, 50|3722, 48|3727, 48|3756, 50|3765, 52|3778, 52|3794, 54|3816, 53|3830, 53|3843, 54|3852, 53|3864, 52|3872, 51|3877, 51|3935, 50|3941, 50|3956, 49|3969, 49|3987, 48|3993, 49|4061, http://www.taobao.com, 
24|1, 24|926, 25|955, 24|1050, 24|2562, 25|2577, 25|2860, 27|2878, 27|3178, 24|3183, 24|4002, http://www.google.com, 
24|1, 24|946, 26|1009, 26|1721, 27|1752, 27|1923, 28|1930, 28|1985, 26|1996, 26|2426, 27|2432, 27|2676, 28|2682, 28|2919, 27|2924, 27|3512, 26|3520, 26|3669, 25|3688, 25|3751, 26|3757, 26|3850, 27|3856, 27|4004, http://www.qq.com, 
24|1, 24|1032, 26|1094, 26|1631, 28|1683, 28|1908, 29|1925, 29|2073, 27|2083, 27|2466, 31|2475, 31|2667, 30|2672, 30|2911, 29|2922, 29|3108, 24|3113, 24|3330, 25|3346, 25|3398, 31|3409, 31|3570, 32|3581, 33|3592, 34|3599, 34|3609, 36|3620, 36|3642, 37|3655, 37|3743, 38|3791, 38|3829, 40|3846, 42|3874, 43|3954, 46|4051, http://www.sohu.com, 
24|1, 24|1108, 26|1141, 26|1866, 27|1877, 27|1940, 28|1967, 28|2029, 29|2051, 29|2109, 27|2136, 28|2162, 28|2276, 26|2297, 26|3144, 25|3148, 25|3826, 24|3831, 24|4004, http://www.qq.com, 
24|1, 24|904, 25|954, 25|999, 24|1018, 26|1052, 26|1295, 34|1337, 42|1368, 42|1507, 25|1534, 25|1623, 26|1646, 26|1771, 27|1777, 27|1886, 28|1904, 28|1935, 30|1954, 30|2014, 29|2034, 29|2246, 30|2254, 33|2260, 33|2284, 30|2289, 30|2294, 25|2300, 25|2591, 26|2601, 28|2607, 31|2617, 31|2645, 25|2650, 25|2888, 24|2893, 24|2905, 25|2910, 24|2929, 24|2942, 25|2950, 25|3182, 26|3191, 26|3542, 28|3554, 28|3791, 29|3798, 29|4002, http://www.qq.com, 
24|1, 24|1087, 26|1151, 26|1894, 27|1950, 27|1970, 28|2025, 29|2067, 28|2119, 28|2220, 29|2281, 29|2437, 26|2458, 26|2594, 27|2605, 27|2923, 25|2929, 25|2937, 26|2944, 26|3142, 27|3150, 27|3222, 26|3229, 26|3572, 28|3583, 28|3901, 30|3908, 31|3918, 31|3938, 26|3943, 26|4005, http://www.qq.com, 
24|1, 24|848, 25|892, 25|967, 26|976, 24|1001, 25|1009, 30|1021, 30|1272, 39|1285, 39|1306, 58|1340, 58|1399, 60|1413, 65|1432, 67|1443, 73|1451, 83|1485, 83|1538, 64|1582, 64|1619, 65|1653, 65|1658, 77|1685, 77|1693, 78|1705, 78|1716, 83|1733, 83|1747, 80|1756, 76|1769, 68|1774, 68|1783, 69|1801, 69|1876, 68|1884, 68|1946, 65|1959, 59|1981, 59|1986, 55|1992, 55|1998, 52|2002, 52|2006, 50|2023, 50|2186, 52|2193, 53|2200, 53|2206, 54|2226, 54|2268, 51|2272, 51|2298, 52|2308, 42|2313, 42|2318, 33|2322, 33|2487, 32|2492, 32|2516, 31|2520, 31|2525, 30|2531, 30|2539, 29|2549, 29|2680, 28|2687, 28|2779, 27|2783, 27|2821, 28|2830, 28|3114, 27|3121, 27|3207, 28|3216, 29|3227, 29|3264, 30|3271, 30|3506, 29|3512, 29|3585, 28|3590, 28|4004, http://www.sina.com.cn, 
24|1, 24|1063, 26|1129, 26|1588, 28|1610, 28|1685, 29|1693, 31|1699, 31|1765, 29|1771, 29|1777, 27|1782, 27|2108, 25|2112, 25|2153, 28|2160, 28|2240, 25|2253, 25|2385, 28|2404, 29|2435, 29|2449, 25|2477, 25|2681, 27|2687, 27|2755, 30|2788, 30|2819, 29|2850, 27|2863, 27|3077, 28|3088, 28|3161, 29|3168, 29|3247, 30|3256, 30|3313, 28|3321, 28|3326, 29|3355, 29|3395, 31|3439, 31|3498, 30|3503, 30|3618, 28|3627, 28|3673, 27|3681, 27|3788, 28|3795, 28|4011, http://www.amazon.com, 
24|1, 24|942, 26|967, 26|1492, 25|1504, 25|1953, 24|1957, 24|4001, http://www.imgur.com, 
24|1, 24|903, 26|1006, 26|1442, 28|1470, 28|1929, 29|1952, 27|1972, 27|2170, 28|2181, 28|2420, 29|2426, 29|2463, 27|2471, 27|2555, 28|2583, 34|2626, 34|2648, 35|2671, 35|2784, 36|2800, 36|3006, 37|3024, 38|3031, 38|3039, 40|3048, 40|3172, 39|3190, 38|3209, 38|3251, 39|3266, 41|3290, 41|3392, 42|3414, 43|3443, 46|3518, 46|3626, 48|3693, 48|3730, 50|3759, 47|3802, 46|3848, 47|3865, 48|3875, 48|3975, 49|3981, 49|4002, http://www.sohu.com, 
24|1, 24|1009, 26|1034, 26|1451, 28|1492, 28|1581, 30|1623, 30|1667, 29|1675, 29|1680, 28|1695, 28|1700, 30|1728, 30|1799, 27|1814, 27|2009, 25|2013, 25|3681, 26|3686, 27|3697, 27|3746, 25|3767, 25|4006, http://www.reddit.com, 
24|1, 24|952, 25|957, 25|985, 26|1021, 26|1440, 28|1548, 28|1594, 30|1634, 30|1655, 29|1669, 29|1687, 28|1699, 28|1826, 29|1854, 29|1896, 27|1905, 27|1996, 25|2012, 25|4011, http://www.reddit.com, 
24|1, 24|1525, 26|1618, 26|2373, 25|2381, 25|2548, 24|2557, 24|4004, http://www.vk.com, 
24|1, 24|1015, 25|1051, 24|1081, 26|1102, 26|1612, 28|1673, 28|1718, 31|1736, 31|1794, 29|1807, 29|1933, 27|1946, 27|2091, 25|2106, 25|2248, 28|2266, 29|2332, 25|2346, 25|2658, 35|2676, 35|2696, 25|2705, 25|2738, 27|2747, 27|2818, 30|2830, 30|2883, 29|2901, 27|2921, 27|3285, 28|3294, 28|3343, 29|3367, 29|3433, 30|3440, 30|3498, 29|3511, 29|3548, 30|3555, 30|3627, 31|3634, 31|3685, 30|3695, 30|3712, 28|3717, 28|3862, 27|3867, 27|3883, 29|3888, 29|4001, http://www.amazon.com, 
24|1, 24|1125, 26|1159, 26|1673, 28|1684, 28|1760, 31|1793, 31|1850, 27|1857, 27|2140, 26|2150, 25|2156, 25|2172, 29|2183, 29|2198, 32|2235, 33|2255, 26|2264, 26|2408, 30|2452, 30|2468, 28|2495, 28|2504, 29|2536, 33|2595, 33|2664, 27|2706, 27|2769, 28|2775, 28|2822, 29|2839, 29|3010, 28|3015, 28|3019, 29|3031, 29|3114, 30|3121, 30|3148, 31|3163, 31|3173, 29|3186, 30|3192, 30|3212, 31|3219, 31|3260, 32|3277, 32|3289, 34|3306, 32|3323, 32|3341, 31|3374, 31|3392, 32|3397, 32|3427, 33|3434, 33|3472, 34|3479, 34|3511, 33|3539, 33|3582, 35|3588, 35|3632, 33|3644, 33|3739, 29|3745, 30|3751, 30|3875, 31|3880, 32|3886, 32|3891, 36|3902, 37|3941, 38|4022, http://www.amazon.com, 
24|1, 24|994, 25|1025, 24|1044, 24|1077, 26|1149, 26|1633, 28|1665, 28|1882, 29|1888, 29|2057, 27|2068, 27|2350, 30|2387, 30|2651, 29|2671, 29|2697, 25|2732, 25|2857, 24|2890, 24|2959, 25|2969, 25|3132, 26|3140, 26|3187, 27|3194, 31|3210, 34|3219, 34|3376, 35|3389, 35|3409, 36|3416, 36|3430, 38|3478, 40|3491, 40|3545, 41|3553, 41|3626, 42|3650, 45|3701, 45|3803, 46|3842, 46|4004, http://www.sohu.com, 
24|1, 24|992, 25|1025, 26|1086, 26|1430, 32|1439, 34|1446, 34|1471, 43|1483, 43|1618, 25|1663, 25|1683, 26|1689, 26|1929, 27|1937, 27|2053, 26|2057, 26|2720, 29|2743, 30|2784, 30|2922, 29|2928, 29|3004, 30|3013, 30|3175, 31|3183, 31|3222, 32|3229, 32|3424, 33|3432, 33|3606, 37|3622, 37|3801, 40|3831, 43|3858, 38|3880, 38|3912, 40|3966, 40|4008, http://www.qq.com, 
24|1, 24|904, 26|948, 26|1281, 31|1338, 34|1356, 36|1399, 25|1414, 25|1777, 27|1797, 27|1915, 26|1925, 26|2051, 24|2055, 24|2060, 25|2066, 25|2366, 26|2372, 26|2591, 27|2597, 27|3190, 31|3198, 31|3488, 29|3499, 29|3514, 26|3524, 26|3572, 25|3595, 26|3615, 26|3842, 25|3858, 25|3868, 30|3876, 30|3929, 34|3943, 36|3963, 36|3971, 37|3983, 37|3993, 34|3999, 33|4006, http://www.jd.com, 
24|1, 24|1090, 30|1137, 30|1268, 33|1289, 33|1448, 42|1466, 42|1573, 45|1597, 62|1681, 62|1805, 63|1829, 63|1896, 74|1910, 74|1932, 80|1942, 80|2059, 86|2066, 86|2080, 81|2094, 81|2100, 66|2115, 66|2201, 69|2208, 69|2220, 68|2225, 68|2272, 66|2288, 66|2382, 58|2403, 59|2418, 59|2440, 56|2446, 56|2452, 52|2460, 52|2499, 53|2505, 53|2510, 51|2515, 50|2523, 50|2586, 43|2593, 43|2599, 37|2604, 37|2643, 38|2649, 38|2676, 37|2685, 38|2691, 38|2812, 37|2823, 37|2840, 36|2845, 36|2920, 35|2925, 29|2934, 29|3170, 28|3175, 28|3667, 29|3676, 29|3823, 30|3833, 30|4003, http://www.sina.com.cn, 
24|1, 24|1075, 26|1102, 26|1717, 27|1786, 27|1951, 26|1955, 26|1967, 27|1973, 27|2092, 26|2099, 26|2588, 29|2613, 29|2626, 30|2642, 30|2696, 31|2726, 32|2747, 32|2752, 29|2762, 29|2820, 30|2827, 30|2892, 28|2901, 28|2955, 27|2972, 27|3000, 24|3025, 24|3106, 25|3129, 25|3156, 27|3165, 27|3223, 31|3243, 31|3255, 32|3266, 32|3282, 33|3293, 33|3348, 34|3367, 34|3394, 36|3407, 36|3430, 37|3437, 37|3461, 38|3472, 38|3481, 40|3493, 40|3512, 44|3520, 44|3554, 45|3567, 45|3571, 46|3586, 47|3601, 47|3609, 50|3620, 51|3631, 51|3645, 44|3654, 47|3701, 45|3808, 46|3933, 46|4034, http://www.jd.com, 
24|1, 24|895, 25|933, 29|976, 29|1321, 26|1341, 25|1372, 25|1584, 24|1601, 24|2012, 28|2025, 28|2069, 29|2081, 32|2089, 32|2116, 30|2122, 30|2149, 29|2155, 30|2163, 30|2190, 29|2194, 29|2199, 28|2204, 28|2559, 27|2571, 27|3372, 28|3395, 28|3415, 29|3432, 30|3442, 30|3451, 31|3461, 31|3496, 32|3505, 32|3619, 35|3646, 35|3660, 36|3677, 36|3739, 37|3752, 37|3835, 38|3849, 39|3871, 39|3905, 40|3929, 40|3954, 38|3968, 38|4006, http://www.tmall.com, 
24|1, 24|1081, 27|1099, 28|1105, 28|1116, 30|1142, 30|1158, 33|1174, 33|1218, 34|1235, 34|1248, 32|1254, 32|1308, 31|1324, 31|1485, 30|1527, 30|1723, 31|1742, 34|1772, 34|1777, 37|1794, 37|1824, 38|1844, 41|1863, 41|1888, 38|1902, 38|1938, 37|1942, 36|1962, 36|2001, 38|2008, 38|2115, 37|2134, 37|2139, 36|2165, 36|2346, 38|2374, 38|2402, 40|2447, 39|2472, 39|2482, 36|2492, 36|2540, 38|2567, 36|2583, 36|4002, http://www.facebook.com, 
24|1, 24|1291, 25|1341, 24|1443, 24|1531, 26|1595, 26|2059, 25|2091, 25|2526, 24|2533, 24|4001, http://www.imgur.com, 
24|1, 24|931, 25|970, 25|998, 26|1065, 26|1548, 28|1597, 28|1625, 30|1657, 30|1679, 31|1710, 28|1718, 28|1723, 27|1733, 27|1782, 28|1790, 28|1920, 29|1927, 29|1952, 27|1967, 27|1972, 28|2021, 27|2036, 27|2052, 26|2068, 27|2087, 27|2121, 26|2134, 26|3194, 27|3204, 30|3215, 31|3240, 31|3267, 34|3279, 38|3299, 38|3331, 37|3339, 36|3344, 31|3361, 31|3366, 33|3379, 33|3427, 32|3440, 31|3448, 31|3459, 28|3467, 28|3602, 29|3617, 29|3819, 28|3824, 28|3897, 29|3994, 29|4013, http://www.instagram.com, 
24|1, 24|1091, 25|1103, 25|1140, 24|1150, 24|1162, 27|1181, 28|1218, 28|1415, 29|1430, 29|1770, 32|1788, 32|1888, 33|1895, 34|1902, 37|1921, 40|1928, 42|1942, 50|1951, 52|1964, 54|1970, 54|2070, 52|2078, 52|2084, 50|2097, 50|2135, 55|2151, 55|2156, 56|2168, 56|2344, 55|2349, 55|2434, 54|2439, 54|2468, 64|2480, 65|2496, 65|2502, 67|2508, 71|2516, 76|2523, 78|2531, 78|2546, 81|2559, 81|2593, 82|2600, 83|2606, 84|2612, 84|2617, 85|2632, 85|2643, 81|2655, 81|2753, 80|2759, 80|2764, 77|2805, 77|2821, 70|2829, 70|2877, 72|2902, 72|2986, 70|2993, 70|2997, 68|3016, 69|3048, 69|3134, 67|3143, 65|3149, 65|3165, 64|3174, 64|3209, 67|3299, 61|3379, 61|3387, 53|3426, 51|3478, 51|3562, 52|3572, 54|3591, 58|3607, 62|3622, 62|3640, 52|3654, 52|3781, 47|3786, 47|3924, 44|3934, 44|4003, http://www.baidu.com, 
24|1, 24|1004, 29|1080, 29|1425, 28|1439, 27|1447, 25|1464, 25|1779, 24|1784, 24|2070, 28|2097, 29|2113, 29|2126, 31|2136, 31|2155, 33|2174, 33|2180, 29|2195, 29|2222, 30|2233, 30|2242, 29|2252, 29|2276, 28|2285, 28|2460, 27|2465, 27|2787, 28|2791, 28|3022, 27|3027, 27|3396, 28|3468, 28|3695, 29|3713, 29|3918, 30|3926, 34|4005, http://www.tmall.com, 
24|1, 24|1117, 25|1163, 25|1192, 26|1235, 26|1769, 28|1821, 28|1885, 30|1903, 30|1949, 31|1963, 31|1968, 30|1976, 30|2168, 27|2174, 27|2216, 25|2230, 25|2250, 27|2257, 28|2319, 28|2342, 29|2375, 29|2405, 28|2426, 28|3190, 41|3418, 40|3444, 40|3491, 35|3502, 35|3579, 33|3598, 33|3636, 32|3643, 32|3709, 30|3717, 30|3789, 31|3796, 30|4050, http://www.instagram.com, 
24|1, 24|972, 25|990, 24|1014, 26|1026, 26|1422, 44|1486, 44|1642, 25|1733, 25|1841, 26|1860, 26|1893, 27|1911, 28|1929, 28|1934, 30|1969, 31|1982, 31|2012, 30|2026, 30|2095, 31|2102, 31|2140, 32|2148, 32|2352, 33|2380, 33|2528, 34|2557, 37|2586, 37|2740, 38|2758, 38|2861, 36|3041, 36|3072, 35|3107, 33|3162, 29|3186, 27|3196, 27|3353, 26|3359, 26|3642, 25|3647, 25|4001, http://www.qq.com, 
24|1, 24|1055, 25|1088, 26|1152, 26|1657, 28|1680, 28|1695, 27|1714, 27|1795, 29|1803, 29|1895, 25|1907, 25|2129, 24|2134, 24|2913, 25|2922, 28|2929, 28|2944, 26|2951, 26|3251, 27|3256, 29|3264, 29|3298, 26|3303, 26|3307, 27|3312, 27|3337, 24|3385, 24|3419, 25|3426, 25|3435, 28|3444, 28|3459, 26|3464, 26|3501, 27|3511, 26|3523, 26|3613, 28|3636, 28|3681, 34|3755, 34|3787, 36|3869, 36|3906, 31|3986, 30|4031, http://www.netflix.com, 
24|1, 24|1100, 26|1159, 26|1586, 28|1613, 28|1741, 30|1764, 30|1771, 29|1778, 29|1840, 27|1856, 27|1862, 26|1871, 27|1882, 27|2121, 29|2130, 29|2140, 30|2146, 30|2151, 31|2168, 31|2174, 35|2205, 35|2211, 36|2236, 36|2259, 42|2292, 43|2312, 44|2343, 44|2368, 39|2390, 36|2406, 36|2419, 38|2436, 40|2477, 41|2505, 42|2515, 46|2533, 45|2558, 45|2600, 44|2613, 44|2618, 43|2632, 43|2639, 33|2643, 33|2654, 31|2663, 31|2669, 29|2694, 29|3421, 30|3430, 30|3460, 32|3476, 32|3481, 33|3493, 33|3528, 32|3540, 32|3551, 31|3566, 31|3664, 34|3670, 33|3679, 33|3768, 34|3780, 34|3809, 37|3821, 37|3850, 34|3857, 37|3869, 37|3883, 36|3896, 36|3901, 35|3912, 35|3932, 29|3952, 29|4004, http://www.yahoo.com, 
24|1, 24|937, 25|1003, 31|1048, 31|1390, 30|1436, 30|1468, 29|1494, 29|1586, 31|1614, 31|1754, 28|1760, 28|1872, 27|1876, 27|2014, 24|2028, 24|2075, 27|2096, 27|2185, 26|2191, 26|2692, 27|2698, 27|2705, 28|2711, 28|2791, 32|2799, 32|2822, 37|2828, 37|2880, 38|2885, 40|2891, 43|2896, 43|2901, 45|2907, 45|2912, 46|2918, 46|2953, 43|2958, 43|2968, 46|2979, 46|2984, 45|2988, 45|3003, 44|3014, 44|3024, 43|3028, 43|3037, 45|3043, 45|3110, 48|3119, 48|3123, 50|3128, 50|3134, 51|3139, 54|3145, 54|3191, 55|3198, 55|3215, 53|3227, 53|3233, 52|3261, 50|3267, 50|3272, 48|3278, 50|3296, 50|3464, 49|3478, 49|3782, 51|3802, 51|3847, 52|3874, 52|4003, http://www.taobao.com, 
24|1, 24|898, 25|957, 24|1006, 28|1027, 28|1224, 29|1242, 29|1535, 32|1582, 32|1691, 34|1705, 34|1711, 42|1725, 42|1744, 50|1751, 50|1847, 48|1853, 48|1945, 52|1970, 56|1978, 56|2099, 55|2103, 55|2201, 56|2208, 56|2236, 58|2243, 60|2254, 61|2259, 61|2278, 71|2296, 72|2301, 72|2309, 77|2323, 77|2352, 75|2367, 75|2372, 74|2392, 74|2404, 75|2409, 76|2423, 76|2489, 77|2505, 77|2523, 76|2535, 74|2567, 74|2598, 73|2605, 69|2645, 69|2709, 70|2773, 67|2807, 67|2888, 79|2914, 84|2922, 88|2940, 87|2961, 72|3010, 71|3035, 71|3078, 70|3087, 70|3102, 71|3112, 71|3208, 84|3273, 83|3341, 72|3410, 55|3454, 52|3489, 59|3511, 58|3535, 45|3553, 45|3606, 47|3615, 47|3642, 45|3647, 45|3721, 42|3725, 42|3782, 37|3787, 37|3792, 40|3799, 40|3829, 37|3834, 37|3849, 35|3870, 35|3963, 36|3970, 36|3979, 37|3990, 37|4001, http://www.baidu.com, 
24|1, 24|1143, 26|1215, 26|1783, 28|1811, 28|1899, 29|1913, 30|1925, 30|2003, 28|2013, 28|2137, 26|2165, 26|2286, 25|2341, 25|4004, http://www.wikipedia.org, 
24|1, 24|1009, 26|1028, 26|1595, 28|1617, 28|1803, 29|1811, 29|2016, 27|2020, 27|2435, 30|2482, 30|2573, 29|2611, 29|2793, 28|2823, 28|3108, 29|3115, 29|3265, 25|3269, 25|3356, 26|3363, 26|3378, 32|3386, 32|3558, 33|3567, 34|3578, 34|3593, 35|3601, 35|3637, 36|3644, 36|3682, 38|3712, 38|3743, 42|3876, 43|3936, 45|3979, 45|4004, http://www.sohu.com, 
24|1, 24|1013, 25|1031, 25|1051, 24|1081, 24|1093, 26|1105, 26|1648, 25|1690, 25|2050, 26|2058, 26|2085, 25|2102, 25|2301, 26|2308, 26|2866, 30|2874, 30|3176, 25|3183, 25|3292, 24|3299, 24|3587, 26|3595, 26|3616, 27|3621, 27|3626, 29|3641, 30|3648, 30|3670, 31|3676, 32|3686, 32|3751, 33|3756, 33|3794, 36|3800, 36|3842, 39|3852, 39|3890, 40|3903, 41|3937, 42|3958, 47|4024, http://www.jd.com, 
24|1, 24|1140, 26|1209, 26|1646, 28|1685, 28|1732, 27|1748, 27|1830, 28|1845, 28|1874, 29|1891, 29|1934, 27|1942, 27|1949, 28|1959, 28|1984, 27|1990, 27|2131, 26|2138, 26|2143, 27|2147, 27|2169, 29|2199, 32|2233, 36|2250, 36|2270, 34|2276, 34|2317, 35|2336, 35|2342, 36|2364, 37|2378, 39|2384, 39|2399, 37|2408, 37|2414, 36|2423, 36|2441, 37|2463, 34|2475, 34|2486, 35|2498, 42|2510, 42|2570, 36|2597, 36|2602, 37|2615, 38|2627, 38|2648, 32|2705, 34|2755, 30|2792, 30|2902, 29|2916, 29|3492, 31|3498, 31|3505, 32|3514, 32|3571, 33|3587, 33|3625, 31|3629, 31|3640, 29|3646, 29|3661, 31|3666, 31|3734, 30|3746, 30|3752, 31|3768, 31|3885, 30|3905, 30|3982, 29|3987, 30|4001, http://www.yahoo.com, 
24|1, 24|978, 25|1027, 24|1090, 24|2063, 25|2103, 25|2212, 26|2260, 24|2299, 24|2365, 25|2394, 25|2622, 24|2637, 24|4005, http://www.google.com, 
24|1, 24|986, 26|1020, 26|1575, 27|1587, 28|1598, 28|1655, 29|1660, 30|1667, 30|1699, 31|1712, 31|1721, 28|1725, 27|1734, 27|1776, 28|1781, 28|1960, 26|1985, 26|2008, 27|2035, 27|2040, 28|2136, 28|2173, 27|2181, 27|3223, 28|3247, 31|3317, 32|3378, 30|3455, 30|3489, 33|3542, 33|3572, 30|3576, 30|3923, 29|3951, 29|4020, http://www.instagram.com, 
24|1, 24|955, 26|1033, 26|1560, 28|1565, 28|1657, 31|1674, 31|1726, 29|1733, 29|1832, 27|1842, 27|1977, 25|1992, 25|2426, 27|2434, 32|2455, 32|2528, 25|2534, 25|3189, 27|3213, 27|3278, 30|3343, 30|3365, 27|3382, 27|3449, 28|3459, 28|3506, 29|3512, 29|3776, 30|3783, 30|3837, 29|3850, 30|4008, http://www.amazon.com, 
24|1, 24|1016, 25|1071, 24|1094, 24|1099, 26|1169, 26|1611, 28|1657, 28|1734, 30|1767, 30|1808, 28|1825, 28|2069, 27|2074, 27|2107, 25|2120, 25|4005, http://www.wikipedia.org, 
24|1, 24|954, 25|1014, 26|1044, 26|1621, 27|1639, 28|1648, 28|2033, 26|2066, 26|2157, 27|2164, 27|2405, 28|2417, 28|2541, 29|2558, 29|2625, 27|2642, 27|2658, 34|2689, 34|2787, 35|2810, 35|2892, 36|2902, 36|2987, 38|3013, 40|3080, 40|3208, 41|3251, 43|3294, 43|3400, 42|3409, 42|3430, 41|3450, 41|3490, 43|3528, 43|3561, 44|3570, 44|3612, 45|3671, 45|3770, 49|3864, 46|3914, 46|3962, 45|4000, 45|4007, http://www.sohu.com, 
24|1, 24|909, 25|937, 25|1010, 26|1039, 26|1615, 25|1630, 25|1656, 28|1679, 28|1794, 29|1800, 30|1806, 30|1888, 27|1902, 27|2028, 26|2053, 26|2137, 25|2141, 25|2269, 29|2289, 29|2306, 27|2310, 27|2571, 28|2576, 30|2583, 30|2625, 29|2648, 29|2666, 26|2672, 26|2677, 25|2683, 25|2721, 26|2731, 29|2745, 29|2758, 27|2763, 27|2795, 28|2807, 28|2820, 27|2833, 27|2867, 29|2880, 29|2907, 31|2924, 35|2974, 35|2986, 31|3070, 33|3122, 31|3156, 31|3172, 26|3305, 28|3358, 28|3559, 29|3581, 29|3605, 31|3618, 31|3725, 29|3731, 29|3738, 30|3745, 30|3837, 28|3842, 28|3856, 30|3864, 30|3924, 29|3946, 29|4001, http://www.netflix.com, 
24|1, 24|1036, 25|1071, 28|1106, 28|1336, 29|1373, 29|1639, 30|1647, 32|1663, 32|1776, 34|1786, 42|1804, 42|1817, 46|1825, 46|1934, 44|1942, 44|1953, 43|1973, 43|2023, 47|2045, 47|2173, 51|2181, 51|2280, 50|2290, 51|2302, 51|2316, 50|2322, 52|2330, 55|2342, 55|2348, 57|2355, 59|2361, 59|2383, 60|2388, 67|2396, 67|2427, 70|2440, 70|2458, 74|2485, 62|2501, 62|2544, 63|2549, 63|2616, 62|2620, 62|2626, 60|2631, 61|2636, 61|2643, 62|2648, 61|2654, 61|2688, 58|2693, 58|2697, 59|2702, 61|2713, 62|2725, 64|2733, 64|2741, 65|2746, 65|2843, 68|2861, 68|2973, 70|2989, 70|3015, 67|3047, 67|3086, 81|3137, 84|3173, 76|3245, 81|3296, 71|3316, 71|3353, 75|3395, 84|3432, 86|3446, 79|3457, 79|3466, 77|3477, 77|3500, 76|3506, 76|3539, 75|3550, 73|3565, 73|3638, 71|3644, 73|3652, 73|3657, 74|3664, 77|3670, 78|3676, 81|3688, 81|3693, 85|3699, 87|3706, 88|3713, 84|3732, 70|3756, 62|3762, 62|3767, 58|3780, 58|3785, 55|3800, 55|3876, 49|3884, 50|3892, 50|3932, 51|3945, 51|3968, 56|3976, 56|4005, http://www.baidu.com, 
24|1, 24|956, 25|980, 24|1006, 26|1042, 26|1610, 25|1653, 25|1821, 26|1833, 28|1843, 28|1962, 30|1988, 30|2034, 29|2038, 29|2054, 25|2082, 25|2429, 26|2436, 28|2446, 29|2452, 29|2474, 27|2478, 27|2834, 26|2839, 26|2844, 25|2852, 25|2948, 30|2968, 30|2981, 27|2990, 27|3001, 28|3019, 28|3059, 29|3074, 29|3184, 27|3194, 27|3241, 29|3261, 29|3301, 31|3314, 31|3371, 33|3395, 36|3440, 31|3466, 30|3472, 31|3526, 32|3620, 30|3735, 31|3777, 31|3783, 29|3825, 29|3854, 30|3892, 32|3909, 32|3948, 31|3968, 31|3980, 30|3990, 30|4004, http://www.netflix.com, 
24|1, 24|991, 26|1016, 26|1588, 28|1619, 28|1689, 30|1711, 30|1773, 28|1814, 28|1993, 25|2007, 25|4004, http://www.wikipedia.org, 
24|1, 24|1048, 29|1076, 29|1380, 25|1418, 25|1755, 24|1762, 24|2061, 29|2087, 31|2102, 31|2176, 29|2181, 29|2206, 28|2214, 28|2618, 27|2626, 27|3239, 28|3263, 29|3295, 29|3456, 30|3474, 30|3536, 31|3553, 31|3648, 33|3671, 33|3711, 34|3748, 34|3789, 35|3802, 35|3848, 36|3868, 36|3925, 38|3937, 38|3948, 39|3955, 38|3963, 39|3996, 40|4016, http://www.tmall.com, 
24|1, 24|1063, 26|1177, 26|1691, 28|1748, 28|1792, 27|1797, 27|1853, 29|1875, 29|1963, 25|1978, 25|2035, 26|2041, 26|2102, 25|2111, 25|2287, 24|2296, 24|2500, 25|2507, 27|2517, 28|2524, 28|2761, 26|2766, 26|2772, 29|2781, 29|2810, 28|2817, 30|2832, 30|2855, 28|2869, 27|2887, 27|2893, 28|2917, 28|3002, 26|3010, 26|3123, 28|3143, 28|3157, 30|3180, 30|3196, 32|3210, 32|3230, 33|3257, 33|3293, 30|3315, 30|3343, 27|3417, 28|3467, 29|3542, 29|3556, 30|3601, 26|3663, 27|3703, 27|3738, 29|3767, 29|3809, 30|3818, 30|3840, 29|3845, 29|3875, 31|3891, 31|3912, 29|3917, 29|3954, 30|3970, 30|3980, 28|3987, 28|4005, http://www.netflix.com, 
24|1, 24|990, 25|1055, 24|1082, 24|1105, 26|1141, 26|2077, 28|2088, 28|2105, 26|2109, 26|2114, 27|2122, 27|2835, 29|2879, 29|3074, 28|3079, 28|3117, 27|3122, 27|3221, 24|3235, 24|3485, 25|3494, 25|3665, 26|3681, 26|3730, 27|3743, 27|3910, 28|3924, 28|3945, 29|3956, 30|3974, 31|3982, 31|4018, http://www.sohu.com, 
24|1, 24|1147, 25|1179, 24|1204, 24|1220, 28|1267, 28|1459, 29|1473, 29|1817, 32|1841, 32|1872, 34|1888, 34|1906, 46|1920, 50|1930, 50|2124, 51|2148, 51|2332, 50|2338, 50|2409, 49|2418, 49|2439, 56|2453, 57|2459, 61|2465, 61|2572, 71|2585, 71|2590, 72|2599, 73|2606, 73|2610, 77|2618, 77|2634, 78|2644, 78|2663, 69|2697, 69|2730, 68|2738, 68|2742, 67|2747, 67|2753, 65|2758, 65|2826, 68|2839, 68|2866, 65|2875, 65|2890, 67|2898, 67|2920, 69|2941, 69|2987, 67|3001, 67|3019, 66|3025, 66|3066, 67|3075, 69|3092, 69|3111, 70|3152, 70|3181, 71|3194, 80|3215, 81|3226, 81|3231, 75|3257, 75|3274, 64|3278, 64|3284, 65|3305, 65|3318, 66|3333, 68|3380, 69|3399, 62|3433, 58|3505, 58|3556, 57|3619, 56|3636, 46|3671, 46|3686, 42|3701, 42|3720, 43|3740, 44|3768, 41|3785, 40|3798, 40|3870, 37|3875, 37|3981, 39|3990, 40|3996, 40|4002, http://www.baidu.com, 
24|1, 24|975, 33|1130, 33|1228, 32|1242, 32|1258, 31|1287, 31|1365, 30|1374, 30|1717, 31|1735, 37|1746, 37|1795, 40|1841, 40|1883, 39|1902, 39|1947, 38|1962, 38|2005, 40|2012, 40|2087, 38|2108, 37|2113, 37|2117, 36|2137, 36|4002, http://www.facebook.com, 
24|1, 24|953, 26|985, 26|1437, 28|1469, 28|1495, 29|1544, 29|1585, 31|1592, 31|1597, 28|1611, 28|1616, 27|1631, 27|1666, 28|1672, 28|1813, 27|1818, 27|1886, 29|1896, 29|1926, 27|1949, 26|1970, 26|2021, 27|2041, 27|2081, 26|2098, 26|3230, 27|3238, 27|3249, 30|3257, 31|3272, 31|3310, 33|3326, 38|3340, 38|3377, 37|3384, 37|3396, 36|3408, 36|3413, 29|3420, 29|3426, 33|3449, 33|3481, 32|3499, 32|3512, 31|3528, 31|3544, 28|3548, 28|3630, 29|3651, 29|3848, 28|3858, 29|3907, 29|4030, http://www.instagram.com, 
24|1, 24|1072, 25|1111, 25|1270, 28|1282, 28|1339, 29|1350, 32|1379, 32|1583, 31|1672, 31|1720, 29|1736, 29|1759, 30|1766, 30|1882, 29|1887, 29|1991, 28|1999, 28|2326, 30|2331, 30|2337, 31|2342, 30|2347, 27|2353, 27|2432, 26|2437, 26|2634, 27|2640, 28|2647, 28|2732, 34|2741, 38|2747, 38|2767, 43|2775, 43|2791, 44|2798, 44|2829, 45|2836, 45|2841, 51|2868, 51|2879, 54|2886, 54|2893, 58|2907, 57|2917, 54|2937, 54|2952, 53|2960, 52|2969, 52|2973, 55|2986, 55|3021, 54|3029, 53|3042, 52|3047, 52|3232, 51|3252, 51|3364, 52|3378, 52|3433, 51|3439, 51|3451, 50|3474, 50|3606, 53|3645, 53|3744, 52|3755, 52|3947, 53|3960, 53|3970, 51|3977, 47|3986, 46|3999, 46|4006, http://www.taobao.com, 
24|1, 24|1141, 25|1193, 25|1224, 27|1250, 31|1325, 31|1560, 32|1609, 30|1663, 30|1700, 29|1708, 29|1714, 31|1758, 31|1916, 28|1921, 28|1998, 27|2005, 27|2249, 24|2265, 24|2319, 28|2325, 28|2430, 26|2435, 26|2727, 27|2734, 28|2749, 28|2830, 31|2840, 44|2846, 47|2852, 47|2884, 48|2890, 48|2900, 51|2906, 51|2948, 52|2967, 51|2972, 51|2988, 50|2996, 50|3016, 55|3035, 54|3047, 53|3053, 52|3065, 52|3080, 54|3091, 54|3129, 51|3170, 50|3179, 50|3339, 49|3346, 48|3374, 48|3438, 49|3458, 49|3476, 50|3492, 50|3502, 51|3512, 52|3522, 53|3530, 53|3576, 52|3587, 52|3783, 49|3791, 49|3879, 46|3884, 46|3905, 45|3912, 45|4004, http://www.taobao.com, 
24|1, 24|931, 25|997, 24|1031, 26|1056, 26|1404, 27|1421, 34|1430, 34|1450, 36|1472, 36|1599, 25|1615, 25|1652, 26|1682, 26|1886, 25|1895, 25|2017, 24|2036, 24|2441, 25|2452, 25|2667, 26|2673, 26|3284, 29|3298, 29|3662, 28|3674, 24|3681, 24|4006, http://www.jd.com, 
24|1, 24|996, 25|1017, 24|1032, 28|1057, 28|1080, 30|1115, 32|1131, 32|1200, 33|1247, 33|1264, 32|1301, 32|1393, 31|1408, 31|1417, 30|1431, 30|1684, 31|1720, 31|1739, 33|1756, 37|1770, 37|1787, 35|1793, 35|1815, 41|1842, 41|1853, 40|1878, 40|1884, 36|1924, 35|1933, 35|1938, 37|1951, 39|1976, 39|2183, 38|2188, 38|4001, http://www.facebook.com, 
24|1, 24|1124, 26|1145, 26|1648, 28|1664, 28|1722, 27|1746, 27|1780, 29|1809, 29|1891, 27|1896, 26|1914, 27|1919, 27|2093, 30|2143, 32|2162, 36|2180, 36|2212, 35|2225, 35|2245, 39|2272, 39|2361, 37|2380, 37|2403, 34|2445, 40|2477, 40|2505, 42|2525, 42|2570, 36|2575, 38|2584, 38|2590, 39|2596, 39|2601, 36|2635, 37|2676, 37|2729, 31|2743, 31|2820, 29|2846, 29|3459, 30|3482, 30|3517, 31|3531, 31|3582, 32|3593, 32|3678, 30|3695, 30|3706, 29|3725, 29|3737, 32|3767, 32|3822, 31|3839, 31|3967, 30|3974, 30|4002, http://www.yahoo.com, 
24|1, 24|954, 25|972, 25|998, 26|1031, 30|1046, 32|1069, 46|1084, 46|1334, 48|1341, 58|1353, 59|1364, 61|1375, 61|1397, 79|1408, 92|1443, 112|1466, 112|1526, 109|1545, 100|1559, 96|1583, 96|1876, 99|1893, 99|2007, 104|2025, 53|2032, 51|2043, 51|2066, 37|2071, 37|2181, 36|2196, 35|2218, 35|2518, 34|2522, 34|2562, 37|2569, 37|2697, 39|2708, 39|2782, 40|2791, 40|2813, 41|2818, 41|2989, 40|2994, 40|3008, 34|3016, 34|3148, 33|3152, 33|3299, 34|3306, 34|3381, 35|3388, 35|3596, 34|3602, 34|3616, 33|3624, 33|3674, 32|3685, 32|3693, 31|3703, 31|3896, 33|3904, 33|3934, 34|3939, 34|4002, http://www.sina.com.cn, 
28|1, 28|940, 29|1001, 29|1056, 30|1101, 30|1613, 31|1636, 31|1809, 30|1828, 31|1844, 31|2042, 30|2056, 30|2483, 34|2490, 34|2791, 29|2814, 29|2841, 28|2846, 28|3042, 29|3057, 29|3091, 31|3102, 31|3155, 33|3166, 35|3192, 36|3200, 36|3223, 37|3230, 37|3287, 38|3295, 38|3339, 39|3344, 40|3350, 41|3364, 41|3407, 42|3422, 42|3427, 44|3434, 44|3440, 45|3448, 47|3458, 47|3507, 48|3521, 48|3536, 49|3548, 49|3594, 51|3633, 51|3660, 53|3703, 54|3734, 54|3759, 49|3805, 51|3847, 50|3883, 51|3942, 47|4008, http://www.jd.com, 
28|1, 28|1055, 29|1074, 29|1093, 28|1114, 28|2114, 50|2149, 50|2184, 53|2198, 53|2413, 72|2497, 109|2655, 108|2678, 108|2842, 106|2853, 106|2908, 107|2959, 107|3034, 106|3048, 107|3067, 107|3123, 122|3159, 140|3217, 140|3253, 138|3263, 138|3292, 140|3299, 140|3358, 137|3362, 137|3369, 135|3375, 134|3380, 130|3390, 130|3404, 128|3410, 128|3415, 127|3421, 127|3465, 126|3473, 126|3488, 125|3495, 122|3501, 122|3525, 118|3530, 118|3535, 117|3542, 115|3550, 115|3565, 113|3570, 113|3587, 109|3592, 109|3597, 107|3601, 107|3618, 105|3622, 105|3627, 103|3632, 103|3774, 102|3792, 102|3806, 101|3816, 101|3849, 99|3854, 99|3885, 97|3890, 97|3897, 95|3902, 95|3907, 91|3911, 91|3925, 89|3936, 89|3945, 87|3950, 87|3956, 83|3961, 83|3969, 79|3975, 79|3986, 77|3991, 77|4005, http://www.360.cn, 
28|1, 28|889, 29|908, 29|952, 28|975, 28|980, 34|988, 34|1048, 38|1102, 38|1108, 37|1181, 37|1336, 36|1349, 34|1366, 34|1649, 33|1657, 33|1675, 35|1684, 35|1700, 41|1725, 41|1755, 42|1764, 42|1772, 45|1778, 45|1820, 44|1828, 41|1843, 39|1853, 39|1877, 38|1891, 38|1895, 40|1909, 40|4004, http://www.facebook.com, 
28|1, 28|946, 29|969, 29|981, 28|991, 28|1001, 32|1021, 38|1113, 38|1132, 37|1167, 37|1362, 34|1394, 34|1665, 35|1692, 41|1712, 41|1767, 39|1775, 41|1791, 43|1797, 43|1859, 42|1868, 41|1873, 41|1881, 40|1892, 39|1905, 39|1909, 41|1924, 42|1930, 42|2078, 41|2113, 41|4003, http://www.facebook.com, 
28|1, 28|1028, 30|1100, 30|1866, 31|1881, 31|2035, 30|2047, 30|2491, 34|2498, 34|2860, 33|2873, 29|2881, 29|2903, 28|2929, 28|3019, 29|3029, 29|3063, 30|3090, 31|3103, 31|3171, 33|3184, 33|3199, 34|3212, 34|3241, 35|3248, 35|3266, 36|3272, 37|3282, 37|3329, 40|3342, 40|3429, 42|3438, 42|3452, 43|3458, 43|3463, 44|3474, 44|3482, 45|3491, 45|3496, 46|3502, 46|3555, 47|3560, 47|3594, 48|3616, 48|3680, 49|3689, 49|3771, 50|3806, 51|3850, 50|3900, 49|3928, 49|3950, 47|3970, 47|4015, http://www.jd.com, 
28|1, 28|891, 29|949, 30|957, 30|1866, 29|1871, 29|1888, 30|1903, 30|1909, 31|1914, 31|1941, 30|1954, 30|2672, 33|2686, 33|2900, 32|2917, 32|3005, 28|3018, 28|3329, 29|3361, 29|3381, 31|3389, 31|3425, 34|3443, 35|3452, 36|3460, 36|3478, 37|3490, 37|3590, 38|3601, 38|3622, 40|3634, 40|3655, 41|3661, 41|3675, 42|3686, 44|3695, 46|3709, 46|3763, 47|3774, 47|3805, 48|3847, 48|3894, 49|3904, 49|4006, http://www.jd.com, 
28|1, 28|1085, 29|1131, 34|1163, 40|1175, 42|1197, 51|1251, 51|1292, 46|1316, 46|1326, 49|1370, 48|1389, 48|1397, 46|1407, 44|1423, 44|1509, 42|1532, 42|1660, 44|1703, 44|1817, 42|1825, 42|1901, 41|1909, 41|2069, 43|2086, 43|2518, 45|2545, 45|2602, 47|2648, 47|2748, 43|2775, 43|2846, 45|2865, 45|2882, 46|2929, 44|2971, 44|3047, 43|3053, 44|3063, 44|3093, 42|3103, 42|3269, 41|3287, 41|3404, 42|3408, 42|4002, http://www.linkedin.com, 
28|1, 28|941, 29|973, 28|1010, 42|1073, 42|1092, 55|1157, 56|1163, 54|1280, 54|1400, 52|1425, 52|1433, 51|1443, 49|1454, 48|1461, 48|1508, 45|1513, 43|1528, 43|1545, 42|1559, 42|1652, 44|1675, 44|1822, 42|1838, 42|1870, 41|1888, 41|2082, 43|2089, 43|2437, 45|2545, 45|2579, 47|2638, 47|2656, 43|2690, 43|2755, 41|2808, 41|2843, 43|2866, 43|3031, 42|3038, 42|3063, 41|3067, 41|3085, 42|3092, 42|4004, http://www.linkedin.com, 
28|1, 28|959, 29|1003, 29|1025, 28|1043, 43|1086, 50|1123, 52|1143, 56|1151, 57|1159, 59|1172, 59|1289, 63|1304, 63|1365, 67|1393, 67|1458, 82|1479, 83|1491, 83|1497, 86|1520, 83|1549, 69|1565, 69|1604, 68|1627, 68|1664, 71|1717, 71|1726, 64|1755, 64|1843, 66|1871, 66|1995, 65|2001, 65|2045, 60|2053, 60|2057, 58|2071, 58|2076, 57|2083, 58|2089, 56|2104, 52|2115, 52|2119, 49|2125, 48|2135, 44|2141, 43|2154, 44|2166, 41|2185, 41|2279, 40|2293, 40|2299, 43|2321, 43|2407, 42|2412, 42|2521, 41|2532, 42|2540, 41|2565, 41|2569, 40|2586, 40|2672, 41|2684, 41|2917, 42|2927, 42|2942, 41|2958, 41|2980, 42|3002, 42|3073, 44|3093, 44|3109, 45|3123, 45|3176, 47|3206, 44|3236, 44|3290, 38|3314, 38|3327, 37|3342, 37|3355, 38|3369, 38|3432, 40|3455, 40|3471, 43|3482, 43|3487, 42|3493, 42|3672, 44|3690, 46|3697, 47|3709, 47|3744, 46|3768, 46|3816, 47|3835, 48|3861, 48|3941, 49|3953, 47|3984, 45|3994, 44|4004, http://www.sina.com.cn, 
28|1, 28|850, 29|885, 28|921, 28|938, 30|955, 30|1436, 29|1459, 29|1926, 28|1943, 28|4003, http://www.imgur.com, 
28|1, 28|942, 30|989, 30|1661, 32|1673, 32|1785, 31|1791, 31|1887, 32|1895, 32|1971, 31|1985, 31|2102, 34|2117, 34|2552, 29|2559, 29|2881, 28|2886, 28|4007, http://www.live.com, 
28|1, 28|940, 29|1004, 29|1025, 28|1042, 28|1064, 32|1105, 32|1445, 31|1453, 29|1477, 29|1698, 28|1711, 28|2109, 34|2147, 34|2227, 32|2233, 31|2239, 31|2245, 30|2252, 30|2261, 31|2278, 31|2492, 30|2500, 30|3040, 31|3069, 31|3128, 32|3146, 32|3268, 33|3286, 33|3336, 34|3345, 34|3418, 35|3436, 35|3469, 36|3489, 36|3538, 38|3550, 38|3573, 39|3592, 39|3669, 40|3674, 40|3694, 41|3711, 41|3762, 42|3768, 42|3817, 41|3826, 42|3844, 42|3860, 43|3874, 43|3915, 44|3925, 44|4003, http://www.tmall.com, 
28|1, 28|984, 29|997, 28|1032, 30|1053, 30|1769, 32|1774, 32|1900, 31|1906, 31|2029, 30|2040, 30|2152, 32|2160, 32|2598, 30|2606, 30|2610, 28|2615, 28|2763, 29|2771, 29|2778, 28|2785, 28|4002, http://www.live.com, 
28|1, 28|884, 29|927, 29|960, 28|999, 28|1014, 32|1038, 32|1222, 36|1267, 36|1580, 33|1605, 33|1775, 32|1792, 32|2000, 29|2019, 29|2235, 28|2241, 28|2461, 32|2468, 32|2568, 29|2579, 29|2587, 30|2595, 30|2827, 29|2835, 29|3280, 31|3289, 31|3322, 32|3333, 33|3339, 33|3377, 32|3386, 32|3409, 33|3417, 33|3423, 49|3435, 49|3469, 51|3477, 56|3484, 56|3524, 55|3533, 55|3545, 52|3550, 51|3561, 52|3567, 56|3582, 57|3589, 57|3600, 58|3608, 61|3615, 60|3624, 59|3629, 59|3650, 58|3660, 58|3666, 61|3671, 61|3676, 60|3681, 60|3689, 59|3697, 59|3707, 57|3711, 57|3717, 56|3724, 55|3732, 55|3745, 54|3751, 54|3787, 53|3795, 53|4005, http://www.taobao.com, 
28|1, 28|1007, 29|1015, 29|1058, 28|1092, 30|1109, 30|1697, 32|1723, 32|1894, 34|1914, 34|1973, 32|1987, 32|1992, 31|1997, 31|2094, 29|2110, 29|2286, 32|2326, 32|2360, 29|2366, 29|2444, 30|2477, 30|4009, http://www.reddit.com, 
28|1, 28|994, 29|1030, 33|1065, 33|1278, 34|1303, 34|1556, 37|1593, 37|1660, 44|1719, 54|1765, 73|1822, 73|1827, 74|1833, 74|1837, 73|1863, 73|1868, 81|1919, 81|2045, 78|2054, 78|2311, 133|2360, 147|2387, 147|2619, 146|2630, 143|2642, 143|2669, 145|2683, 145|2732, 146|2750, 146|2910, 139|2936, 139|2955, 141|3003, 139|3049, 139|3126, 137|3141, 136|3177, 128|3194, 126|3204, 122|3218, 117|3231, 117|3243, 114|3256, 111|3279, 111|3291, 109|3313, 102|3332, 96|3353, 89|3366, 85|3390, 71|3446, 71|3907, 70|3912, 70|4003, http://www.360.cn, 
28|1, 28|1116, 30|1168, 30|1412, 32|1427, 38|1438, 40|1472, 40|1494, 39|1509, 39|1592, 29|1679, 29|2139, 28|2153, 28|2451, 29|2461, 29|2506, 30|2512, 30|3235, 31|3241, 31|3277, 29|3340, 29|3503, 28|3513, 28|4006, http://www.jd.com, 
28|1, 28|1118, 30|1132, 30|1680, 32|1695, 32|1747, 34|1874, 34|1935, 33|1940, 33|1956, 31|1969, 31|2125, 29|2129, 29|3337, 30|3341, 30|3374, 32|3391, 32|4008, http://www.reddit.com, 
28|1, 28|970, 29|987, 29|993, 28|1036, 29|1053, 30|1086, 30|1628, 32|1658, 32|1727, 33|1734, 33|1756, 35|1770, 35|1803, 34|1809, 34|1824, 32|1829, 32|2024, 31|2030, 31|2034, 30|2039, 29|2049, 29|2095, 30|2100, 34|2146, 34|2171, 29|2187, 29|4009, http://www.reddit.com, 
28|1, 28|1085, 33|1113, 33|1289, 34|1325, 34|1525, 38|1535, 38|1714, 67|1773, 71|1801, 74|1829, 75|1853, 75|1935, 83|1973, 83|2060, 82|2082, 82|2248, 89|2280, 94|2304, 137|2347, 147|2373, 147|2553, 146|2566, 144|2571, 144|2581, 142|2597, 142|2603, 140|2643, 143|2676, 143|2724, 145|2814, 142|2852, 144|2923, 144|2937, 137|2954, 136|2971, 136|3054, 134|3063, 134|3083, 133|3088, 133|3093, 132|3107, 132|3126, 130|3133, 127|3143, 126|3150, 126|3169, 120|3191, 118|3197, 114|3208, 101|3227, 99|3237, 99|3256, 98|3276, 98|3282, 94|3289, 94|3295, 82|3358, 80|3373, 80|3384, 76|3400, 71|3433, 71|3470, 69|3486, 69|3523, 70|3535, 70|3884, 69|3888, 69|4003, http://www.360.cn, 
28|1, 28|1024, 38|1038, 44|1099, 47|1127, 54|1137, 53|1181, 51|1219, 50|1226, 50|1356, 51|1401, 51|1436, 50|1450, 49|1458, 48|1467, 45|1483, 42|1561, 42|1845, 44|1901, 44|1997, 42|2006, 42|2087, 41|2091, 41|2299, 43|2340, 43|2686, 44|2704, 45|2737, 46|2796, 43|2886, 43|2903, 41|2963, 41|3007, 43|3016, 43|3234, 42|3240, 42|3256, 41|3263, 41|4002, http://www.linkedin.com, 
28|1, 28|995, 29|1037, 28|1068, 30|1092, 30|1793, 32|1799, 32|1967, 31|1981, 31|2066, 30|2070, 30|2180, 33|2187, 33|2629, 28|2635, 28|2796, 29|2801, 29|2812, 28|2819, 28|4001, http://www.live.com, 
28|1, 28|964, 29|1023, 30|1064, 30|1741, 32|1772, 32|1872, 31|1888, 31|2032, 30|2040, 30|2098, 33|2111, 33|2552, 28|2558, 28|4004, http://www.live.com, 
28|1, 28|992, 30|1099, 30|1618, 29|1664, 29|1706, 31|1736, 31|1877, 32|1888, 33|1894, 33|1987, 31|1996, 30|2005, 31|2018, 31|2042, 30|2047, 30|2163, 31|2172, 31|2192, 29|2201, 31|2214, 31|2236, 32|2252, 33|2282, 39|2304, 39|2310, 38|2338, 39|2358, 39|2397, 40|2416, 40|2425, 45|2442, 46|2472, 45|2480, 45|2498, 43|2527, 41|2536, 39|2549, 41|2565, 44|2582, 42|2613, 44|2639, 44|2650, 39|2666, 39|2671, 41|2688, 45|2697, 45|2725, 42|2747, 47|2768, 45|2779, 45|2824, 35|2854, 38|2877, 35|2920, 35|2959, 33|2970, 33|3697, 34|3709, 36|3717, 36|3792, 37|3796, 37|3803, 36|3809, 36|3860, 34|3867, 34|3907, 36|3918, 35|3926, 35|3968, 36|3973, 35|4002, http://www.yahoo.com, 
28|1, 28|983, 29|1010, 28|1046, 29|1072, 34|1083, 56|1127, 56|1353, 59|1367, 59|1376, 62|1393, 66|1408, 66|1494, 76|1537, 77|1565, 82|1574, 76|1586, 72|1633, 79|1653, 79|1665, 92|1691, 97|1702, 101|1708, 101|1715, 107|1749, 107|1770, 71|1779, 59|1818, 58|1854, 62|1881, 62|1895, 63|1906, 63|1924, 64|1941, 67|1989, 66|2013, 66|2064, 62|2078, 62|2096, 57|2101, 57|2107, 47|2115, 47|2242, 46|2252, 45|2264, 43|2273, 43|2296, 42|2301, 42|2435, 43|2461, 43|2566, 42|2571, 42|2666, 41|2671, 41|2692, 40|2698, 40|2847, 39|2851, 39|2856, 35|2860, 35|2895, 34|2900, 34|3013, 35|3022, 35|3290, 34|3299, 34|4002, http://www.sina.com.cn, 
28|1, 28|1179, 30|1240, 30|1713, 32|1749, 32|1825, 34|1842, 34|1909, 32|1914, 32|1918, 31|1923, 31|2008, 32|2065, 32|2172, 30|2188, 30|2238, 29|2254, 29|4005, http://www.wikipedia.org, 
28|1, 28|1008, 29|1013, 29|1044, 28|1072, 29|1121, 33|1148, 33|1320, 34|1330, 34|1607, 37|1644, 37|1841, 68|1925, 70|1968, 70|1973, 80|2040, 80|2130, 79|2190, 79|2331, 88|2349, 113|2371, 113|2421, 120|2448, 125|2468, 137|2475, 142|2505, 145|2513, 146|2527, 146|2539, 147|2544, 150|2561, 150|2604, 149|2609, 149|2614, 146|2628, 146|2635, 143|2641, 141|2654, 139|2670, 139|2754, 141|2778, 141|2812, 142|2837, 142|2890, 143|2977, 135|3017, 135|3074, 131|3107, 131|3130, 129|3143, 119|3178, 116|3198, 106|3264, 100|3309, 100|3322, 98|3335, 94|3347, 94|3375, 93|3386, 88|3429, 85|3438, 73|3499, 71|3514, 71|4002, http://www.360.cn, 
28|1, 28|951, 29|1035, 29|1063, 30|1110, 34|1151, 37|1189, 37|1278, 35|1293, 37|1326, 37|1463, 34|1556, 34|1836, 33|1844, 33|2124, 32|2135, 30|2140, 30|2187, 31|2211, 36|2244, 36|2314, 34|2319, 34|2335, 33|2340, 33|2345, 34|2358, 34|2525, 33|2530, 33|2587, 32|2591, 32|3438, 33|3446, 34|3457, 34|3543, 41|3559, 41|3567, 48|3585, 52|3596, 52|3632, 55|3638, 56|3644, 56|3656, 58|3662, 58|3676, 60|3685, 60|3716, 58|3722, 56|3730, 59|3744, 59|3793, 61|3800, 61|3806, 59|3812, 57|3818, 57|3824, 55|3834, 55|3973, 54|3979, 54|3984, 55|3990, 55|4010, http://www.taobao.com, 
30|1, 30|913, 31|967, 32|1018, 32|1614, 34|1668, 34|1756, 36|1790, 36|1841, 33|1849, 34|1862, 34|2008, 32|2022, 32|2054, 31|2080, 31|4001, http://www.wikipedia.org, 
30|1, 30|1050, 31|1126, 30|1146, 30|1771, 34|1820, 57|1882, 62|1896, 64|1915, 67|1927, 67|1951, 69|1956, 69|1961, 71|1979, 71|2041, 79|2069, 79|2292, 89|2316, 90|2338, 90|2389, 92|2397, 95|2403, 96|2409, 98|2430, 101|2436, 104|2445, 113|2451, 119|2460, 132|2480, 140|2495, 142|2500, 146|2519, 146|2536, 148|2573, 148|2579, 139|2606, 137|2615, 137|2668, 131|2710, 131|2719, 127|2727, 127|2733, 125|2741, 123|2749, 123|2770, 125|2789, 125|2863, 126|2887, 126|3051, 122|3056, 120|3099, 118|3129, 118|3185, 119|3215, 117|3241, 115|3262, 107|3280, 106|3290, 102|3300, 101|3304, 96|3318, 96|3331, 94|3336, 94|3353, 92|3366, 92|3371, 90|3382, 88|3395, 80|3416, 80|3432, 79|3449, 79|3458, 77|3485, 71|3501, 71|4001, http://www.360.cn, 
30|1, 30|947, 31|1004, 35|1035, 35|1041, 40|1091, 54|1176, 53|1192, 52|1219, 52|1299, 56|1355, 56|1399, 54|1418, 49|1446, 49|1451, 48|1473, 47|1489, 47|1493, 45|1505, 45|1612, 44|1641, 46|1670, 46|1790, 44|1803, 44|1891, 43|1898, 43|2058, 45|2064, 45|2516, 47|2568, 49|2631, 45|2724, 45|2777, 44|2794, 45|2843, 46|2904, 46|2964, 47|2970, 47|3035, 46|3050, 46|3074, 44|3079, 44|3100, 43|3115, 43|4003, http://www.linkedin.com, 
