44|1, 45|294, 56|384, 56|489, 55|525, 55|573, 59|630, 66|690, 64|702, 64|827, 65|834, 65|892, 66|899, 66|912, 69|929, 72|954, 72|985, 71|990, 71|1030, 68|1038, 68|1058, 69|1068, 69|1113, 70|1123, 71|1133, 71|1192, 69|1202, 69|1232, 65|1239, 65|1244, 62|1250, 61|1261, 62|1269, 62|1274, 63|1283, 63|1301, 65|1311, 65|1355, 63|1361, 63|1405, 61|1413, 62|1418, 64|1426, 60|1438, 60|1452, 61|1457, 72|1471, 75|1478, 78|1485, 79|1492, 79|1500, 73|1514, 73|1523, 66|1529, 63|1537, 63|1541, 57|1554, 57|1564, 55|1569, 55|1586, 54|1590, 54|1595, 56|1603, 57|1611, 57|1629, 58|1634, 51|1649, 51|1655, 55|1666, 55|1675, 53|1686, 53|1736, 52|1741, 52|1757, 57|1769, 58|1776, 58|1782, 59|1795, 61|1806, 62|1812, 62|1820, 61|1827, 63|1835, 63|1843, 58|1851, 58|1919, 56|1927, 57|1955, 59|2003, 56|2049, 56|2054, 53|2072, 53|2210, 58|2225, 58|2251, 53|2262, 53|2294, 48|2309, 48|2328, 46|2337, 46|2439, 44|2458, 53|2500, 44|2543, 45|2598, 45|2663, 44|2678, 44|2708, 45|2754, 45|2926, 44|2986, 44|2994, 46|3032, 45|3146, 46|3164, 48|3186, 48|3262, 49|3300, 49|3339, 50|3356, 50|3368, 51|3402, 49|3431, 49|3472, 50|3485, 51|3501, 51|3558, 52|3581, 52|3594, 53|3619, 54|3646, 54|3707, 53|3730, 55|3765, 52|3807, 52|3876, 53|3906, 56|3927, 56|3942, 57|3953, 57|3983, 58|3991, 57|4018, http://www.tmall.com, 
28|1, 28|1064, 29|1108, 29|1422, 32|1441, 32|1565, 35|1606, 36|1660, 36|2092, 35|2104, 35|2185, 33|2198, 33|2233, 34|2238, 34|2255, 33|2260, 33|2417, 32|2423, 30|2427, 30|2587, 29|2591, 29|2615, 28|2621, 28|2697, 30|2716, 30|2817, 29|2824, 29|3003, 30|3026, 31|3049, 31|3143, 43|3154, 43|3221, 44|3229, 47|3234, 49|3240, 49|3244, 50|3254, 50|3294, 56|3300, 57|3306, 54|3312, 54|3345, 57|3362, 60|3369, 60|3376, 61|3381, 64|3388, 64|3407, 63|3414, 64|3421, 64|3426, 62|3433, 62|3455, 61|3464, 59|3470, 59|3475, 58|3481, 58|3490, 57|3499, 57|3514, 56|3520, 56|3525, 53|3531, 53|3633, 54|3640, 54|3683, 55|3704, 55|3899, 56|3914, 56|3956, 55|3965, 55|4003, http://www.taobao.com, 
28|1, 28|955, 33|1007, 33|1229, 34|1274, 34|1441, 36|1456, 38|1472, 38|1665, 48|1710, 71|1773, 71|1820, 79|1844, 79|1975, 78|2007, 78|2201, 86|2250, 105|2278, 119|2294, 138|2319, 145|2324, 145|2526, 142|2532, 142|2541, 141|2548, 141|2562, 143|2591, 144|2678, 144|2742, 143|2755, 145|2764, 145|2783, 137|2843, 139|2874, 139|3032, 138|3043, 138|3054, 137|3058, 135|3072, 135|3092, 132|3097, 132|3102, 129|3115, 124|3128, 124|3145, 119|3151, 116|3162, 112|3169, 112|3176, 106|3187, 102|3207, 102|3215, 90|3253, 88|3272, 88|3295, 80|3326, 71|3357, 69|3367, 70|3390, 70|3806, 69|3811, 69|4002, http://www.360.cn, 
28|1, 28|872, 30|952, 30|1355, 29|1426, 29|1871, 28|1876, 28|4004, http://www.imgur.com, 
28|1, 28|962, 33|1028, 33|1255, 34|1288, 34|1467, 38|1488, 38|1636, 62|1662, 75|1703, 68|1741, 69|1750, 70|1760, 71|1780, 71|1843, 79|1870, 79|2002, 78|2022, 78|2210, 83|2221, 108|2246, 140|2266, 140|2299, 148|2318, 148|2501, 147|2514, 147|2520, 145|2526, 145|2539, 143|2550, 139|2595, 139|2603, 141|2629, 141|2682, 142|2727, 142|2767, 135|2858, 137|2877, 137|3005, 131|3063, 125|3090, 124|3102, 117|3131, 114|3139, 114|3150, 113|3159, 112|3164, 112|3172, 111|3186, 106|3200, 106|3222, 102|3241, 91|3278, 77|3324, 70|3377, 70|3831, 69|3836, 69|4007, http://www.360.cn, 
28|1, 28|2394, 29|2405, 29|2463, 30|2525, 28|2563, 28|2629, 29|2682, 29|2860, 28|2884, 28|4005, http://www.google.com, 
28|1, 28|1015, 30|1028, 30|1600, 32|1635, 32|1703, 34|1723, 34|1750, 35|1756, 35|1775, 31|1781, 31|1823, 32|1836, 32|1977, 31|1985, 31|1999, 29|2024, 31|2046, 31|2059, 29|2073, 29|2108, 30|2125, 30|2164, 31|2173, 31|2231, 30|2237, 30|2622, 31|2633, 31|2683, 32|2713, 32|2757, 34|2796, 34|2812, 30|2852, 30|2906, 31|2916, 33|2948, 30|2980, 30|3174, 31|3220, 32|3270, 33|3346, 31|3399, 31|3458, 33|3487, 33|3529, 35|3536, 35|3598, 33|3607, 33|3788, 32|3801, 32|3868, 33|3901, 33|4106, http://www.instagram.com, 
28|1, 28|1210, 29|1231, 28|1252, 28|1257, 30|1276, 30|1778, 32|1801, 32|1881, 35|1901, 35|1951, 33|1957, 33|1961, 31|1967, 31|2209, 34|2231, 34|2255, 31|2286, 31|2326, 29|2338, 29|2365, 31|2376, 31|2390, 29|2413, 29|2617, 33|2639, 33|2647, 29|2664, 29|2719, 31|2726, 31|2792, 35|2827, 35|2913, 33|2931, 33|2958, 31|2969, 33|2992, 33|3074, 31|3085, 31|3252, 32|3258, 32|3275, 30|3282, 30|3341, 31|3366, 31|3503, 32|3509, 32|3574, 28|3616, 28|3712, 29|3720, 29|3726, 30|3732, 30|3745, 29|3750, 29|3755, 30|3763, 30|3839, 28|3847, 28|3963, 26|3967, 26|4002, http://www.amazon.com, 
25|1, 25|946, 26|964, 27|1030, 27|1835, 29|1854, 29|1921, 28|1931, 28|1987, 27|1993, 27|2015, 26|2021, 26|2101, 27|2106, 27|2473, 25|2479, 25|2666, 24|2706, 24|4004, http://www.live.com, 
24|1, 24|387, 21|404, 21|1018, 23|1034, 23|1625, 22|1632, 22|1765, 23|1777, 23|1801, 25|1822, 25|1921, 26|1931, 27|1937, 27|2014, 22|2031, 22|2380, 23|2387, 23|2394, 26|2401, 26|2418, 24|2424, 24|2669, 27|2683, 29|2694, 29|2700, 26|2710, 26|2718, 28|2728, 28|2758, 26|2764, 26|2787, 24|2795, 24|2799, 23|2805, 26|2819, 26|2918, 24|2925, 22|2930, 22|2969, 26|2995, 26|3028, 32|3088, 32|3095, 31|3115, 31|3120, 30|3168, 30|3193, 33|3233, 31|3356, 26|3436, 27|3456, 27|3479, 24|3523, 24|3542, 25|3577, 25|3602, 27|3626, 27|3686, 28|3700, 27|3723, 27|3767, 28|3773, 28|3788, 26|3795, 26|3854, 27|3859, 29|3864, 27|3871, 27|3903, 28|3909, 28|3938, 26|3950, 26|3971, 25|3976, 27|3987, 28|4007, http://www.netflix.com, 
21|1, 21|779, 22|926, 22|1037, 27|1074, 28|1091, 35|1110, 36|1144, 42|1154, 46|1168, 48|1179, 48|1201, 47|1211, 46|1218, 46|1292, 47|1321, 47|1370, 46|1384, 46|1413, 45|1431, 43|1439, 42|1446, 39|1465, 37|1505, 36|1516, 35|1532, 35|1677, 37|1708, 37|1827, 35|1831, 35|1930, 34|1935, 34|2062, 36|2076, 36|2524, 38|2544, 38|2550, 37|2582, 37|2589, 39|2609, 40|2640, 40|2651, 38|2783, 38|2844, 40|2869, 40|2892, 36|2915, 36|3045, 35|3056, 35|3119, 34|3124, 34|3129, 35|3137, 35|4003, http://www.linkedin.com, 
21|1, 21|902, 22|932, 21|973, 34|993, 35|1016, 42|1068, 48|1101, 47|1127, 47|1320, 46|1332, 45|1341, 45|1354, 44|1359, 44|1365, 43|1370, 43|1376, 42|1381, 42|1404, 40|1432, 37|1450, 35|1479, 35|1553, 37|1576, 37|1683, 35|1692, 35|1793, 34|1812, 34|1979, 36|2006, 36|2383, 38|2411, 38|2437, 40|2517, 37|2653, 37|2708, 38|2739, 38|2817, 34|2841, 34|2862, 108|2934, 108|3285, 88|3302, 88|3491, 44|3498, 44|3704, 34|3708, 34|3816, 36|3824, 36|4001, http://www.linkedin.com, 
21|1, 21|2337, 22|2343, 22|2430, 23|2460, 23|2548, 21|2606, 21|4001, http://www.google.com, 
21|1, 21|847, 22|881, 22|906, 21|939, 21|3445, 23|3453, 23|3821, 22|3826, 22|4002, http://www.vk.com, 
21|1, 21|1056, 26|1085, 26|1827, 24|1841, 24|1845, 22|1852, 22|2074, 21|2079, 21|2103, 25|2110, 25|2217, 23|2226, 22|2231, 22|2250, 23|2276, 23|2326, 27|2355, 27|2439, 26|2451, 25|2467, 25|2484, 24|2493, 24|2920, 25|2967, 25|3164, 26|3174, 26|3423, 27|3437, 27|3474, 28|3490, 28|3528, 29|3545, 29|3568, 30|3592, 30|3659, 33|3669, 33|3694, 34|3702, 34|3776, 35|3783, 35|3845, 34|3860, 34|3927, 35|3942, 35|4002, http://www.tmall.com, 
21|1, 21|1010, 23|1070, 23|1525, 25|1557, 25|1621, 24|1627, 24|1730, 25|1736, 25|1829, 23|1839, 23|2020, 22|2024, 22|2069, 21|2076, 21|2275, 22|2283, 22|2289, 25|2296, 25|2308, 23|2315, 23|2527, 24|2532, 25|2540, 23|2546, 23|2584, 24|2590, 25|2612, 23|2636, 23|2670, 24|2678, 24|2683, 25|2698, 23|2708, 23|2752, 24|2759, 24|2770, 23|2786, 23|2822, 25|2848, 25|2879, 27|2889, 27|2955, 29|2969, 31|2985, 31|3040, 29|3104, 30|3150, 26|3208, 26|3217, 28|3240, 26|3290, 26|3333, 24|3372, 24|3426, 25|3458, 27|3479, 27|3573, 28|3590, 29|3602, 28|3613, 28|3681, 24|3686, 24|3700, 22|3705, 22|3727, 23|3733, 27|3743, 27|3769, 25|3786, 25|3798, 24|3810, 24|3822, 26|3835, 31|3850, 31|3935, 32|3952, 35|3977, 35|4003, http://www.netflix.com, 
21|1, 21|878, 22|914, 21|953, 23|987, 23|1500, 24|1519, 24|1586, 26|1616, 26|1634, 27|1645, 27|1678, 26|1684, 26|1693, 23|1700, 24|1711, 24|1886, 23|1891, 23|1967, 22|1973, 22|2011, 27|2027, 27|2083, 22|2114, 22|4010, http://www.reddit.com, 
21|1, 21|1041, 22|1080, 22|1101, 23|1133, 23|1664, 24|1691, 25|1700, 25|1757, 24|1767, 24|1959, 25|1986, 25|2052, 24|2064, 24|2115, 23|2128, 23|2359, 22|2366, 22|2690, 21|2697, 21|4005, http://www.vk.com, 
21|1, 21|989, 22|1020, 21|1025, 23|1092, 23|1586, 25|1599, 25|1656, 24|1660, 24|1723, 26|1733, 27|1742, 27|1825, 25|1829, 25|1836, 23|1852, 24|1863, 24|2010, 23|2034, 23|2040, 24|2070, 27|2089, 28|2105, 28|2112, 29|2121, 31|2132, 31|2137, 30|2143, 32|2161, 32|2204, 35|2229, 36|2250, 38|2269, 38|2306, 37|2330, 37|2343, 35|2378, 32|2410, 32|2434, 35|2470, 36|2511, 36|2527, 34|2562, 33|2614, 40|2646, 30|2699, 27|2728, 27|2864, 26|2924, 26|3460, 27|3488, 27|3494, 29|3504, 29|3537, 30|3544, 30|3558, 29|3572, 29|3636, 27|3646, 27|3703, 28|3710, 29|3744, 29|3774, 28|3809, 28|3845, 29|3862, 29|3892, 30|3899, 30|3926, 28|3930, 28|3935, 27|3939, 27|3953, 26|3963, 26|4003, http://www.yahoo.com, 
21|1, 21|1018, 23|1079, 23|1591, 24|1599, 25|1624, 25|1665, 24|1675, 24|1727, 25|1734, 26|1765, 26|1832, 24|1837, 24|1841, 23|1853, 24|1858, 24|2016, 25|2074, 31|2100, 32|2110, 32|2129, 35|2166, 36|2183, 37|2201, 38|2225, 37|2240, 35|2256, 33|2273, 33|2296, 31|2319, 35|2348, 29|2379, 32|2405, 29|2427, 29|2432, 31|2442, 33|2452, 33|2481, 41|2510, 39|2526, 39|2540, 28|2545, 28|2549, 30|2559, 31|2579, 30|2628, 27|2660, 27|3097, 28|3136, 28|3224, 29|3230, 29|3299, 28|3308, 28|3402, 29|3411, 30|3416, 31|3424, 31|3471, 32|3482, 32|3501, 33|3524, 33|3578, 30|3588, 30|3647, 32|3658, 32|3667, 33|3688, 33|3699, 32|3751, 32|3786, 31|3794, 31|3870, 30|3875, 30|3913, 28|3918, 28|3952, 29|3958, 30|3963, 30|4012, http://www.yahoo.com, 
21|1, 21|987, 23|1012, 23|1543, 22|1572, 22|2004, 21|2023, 21|4004, http://www.imgur.com, 
21|1, 21|973, 25|1064, 30|1113, 30|1150, 29|1161, 29|1241, 28|1264, 27|1278, 27|1592, 26|1653, 26|1668, 28|1678, 34|1692, 34|1749, 38|1785, 36|1814, 36|1819, 34|1842, 34|1886, 33|1896, 36|1909, 36|2032, 34|2037, 34|4004, http://www.facebook.com, 
21|1, 21|911, 22|943, 22|972, 23|987, 23|1427, 30|1443, 30|1456, 33|1493, 33|1525, 22|1556, 22|1616, 23|1688, 25|1712, 25|1871, 26|1884, 26|1957, 25|1976, 25|2174, 24|2188, 24|2346, 25|2355, 25|2555, 26|2559, 26|2871, 25|2876, 25|2944, 23|2953, 23|3351, 24|3357, 24|3460, 25|3468, 25|3552, 24|3557, 24|3566, 23|3573, 23|4003, http://www.qq.com, 
21|1, 21|913, 22|970, 22|1007, 21|1019, 21|1029, 27|1073, 27|1097, 36|1141, 36|1371, 43|1390, 47|1397, 47|1465, 59|1489, 59|1497, 44|1570, 44|1602, 43|1619, 43|1746, 44|1756, 46|1790, 49|1809, 55|1836, 57|1858, 61|1864, 61|1896, 49|1900, 49|2016, 47|2063, 47|2090, 42|2100, 42|2104, 38|2118, 38|2356, 37|2369, 37|2374, 34|2379, 34|2427, 32|2453, 32|2530, 33|2536, 32|2541, 32|2716, 31|2723, 31|2813, 25|2824, 25|2905, 24|2909, 24|3031, 25|3036, 25|3125, 26|3130, 26|3172, 27|3179, 27|3324, 26|3328, 26|3424, 25|3429, 25|3435, 24|3439, 24|3721, 25|3725, 25|3965, 24|3976, 24|4003, http://www.sina.com.cn, 
21|1, 21|983, 22|1030, 21|1051, 21|1068, 23|1102, 23|1904, 25|1926, 25|2076, 24|2084, 24|2705, 28|2715, 28|2904, 27|2910, 27|2916, 33|2926, 33|3035, 28|3043, 28|3072, 27|3081, 27|3223, 30|3234, 30|3254, 31|3262, 31|3335, 38|3346, 38|3414, 39|3420, 39|3442, 32|3448, 32|3486, 28|3490, 28|3530, 29|3538, 29|3550, 36|3557, 38|3565, 43|3571, 43|3602, 44|3613, 44|3632, 45|3638, 45|3650, 46|3657, 47|3663, 47|3676, 48|3688, 48|3856, 49|3862, 49|3883, 44|3891, 39|3915, 30|3924, 30|3930, 31|3949, 31|4004, http://www.sohu.com, 
21|1, 21|984, 23|1007, 23|1593, 25|1625, 25|1668, 24|1676, 24|1805, 26|1812, 26|1971, 25|1981, 27|1990, 27|1994, 26|1999, 26|2136, 27|2141, 28|2150, 28|2183, 27|2188, 27|2252, 26|2266, 26|2414, 24|2418, 24|2578, 25|2621, 23|2643, 23|2668, 24|2685, 24|2804, 23|2811, 23|2924, 22|2929, 22|4007, http://www.vk.com, 
21|1, 21|1051, 23|1081, 23|1591, 25|1607, 25|1686, 26|1698, 26|1721, 27|1731, 27|1761, 26|1767, 25|1773, 25|1990, 24|1994, 24|2056, 23|2068, 22|2073, 22|2198, 23|2207, 25|2226, 24|2257, 24|2282, 22|2290, 22|4018, http://www.reddit.com, 
21|1, 21|103, 20|131, 20|995, 21|1009, 20|1051, 24|1082, 24|1299, 25|1322, 25|1620, 26|1648, 28|1671, 28|1725, 33|1753, 38|1766, 40|1772, 46|1780, 50|1797, 50|1920, 48|1945, 47|1951, 46|1955, 46|1984, 52|2007, 52|2287, 54|2293, 57|2299, 62|2306, 63|2320, 67|2348, 67|2369, 70|2380, 74|2388, 74|2412, 77|2426, 77|2581, 76|2586, 76|2591, 75|2596, 73|2608, 71|2622, 71|2673, 65|2689, 65|2729, 71|2746, 71|2911, 69|2939, 69|2969, 65|2986, 65|3008, 67|3021, 68|3029, 68|3034, 57|3102, 57|3151, 60|3252, 56|3280, 57|3387, 55|3402, 51|3419, 51|3450, 52|3476, 52|3522, 49|3537, 49|3547, 50|3558, 50|3566, 52|3573, 52|3604, 47|3612, 44|3617, 44|3642, 43|3647, 44|3657, 44|3674, 43|3678, 43|3706, 44|3712, 37|3720, 37|3734, 36|3739, 34|3746, 34|3800, 35|3808, 35|3814, 40|3823, 40|3863, 34|3868, 34|4001, http://www.baidu.com, 
23|1, 23|78, 21|90, 21|751, 29|873, 28|890, 28|895, 46|934, 72|1002, 72|1043, 73|1067, 80|1093, 80|1134, 79|1142, 77|1158, 77|1166, 69|1172, 69|1280, 68|1354, 68|1566, 58|1588, 59|1625, 59|1711, 60|1718, 60|1894, 48|1910, 48|1926, 46|1931, 46|1936, 44|1944, 36|1951, 36|1956, 29|1962, 29|1976, 26|1990, 26|2135, 25|2145, 25|2200, 24|2212, 24|2234, 25|2244, 25|2287, 26|2294, 26|2385, 27|2416, 28|2429, 30|2448, 31|2455, 31|2660, 32|2669, 34|2679, 34|2783, 35|2791, 35|2907, 34|2912, 34|2925, 33|2931, 33|2970, 34|2977, 34|2997, 28|3041, 28|3046, 27|3066, 27|3174, 28|3201, 28|3282, 27|3306, 26|3313, 26|3317, 28|3342, 28|3414, 27|3420, 28|3441, 28|3546, 31|3566, 31|3639, 33|3669, 33|3841, 30|3878, 30|3893, 29|3912, 29|4001, http://www.sina.com.cn, 
21|1, 21|308, 27|329, 21|383, 21|1062, 22|1120, 22|1132, 21|1160, 21|2670, 22|2679, 22|2848, 23|2871, 23|2983, 21|2997, 21|4001, http://www.google.com, 
21|1, 21|908, 22|943, 22|982, 26|1038, 26|1690, 22|1698, 22|1936, 21|1952, 21|2077, 25|2084, 25|2151, 26|2156, 26|2185, 24|2191, 24|2205, 23|2212, 23|2222, 24|2231, 24|2455, 23|2461, 23|2622, 24|2628, 24|2708, 25|2734, 25|2857, 24|2861, 24|3388, 25|3400, 25|3480, 26|3519, 26|3739, 27|3753, 27|3774, 28|3780, 28|3826, 29|3832, 31|3839, 31|3954, 32|3968, 33|3992, 33|4007, http://www.tmall.com, 
21|1, 21|915, 23|1018, 23|1517, 25|1582, 25|1675, 28|1692, 28|1743, 26|1757, 24|1770, 24|1996, 22|2003, 22|2229, 25|2259, 24|2288, 24|2354, 22|2360, 22|2367, 24|2390, 24|2406, 22|2414, 22|2553, 24|2568, 24|2659, 26|2692, 26|2781, 28|2806, 28|2822, 26|2829, 26|2844, 27|2860, 27|2920, 25|2930, 26|2940, 26|3008, 27|3038, 30|3076, 30|3093, 28|3103, 27|3112, 25|3169, 26|3189, 26|3306, 24|3315, 24|3437, 23|3453, 25|3467, 25|3499, 27|3507, 27|3528, 32|3562, 32|3576, 31|3586, 31|3615, 23|3621, 23|3698, 22|3704, 22|3733, 23|3738, 24|3748, 24|3774, 28|3795, 28|3815, 25|3823, 28|3837, 28|3865, 25|3869, 25|3875, 22|3884, 22|4001, http://www.amazon.com, 
21|1, 21|1033, 22|1070, 22|1250, 23|1259, 28|1282, 28|1319, 29|1343, 29|1791, 27|1799, 27|1804, 26|1809, 26|2114, 25|2119, 25|2246, 24|2251, 24|2255, 22|2260, 22|2324, 26|2332, 26|2337, 25|2342, 25|2353, 27|2359, 27|2436, 25|2443, 25|2447, 24|2452, 24|2707, 23|2714, 23|3453, 25|3466, 25|3557, 27|3567, 36|3579, 36|3590, 39|3596, 39|3605, 48|3653, 48|3664, 49|3678, 49|3694, 47|3708, 47|3735, 49|3750, 46|3776, 48|3784, 50|3792, 51|3800, 51|3811, 54|3820, 54|3846, 53|3862, 53|3867, 55|3872, 53|3884, 53|3889, 51|3895, 51|3906, 50|3911, 50|3915, 48|3930, 48|3956, 47|3967, 46|3973, 46|3978, 45|3987, 45|4011, http://www.taobao.com, 
21|1, 21|1052, 22|1086, 23|1139, 23|1740, 22|1745, 22|1872, 23|1880, 25|1891, 25|2016, 27|2044, 27|2108, 26|2113, 26|2119, 22|2124, 23|2134, 23|2376, 22|2383, 22|2516, 23|2523, 26|2533, 26|2776, 24|2786, 24|2826, 27|2843, 27|2859, 24|2871, 24|2917, 23|2924, 22|2933, 22|2955, 26|2976, 26|2986, 24|2992, 24|3017, 25|3039, 24|3051, 24|3117, 26|3150, 26|3158, 32|3222, 32|3263, 31|3316, 29|3353, 30|3403, 28|3447, 30|3500, 30|3509, 31|3554, 31|3561, 25|3647, 25|3680, 26|3707, 26|3737, 28|3752, 28|3867, 30|3884, 30|3932, 28|3937, 28|3956, 26|3964, 27|3969, 26|3976, 26|4002, http://www.netflix.com, 
21|1, 21|922, 22|951, 22|981, 21|1049, 21|2311, 22|2317, 22|2487, 24|2515, 24|2818, 21|2840, 21|4001, http://www.google.com, 
21|1, 21|983, 22|1033, 31|1088, 35|1122, 37|1181, 40|1205, 45|1225, 45|1230, 46|1244, 43|1290, 43|1462, 42|1484, 42|1533, 37|1569, 36|1582, 36|1616, 35|1624, 35|1874, 37|1937, 37|2068, 35|2080, 35|2161, 34|2172, 34|2367, 36|2373, 36|2833, 37|2849, 38|2906, 38|2934, 36|3009, 34|3022, 35|3067, 35|3150, 34|3158, 34|3177, 36|3188, 36|3385, 35|3390, 108|3397, 108|3424, 107|3434, 107|3596, 108|3602, 108|3805, 86|3825, 86|4003, http://www.linkedin.com, 
21|1, 21|1022, 46|1143, 46|1264, 47|1280, 56|1309, 56|1363, 60|1391, 60|1459, 72|1503, 72|1518, 60|1600, 63|1660, 63|1717, 69|1735, 65|1771, 64|1808, 64|1848, 65|1874, 65|1898, 66|1909, 66|1937, 65|1960, 65|2017, 64|2031, 66|2047, 60|2055, 58|2066, 52|2080, 52|2103, 51|2110, 51|2198, 50|2204, 50|2257, 49|2262, 49|2267, 46|2292, 46|2376, 44|2382, 44|2406, 45|2414, 45|2434, 41|2441, 41|2445, 37|2449, 37|2454, 35|2460, 35|2476, 34|2481, 34|2499, 35|2504, 34|2509, 34|2704, 33|2709, 33|2744, 32|2749, 32|3018, 28|3022, 28|3027, 26|3032, 26|3718, 27|3727, 27|3932, 28|3946, 28|4011, http://www.sina.com.cn, 
21|1, 21|1078, 23|1109, 23|1684, 25|1705, 25|1822, 26|1828, 26|1833, 27|1840, 27|1875, 26|1880, 26|1926, 24|1932, 24|1945, 23|1950, 23|1955, 24|1972, 24|2085, 23|2095, 23|2123, 24|2163, 25|2176, 28|2185, 30|2203, 32|2217, 32|2262, 37|2310, 39|2332, 40|2338, 39|2343, 37|2372, 37|2378, 33|2411, 33|2438, 29|2447, 29|2510, 30|2516, 33|2523, 33|2537, 32|2550, 32|2555, 35|2590, 35|2619, 38|2636, 37|2645, 37|2658, 36|2664, 36|2676, 37|2685, 37|2696, 35|2714, 27|2733, 27|2855, 26|2872, 26|3617, 27|3624, 27|3637, 28|3644, 28|3699, 29|3707, 29|3756, 28|3766, 28|3808, 30|3821, 30|3835, 29|3841, 29|3890, 28|3896, 28|4002, http://www.yahoo.com, 
21|1, 21|928, 23|989, 23|1482, 22|1494, 22|1929, 21|1939, 21|4001, http://www.imgur.com, 
21|1, 21|976, 23|984, 23|1516, 25|1524, 25|1591, 24|1604, 24|1699, 26|1707, 26|1880, 27|1897, 27|1977, 26|1984, 26|2049, 28|2056, 28|2066, 27|2072, 27|2154, 25|2162, 25|2187, 24|2191, 24|2200, 25|2208, 25|2222, 26|2245, 25|2268, 25|2312, 26|2332, 26|2432, 27|2453, 25|2513, 25|2650, 27|2659, 27|2787, 25|2792, 25|2801, 26|2817, 26|2876, 25|2883, 24|2891, 24|2998, 23|3004, 23|3019, 22|3024, 22|4005, http://www.vk.com, 
21|1, 21|821, 22|925, 23|964, 23|1526, 25|1555, 25|1607, 24|1627, 24|1685, 25|1693, 25|1781, 23|1792, 23|1943, 22|1958, 22|2052, 21|2056, 21|2460, 22|2468, 25|2478, 25|2723, 23|2727, 23|2871, 21|2875, 21|2970, 22|2977, 24|2991, 24|3011, 21|3016, 21|3024, 23|3037, 23|3056, 21|3069, 21|3130, 23|3143, 25|3151, 25|3160, 23|3172, 23|3209, 24|3220, 24|3240, 23|3248, 23|3263, 25|3277, 25|3312, 31|3400, 29|3440, 25|3465, 30|3546, 30|3568, 31|3594, 29|3648, 27|3668, 27|3711, 29|3730, 29|3739, 26|3772, 24|3785, 24|3793, 25|3805, 25|3839, 26|3857, 26|3872, 28|3908, 28|3982, 27|3988, 27|4003, http://www.netflix.com, 
21|1, 21|875, 22|931, 21|991, 23|1013, 23|1511, 25|1523, 25|1618, 26|1630, 27|1661, 27|1705, 25|1710, 25|1718, 24|1725, 24|1811, 25|1825, 25|1992, 23|1999, 23|2040, 22|2052, 22|4004, http://www.wikipedia.org, 
21|1, 21|971, 22|1014, 21|1030, 23|1080, 23|1620, 24|1642, 24|1748, 23|1753, 23|1797, 25|1804, 25|1902, 26|1912, 26|1987, 28|2024, 28|2054, 26|2063, 25|2067, 25|2076, 26|2122, 26|2150, 24|2163, 24|2244, 26|2322, 26|2340, 28|2357, 28|2386, 30|2424, 27|2430, 27|2511, 28|2518, 28|2537, 25|2550, 25|2624, 24|2633, 24|2654, 23|2668, 23|2795, 22|2799, 22|2892, 23|2906, 24|2917, 25|2945, 25|2953, 26|2984, 27|2999, 27|3036, 28|3064, 29|3077, 27|3084, 28|3104, 23|3120, 23|3145, 24|3156, 24|3272, 23|3337, 23|3698, 24|3720, 24|3806, 25|3827, 25|3854, 24|3870, 24|3919, 25|3925, 25|3950, 23|3960, 23|4002, http://www.imgur.com, 
21|1, 21|2443, 22|2450, 22|2510, 23|2557, 23|2615, 22|2636, 24|2666, 24|2975, 21|2993, 21|4002, http://www.google.com, 
21|1, 21|1001, 22|1037, 21|1058, 25|1134, 25|1288, 26|1307, 26|1616, 29|1644, 29|1890, 31|1933, 26|1954, 26|2188, 27|2201, 27|2208, 28|2221, 28|2299, 27|2315, 27|2333, 28|2354, 42|2405, 43|2448, 43|2486, 44|2520, 41|2539, 41|2572, 42|2597, 42|2758, 45|2774, 48|2785, 48|2794, 53|2805, 60|2822, 60|2835, 77|2855, 77|2870, 78|2887, 78|2987, 75|3014, 76|3020, 71|3026, 77|3063, 68|3089, 62|3104, 57|3132, 57|3141, 54|3152, 41|3182, 41|3204, 35|3216, 35|3250, 37|3263, 37|3405, 38|3430, 38|3436, 37|3442, 37|3581, 39|3588, 40|3602, 40|3687, 41|3692, 41|3697, 39|3702, 39|3714, 40|3727, 40|3843, 39|3855, 39|3926, 38|3932, 38|3941, 37|3952, 37|4005, http://www.baidu.com, 
21|1, 21|933, 26|989, 26|1007, 27|1029, 39|1096, 38|1116, 45|1179, 44|1201, 44|1325, 43|1330, 43|1376, 42|1406, 40|1421, 38|1429, 36|1443, 36|1467, 35|1501, 35|1584, 37|1611, 37|1737, 35|1752, 35|1830, 34|1839, 34|1987, 36|2003, 36|2399, 38|2423, 38|2473, 40|2486, 40|2586, 38|2670, 38|2816, 36|2821, 36|2835, 35|2853, 35|2883, 36|2915, 36|2996, 34|3000, 34|3109, 35|3115, 35|4004, http://www.linkedin.com, 
21|1, 21|1012, 23|1042, 23|1465, 25|1493, 25|1568, 27|1634, 28|1664, 27|1669, 27|1882, 24|1887, 24|1941, 26|1971, 26|1990, 27|2017, 27|2022, 25|2027, 25|2071, 26|2120, 26|2144, 25|2149, 25|3265, 26|3279, 26|3290, 27|3298, 27|3306, 30|3321, 30|3344, 33|3367, 35|3388, 35|3431, 32|3438, 28|3445, 30|3454, 30|3495, 31|3502, 31|3562, 28|3571, 27|3577, 27|3883, 28|3890, 28|4011, http://www.instagram.com, 
21|1, 21|1063, 22|1075, 21|1090, 23|1120, 23|1643, 25|1668, 25|1751, 27|1758, 27|1790, 28|1802, 28|1839, 27|1847, 27|1890, 24|1895, 24|2084, 27|2096, 27|2100, 26|2110, 25|2115, 25|2155, 22|2166, 22|4011, http://www.reddit.com, 
21|1, 21|916, 22|942, 22|977, 21|1015, 21|1019, 23|1050, 23|1528, 25|1562, 25|1675, 24|1684, 24|1751, 26|1757, 26|1922, 25|1944, 25|1965, 27|1983, 27|2035, 26|2043, 26|2131, 27|2169, 27|2259, 25|2264, 25|2280, 24|2285, 24|2297, 25|2302, 25|2324, 26|2337, 26|2357, 24|2368, 24|2377, 25|2398, 25|2433, 26|2451, 26|2529, 27|2548, 26|2554, 26|2562, 24|2577, 24|2587, 25|2608, 25|2738, 24|2758, 24|2770, 25|2782, 25|2845, 26|2862, 26|2939, 24|2948, 25|2964, 25|3011, 23|3015, 23|3137, 22|3144, 22|4003, http://www.vk.com, 
21|1, 21|952, 22|971, 22|1028, 23|1080, 23|1620, 25|1635, 25|1865, 26|1878, 26|2049, 25|2062, 25|2067, 24|2074, 24|2363, 26|2386, 26|2472, 27|2496, 27|2625, 26|2632, 26|2740, 24|2754, 24|2862, 23|2878, 23|3185, 24|3194, 24|3202, 26|3212, 27|3219, 30|3227, 33|3235, 35|3249, 35|3268, 32|3274, 32|3401, 33|3408, 33|3414, 34|3430, 34|3449, 37|3470, 37|3479, 38|3490, 38|3657, 39|3668, 40|3675, 42|3707, 41|3741, 42|3770, 42|3801, 41|3842, 42|3869, 42|3925, 43|3961, 43|4059, http://www.sohu.com, 
21|1, 21|1076, 22|1118, 21|1150, 21|2513, 22|2524, 22|2610, 23|2665, 23|2698, 21|2713, 21|2789, 22|2837, 22|3043, 21|3053, 21|4004, http://www.google.com, 
21|1, 21|833, 22|925, 23|1005, 23|1658, 25|1676, 25|1782, 24|1797, 24|1873, 25|1893, 25|1973, 24|1981, 24|2113, 27|2120, 27|2539, 23|2560, 23|2731, 22|2748, 22|2872, 21|2882, 21|4005, http://www.live.com, 
21|1, 21|934, 22|955, 22|981, 25|1062, 25|1272, 26|1279, 26|1604, 29|1658, 29|1707, 31|1734, 39|1751, 43|1764, 51|1776, 51|1901, 49|1912, 49|1926, 48|1934, 48|1967, 49|1981, 51|2003, 54|2016, 54|2253, 53|2259, 53|2271, 55|2278, 55|2288, 62|2293, 64|2299, 64|2304, 67|2309, 69|2315, 69|2381, 77|2388, 77|2406, 80|2419, 80|2444, 79|2460, 79|2481, 81|2487, 79|2503, 79|2513, 80|2519, 80|2557, 79|2572, 78|2579, 78|2736, 71|2742, 71|2874, 68|2889, 68|2907, 66|2919, 66|2941, 73|2950, 73|2956, 75|2962, 79|2971, 79|2977, 73|2983, 73|2996, 56|3021, 50|3031, 50|3044, 51|3057, 48|3075, 48|3088, 47|3098, 47|3102, 46|3112, 46|3131, 47|3142, 47|3217, 63|3252, 67|3286, 47|3340, 53|3382, 53|3404, 44|3452, 44|3469, 43|3494, 43|3538, 42|3551, 42|3570, 43|3593, 46|3603, 46|3617, 47|3623, 47|3662, 43|3669, 43|3695, 44|3703, 44|3736, 42|3741, 42|3776, 41|3784, 41|3846, 44|3856, 44|3870, 42|3884, 39|3892, 39|4004, http://www.baidu.com, 
22|1, 22|1134, 24|1172, 24|1690, 26|1722, 26|1806, 28|1818, 28|1891, 25|1899, 25|2133, 23|2139, 23|2217, 27|2235, 27|2316, 23|2321, 23|2333, 25|2341, 25|2352, 23|2369, 23|2451, 25|2468, 25|2504, 23|2568, 23|2729, 25|2737, 25|2812, 27|2835, 27|2896, 25|2906, 25|3175, 26|3187, 26|3447, 27|3452, 27|3517, 26|3522, 26|3687, 25|3701, 25|3754, 26|3760, 26|4006, http://www.amazon.com, 
22|1, 22|985, 23|1044, 23|1060, 27|1110, 27|1475, 25|1513, 23|1523, 23|1779, 22|1787, 22|2192, 26|2227, 26|2235, 29|2242, 30|2248, 30|2301, 28|2307, 28|2320, 27|2325, 27|2330, 28|2336, 27|2344, 27|2362, 26|2370, 26|2756, 25|2764, 25|3446, 26|3473, 26|3548, 27|3566, 27|3869, 28|3882, 28|3913, 29|3920, 29|3947, 30|3957, 30|4032, http://www.tmall.com, 
22|1, 22|877, 23|944, 22|979, 24|1067, 24|1580, 26|1613, 26|1764, 25|1790, 25|1951, 27|1962, 27|1983, 26|1996, 26|2386, 24|2405, 24|2410, 22|2414, 22|2673, 23|2678, 22|2688, 22|4002, http://www.live.com, 
22|1, 22|1046, 23|1066, 24|1094, 24|1610, 26|1636, 26|1668, 28|1676, 28|1730, 27|1736, 27|1746, 29|1754, 29|1761, 28|1772, 28|1968, 25|1975, 25|2049, 24|2058, 23|2065, 24|2077, 25|2090, 25|2160, 26|2192, 26|2227, 27|2247, 27|2290, 26|2295, 26|3082, 27|3132, 27|3213, 32|3252, 32|3265, 29|3274, 30|3286, 31|3297, 31|3324, 32|3337, 32|3349, 31|3361, 31|3371, 30|3377, 30|3470, 29|3477, 29|3508, 30|3513, 30|3740, 29|3753, 29|3857, 28|3905, 28|4024, http://www.instagram.com, 
22|1, 22|995, 23|1014, 23|1061, 24|1100, 24|1598, 26|1632, 26|1680, 28|1705, 28|1739, 29|1745, 29|1763, 26|1767, 26|1772, 25|1780, 25|1816, 26|1831, 26|1959, 25|1972, 25|1985, 27|1992, 25|2025, 26|2032, 26|2086, 25|2113, 24|2147, 24|3375, 25|3395, 25|3405, 29|3414, 29|3432, 33|3489, 36|3497, 37|3504, 37|3543, 36|3552, 36|3566, 33|3573, 29|3580, 29|3594, 31|3606, 31|3723, 28|3731, 28|3790, 27|3796, 27|3801, 26|3807, 27|3829, 27|4003, http://www.instagram.com, 
22|1, 22|884, 23|969, 23|1005, 24|1053, 24|1582, 26|1621, 26|1627, 25|1647, 25|1778, 27|1783, 27|1965, 26|1972, 28|1978, 28|2029, 27|2042, 27|2140, 28|2148, 29|2154, 29|2159, 28|2164, 28|2261, 26|2267, 26|2288, 25|2293, 26|2299, 26|2320, 27|2334, 25|2370, 25|2397, 26|2432, 26|2515, 27|2520, 27|2550, 25|2562, 25|2600, 24|2604, 24|2748, 25|2756, 25|2779, 24|2794, 25|2827, 25|2937, 23|2948, 24|2953, 24|4005, http://www.vk.com, 
23|1, 23|1013, 24|1041, 25|1083, 25|1606, 27|1629, 27|1742, 29|1754, 29|1818, 27|1836, 27|2053, 24|2065, 24|4002, http://www.wikipedia.org, 
23|1, 23|984, 24|1032, 24|1070, 23|1082, 27|1138, 27|1343, 28|1362, 28|1618, 29|1642, 31|1667, 31|1914, 37|1931, 28|1984, 28|2052, 33|2062, 37|2071, 37|2162, 38|2208, 38|2252, 40|2267, 40|2345, 39|2366, 39|2417, 40|2422, 44|2439, 45|2446, 45|2451, 47|2459, 49|2468, 49|2473, 50|2478, 63|2493, 65|2503, 65|2629, 66|2643, 67|2650, 67|2661, 62|2683, 62|2691, 58|2716, 58|2727, 52|2740, 53|2747, 53|2792, 55|2822, 58|2874, 49|2896, 52|3037, 52|3083, 51|3133, 51|3150, 46|3159, 47|3207, 45|3235, 44|3273, 44|3292, 41|3308, 41|3412, 39|3417, 39|3421, 37|3426, 37|3452, 38|3465, 38|3482, 37|3487, 37|3494, 35|3500, 35|3513, 33|3520, 33|3700, 34|3706, 34|3756, 35|3761, 35|3846, 34|3862, 34|3951, 32|3957, 32|3974, 31|3986, 33|4022, http://www.baidu.com, 
23|1, 23|1003, 25|1021, 25|1585, 27|1594, 27|1677, 29|1683, 29|1759, 26|1764, 26|2007, 24|2018, 24|2120, 25|2127, 28|2133, 28|2209, 24|2214, 24|2369, 25|2374, 27|2390, 27|2408, 24|2425, 24|2500, 26|2516, 26|2591, 27|2611, 29|2639, 29|2681, 28|2699, 26|2709, 26|2949, 27|2966, 27|3036, 28|3054, 28|3133, 29|3160, 29|3168, 30|3192, 30|3211, 29|3216, 29|3225, 30|3239, 30|3285, 32|3300, 32|3336, 33|3350, 33|3370, 32|3385, 32|3400, 31|3416, 31|3442, 32|3448, 32|3504, 33|3511, 33|3577, 35|3590, 34|3598, 34|3607, 32|3611, 32|3731, 33|3741, 31|3745, 31|3749, 29|3755, 29|3810, 28|3814, 28|3834, 30|3842, 30|3987, 29|3995, 29|4004, http://www.amazon.com, 
22|1, 22|1020, 23|1055, 24|1075, 24|1673, 25|1678, 26|1685, 26|1836, 25|1844, 25|2064, 27|2082, 27|2509, 22|2517, 23|2525, 23|4002, http://www.live.com, 
24|1, 24|977, 26|1029, 26|1554, 28|1566, 28|1653, 27|1667, 27|1689, 29|1718, 29|1800, 26|1809, 26|1822, 27|1831, 27|1985, 26|1992, 26|2004, 25|2013, 25|2124, 27|2130, 27|2169, 28|2178, 28|2205, 29|2213, 33|2225, 34|2241, 35|2255, 36|2270, 36|2310, 38|2317, 40|2323, 40|2333, 41|2338, 41|2344, 42|2350, 42|2370, 43|2376, 43|2382, 42|2389, 42|2404, 40|2417, 41|2423, 38|2451, 43|2461, 39|2508, 39|2563, 33|2574, 35|2602, 39|2659, 39|2720, 35|2840, 29|2883, 29|3636, 30|3653, 31|3664, 31|3691, 32|3704, 33|3713, 33|3723, 32|3742, 32|3752, 33|3757, 33|3918, 34|3923, 36|3932, 35|3938, 35|3984, 34|3992, 33|4003, http://www.yahoo.com, 
25|1, 25|966, 26|1002, 25|1028, 25|1058, 29|1094, 31|1130, 34|1145, 34|1182, 33|1235, 33|1254, 31|1293, 31|1683, 30|1714, 30|1741, 38|1754, 38|1810, 41|1822, 44|1835, 42|1851, 42|1874, 40|1886, 40|1904, 37|1909, 37|1914, 36|1921, 36|1960, 35|1968, 35|2009, 36|2013, 37|2031, 37|2722, 36|2743, 36|2886, 35|2962, 35|4003, http://www.facebook.com, 
25|1, 25|956, 26|985, 26|1005, 25|1056, 25|1094, 31|1113, 31|1165, 32|1175, 34|1250, 32|1260, 32|1455, 31|1464, 31|1733, 30|1753, 30|1763, 38|1781, 38|1834, 39|1842, 41|1848, 44|1854, 42|1872, 42|1895, 41|1903, 41|1917, 40|1925, 40|1934, 39|1940, 39|1975, 38|1989, 38|2004, 39|2016, 40|2024, 40|2137, 38|2161, 37|2178, 37|2467, 38|2517, 38|2538, 39|2558, 39|2620, 37|2628, 37|4003, http://www.facebook.com, 
25|1, 25|1232, 27|1296, 27|1806, 29|1825, 29|1946, 28|1954, 28|2006, 30|2013, 30|2172, 29|2186, 29|2208, 31|2216, 31|2231, 30|2242, 30|2377, 32|2386, 31|2391, 31|2482, 29|2490, 29|2495, 28|2499, 28|2529, 29|2535, 29|2551, 30|2556, 30|2590, 29|2605, 29|2642, 30|2705, 30|2744, 31|2765, 32|2774, 30|2836, 30|2875, 29|2889, 29|3004, 28|3010, 28|3050, 30|3070, 30|3163, 31|3175, 29|3185, 29|3199, 30|3208, 30|3213, 31|3218, 31|3247, 30|3251, 30|3305, 29|3309, 29|3335, 27|3342, 27|3383, 28|3389, 28|3426, 27|3433, 27|3648, 26|3672, 26|4011, http://www.vk.com, 
25|1, 25|960, 26|990, 27|1025, 27|1386, 35|1423, 35|1441, 44|1460, 44|1475, 26|1493, 26|2020, 25|2027, 25|2049, 26|2071, 26|2119, 27|2129, 27|2413, 26|2419, 26|3362, 25|3369, 25|4007, http://www.qq.com, 
24|1, 24|922, 26|1042, 26|1475, 25|1491, 25|2003, 24|2008, 24|4002, http://www.imgur.com, 
24|1, 24|917, 25|979, 24|1019, 26|1044, 26|1612, 28|1641, 28|1709, 29|1715, 30|1726, 30|1785, 28|1791, 29|1796, 28|1832, 28|2015, 25|2024, 25|4002, http://www.wikipedia.org, 
24|1, 24|1845, 30|1861, 30|2118, 40|2159, 50|2189, 50|2211, 54|2229, 54|2426, 63|2448, 63|2483, 71|2520, 74|2541, 74|2631, 87|2657, 87|2666, 90|2721, 89|2729, 100|2790, 100|2799, 101|2883, 94|2970, 97|2998, 103|3082, 108|3105, 118|3136, 118|3160, 119|3199, 119|3208, 115|3226, 115|3240, 114|3254, 114|3272, 112|3276, 112|3322, 111|3328, 109|3335, 107|3344, 107|3358, 105|3368, 105|3378, 106|3383, 109|3395, 109|3402, 104|3409, 104|3476, 102|3484, 102|3489, 100|3493, 100|3498, 98|3503, 98|3511, 96|3516, 96|3520, 93|3524, 93|3530, 91|3535, 90|3543, 90|3547, 86|3559, 83|3573, 83|3591, 82|3603, 82|3611, 80|3623, 80|3631, 79|3638, 79|3652, 78|3678, 78|3754, 76|3784, 76|3855, 75|3869, 75|3882, 70|3897, 66|3915, 66|4003, http://www.360.cn, 
24|1, 24|1492, 31|1517, 31|1889, 29|1898, 28|1906, 28|2497, 25|2505, 25|2513, 29|2544, 29|2557, 30|2580, 30|2596, 31|2604, 31|2619, 29|2632, 29|2637, 28|2651, 28|2656, 27|2661, 28|2667, 28|2709, 27|2723, 27|2906, 26|2910, 26|3438, 27|3456, 27|3465, 28|3474, 28|3556, 30|3563, 30|3589, 39|3596, 44|3605, 44|3638, 46|3644, 46|3650, 49|3656, 49|3695, 51|3705, 50|3711, 50|3716, 48|3721, 48|3749, 50|3760, 52|3772, 52|3788, 53|3816, 53|3837, 54|3847, 54|3858, 52|3866, 51|3881, 51|3928, 50|3935, 50|3940, 49|3950, 49|3974, 48|3980, 48|4036, http://www.taobao.com, 
24|1, 24|919, 25|972, 24|1043, 24|2555, 25|2571, 25|2853, 27|2871, 27|3171, 24|3176, 24|4004, http://www.google.com, 
24|1, 24|948, 26|1009, 26|1724, 27|1753, 27|1920, 28|1928, 28|1983, 26|1993, 26|2424, 27|2430, 27|2667, 28|2674, 28|2912, 27|2917, 27|3510, 26|3518, 26|3660, 25|3677, 25|3749, 26|3756, 26|3848, 27|3853, 27|4001, http://www.qq.com, 
24|1, 24|1030, 26|1094, 26|1651, 28|1680, 28|1905, 29|1921, 29|2071, 27|2080, 27|2458, 31|2464, 31|2664, 30|2669, 30|2899, 29|2913, 29|3105, 24|3109, 24|3326, 25|3343, 25|3395, 31|3406, 31|3567, 32|3579, 33|3589, 34|3598, 34|3606, 36|3617, 36|3639, 37|3652, 37|3711, 38|3744, 38|3827, 40|3846, 42|3871, 43|3953, 46|4052, http://www.sohu.com, 
24|1, 24|1106, 26|1142, 26|1865, 27|1877, 27|1917, 28|1940, 28|2027, 29|2051, 29|2108, 27|2134, 28|2163, 28|2281, 26|2299, 26|3142, 25|3146, 25|3825, 24|3829, 24|4002, http://www.qq.com, 
24|1, 24|903, 25|953, 24|1011, 24|1038, 26|1051, 26|1293, 34|1350, 42|1368, 42|1508, 25|1533, 25|1622, 26|1644, 26|1770, 27|1776, 27|1889, 28|1904, 28|1934, 30|1962, 30|2013, 29|2033, 29|2245, 30|2253, 33|2259, 33|2283, 30|2287, 30|2292, 25|2299, 25|2590, 26|2600, 31|2607, 31|2644, 25|2648, 25|2886, 24|2891, 24|2941, 25|2949, 25|3183, 26|3189, 26|3530, 28|3544, 28|3789, 29|3797, 29|4001, http://www.qq.com, 
24|1, 24|1068, 26|1132, 26|1875, 27|1931, 27|1964, 29|2021, 29|2049, 28|2113, 28|2182, 29|2226, 29|2417, 26|2440, 26|2566, 27|2576, 27|2904, 25|2909, 25|2918, 26|2925, 26|3118, 27|3125, 27|3202, 26|3210, 26|3553, 28|3565, 28|3881, 31|3890, 31|3914, 26|3919, 26|4008, http://www.qq.com, 
24|1, 24|846, 25|893, 25|966, 26|975, 24|1000, 28|1007, 30|1027, 30|1262, 38|1273, 39|1285, 39|1321, 58|1344, 58|1398, 65|1416, 65|1432, 67|1442, 73|1450, 83|1483, 83|1537, 64|1581, 64|1612, 65|1635, 65|1656, 77|1684, 77|1692, 78|1705, 80|1725, 83|1732, 83|1746, 80|1754, 68|1768, 68|1777, 69|1782, 69|1875, 68|1883, 68|1944, 65|1959, 59|1979, 59|1985, 55|1991, 55|1996, 52|2001, 52|2005, 50|2021, 50|2185, 53|2192, 53|2204, 54|2225, 54|2267, 51|2271, 51|2297, 52|2306, 42|2312, 42|2316, 33|2328, 33|2486, 32|2491, 32|2514, 31|2518, 31|2523, 30|2530, 29|2538, 29|2671, 28|2678, 28|2777, 27|2781, 27|2820, 28|2830, 28|3112, 27|3120, 27|3206, 29|3219, 29|3264, 30|3270, 30|3505, 29|3511, 29|3584, 28|3592, 28|4003, http://www.sina.com.cn, 
24|1, 24|1055, 26|1134, 26|1581, 28|1605, 28|1677, 29|1685, 31|1691, 31|1756, 29|1765, 29|1769, 27|1774, 27|2099, 25|2103, 25|2140, 26|2145, 28|2151, 28|2232, 25|2245, 25|2377, 28|2396, 29|2427, 29|2442, 25|2478, 25|2673, 27|2679, 27|2748, 30|2793, 30|2815, 29|2849, 27|2855, 27|3069, 28|3081, 28|3153, 29|3160, 29|3238, 30|3248, 30|3304, 28|3313, 28|3318, 29|3347, 29|3386, 31|3431, 31|3483, 30|3490, 30|3604, 28|3610, 28|3665, 27|3673, 27|3780, 28|3787, 28|4003, http://www.amazon.com, 
24|1, 24|940, 26|965, 26|1490, 25|1504, 25|1951, 24|1955, 24|4003, http://www.imgur.com, 
24|1, 24|930, 26|1006, 26|1459, 28|1469, 28|1927, 29|1958, 27|1970, 27|2169, 28|2180, 28|2399, 29|2419, 29|2461, 27|2469, 27|2539, 28|2563, 28|2582, 34|2625, 34|2647, 35|2673, 35|2783, 36|2799, 36|3016, 37|3023, 38|3030, 40|3038, 40|3170, 39|3189, 38|3208, 38|3249, 39|3265, 41|3288, 41|3393, 42|3413, 43|3460, 46|3519, 46|3627, 48|3692, 49|3732, 50|3759, 47|3803, 46|3847, 47|3866, 48|3874, 48|3973, 49|3980, 49|4001, http://www.sohu.com, 
24|1, 24|949, 25|969, 24|1001, 26|1027, 26|1444, 28|1502, 28|1574, 30|1616, 30|1660, 29|1668, 29|1673, 28|1688, 28|1692, 30|1721, 30|1791, 27|1807, 27|2001, 25|2005, 25|3673, 26|3678, 27|3690, 27|3741, 25|3760, 25|4017, http://www.reddit.com, 
24|1, 24|935, 25|952, 25|984, 26|1023, 26|1440, 28|1550, 28|1593, 30|1635, 30|1654, 29|1669, 29|1682, 28|1694, 28|1826, 29|1855, 29|1896, 27|1905, 27|1995, 25|2012, 25|4012, http://www.reddit.com, 
24|1, 24|1523, 26|1617, 26|2355, 25|2372, 25|2548, 24|2556, 24|4003, http://www.vk.com, 
24|1, 24|1014, 25|1050, 24|1080, 26|1101, 26|1622, 28|1675, 28|1717, 31|1743, 31|1799, 29|1806, 29|1937, 27|1945, 27|2090, 25|2105, 25|2247, 29|2270, 29|2332, 25|2345, 25|2657, 35|2679, 35|2699, 25|2704, 25|2737, 27|2746, 27|2816, 30|2829, 30|2881, 29|2900, 27|2925, 27|3284, 28|3293, 28|3329, 29|3348, 29|3432, 30|3439, 30|3497, 29|3510, 29|3547, 30|3554, 30|3625, 31|3636, 31|3669, 30|3683, 30|3710, 28|3715, 28|3861, 27|3867, 27|3881, 29|3887, 29|4004, http://www.amazon.com, 
24|1, 24|1132, 26|1160, 26|1673, 28|1684, 28|1759, 31|1793, 31|1849, 27|1857, 27|2139, 26|2150, 25|2155, 25|2175, 29|2183, 29|2199, 32|2240, 33|2256, 26|2264, 26|2407, 30|2456, 30|2469, 28|2494, 28|2504, 29|2536, 33|2595, 33|2664, 27|2706, 27|2769, 28|2776, 28|2821, 29|2840, 29|3010, 28|3014, 28|3019, 29|3031, 29|3114, 30|3121, 30|3148, 31|3164, 31|3173, 29|3186, 30|3192, 30|3207, 31|3213, 31|3262, 32|3277, 32|3348, 31|3374, 31|3391, 32|3397, 32|3427, 33|3434, 33|3472, 34|3479, 34|3512, 33|3540, 33|3569, 35|3582, 35|3631, 33|3644, 33|3738, 30|3745, 30|3875, 31|3880, 32|3886, 32|3890, 36|3911, 37|3941, 38|4021, http://www.amazon.com, 
24|1, 24|1039, 26|1077, 26|1628, 28|1661, 28|1877, 29|1883, 29|2046, 27|2053, 27|2344, 30|2384, 30|2647, 29|2666, 29|2692, 25|2729, 25|2863, 24|2885, 24|2954, 25|2964, 25|3129, 26|3135, 26|3182, 27|3189, 31|3205, 34|3214, 34|3371, 35|3384, 35|3404, 36|3410, 36|3424, 40|3474, 40|3535, 41|3542, 41|3622, 42|3645, 45|3705, 45|3800, 46|3847, 46|4016, http://www.sohu.com, 
24|1, 24|1037, 26|1089, 26|1412, 29|1430, 33|1440, 34|1445, 34|1470, 43|1485, 43|1608, 25|1635, 25|1683, 26|1689, 26|1928, 27|1936, 27|2052, 26|2056, 26|2719, 29|2747, 30|2783, 30|2921, 29|2928, 29|3004, 30|3013, 30|3175, 31|3182, 31|3222, 32|3228, 32|3424, 33|3432, 33|3606, 37|3622, 37|3805, 43|3837, 37|3863, 38|3880, 38|3911, 40|3967, 40|4008, http://www.qq.com, 
24|1, 24|886, 26|928, 26|1262, 32|1321, 34|1336, 36|1381, 25|1395, 25|1747, 27|1762, 27|1897, 26|1905, 26|2032, 24|2036, 24|2040, 25|2047, 25|2347, 26|2353, 26|2572, 27|2577, 27|3170, 31|3179, 31|3470, 29|3480, 29|3495, 26|3505, 26|3553, 25|3578, 26|3599, 26|3823, 25|3840, 25|3849, 30|3857, 30|3911, 34|3924, 36|3944, 36|3952, 37|3964, 37|3973, 34|3980, 33|3986, 31|4001, http://www.jd.com, 
24|1, 24|980, 26|1092, 30|1143, 30|1268, 33|1292, 33|1417, 42|1453, 42|1574, 52|1603, 62|1685, 62|1811, 63|1831, 63|1897, 74|1910, 74|1932, 80|1942, 80|2059, 86|2066, 86|2079, 81|2094, 81|2100, 66|2115, 66|2201, 69|2208, 69|2220, 68|2225, 68|2266, 66|2282, 66|2389, 58|2406, 59|2418, 59|2440, 56|2445, 52|2452, 52|2493, 53|2499, 53|2510, 51|2515, 50|2523, 50|2586, 43|2593, 43|2599, 37|2603, 37|2642, 38|2649, 38|2803, 37|2813, 37|2840, 36|2844, 36|2919, 35|2924, 29|2935, 29|3170, 28|3174, 28|3667, 29|3675, 29|3818, 30|3823, 30|4002, http://www.sina.com.cn, 
24|1, 24|1091, 26|1103, 26|1717, 27|1785, 27|1950, 26|1955, 26|1967, 27|1973, 27|2092, 26|2099, 26|2601, 29|2615, 29|2627, 30|2642, 30|2696, 31|2726, 32|2747, 32|2751, 29|2761, 29|2820, 30|2827, 30|2885, 29|2892, 28|2900, 28|2958, 27|2972, 27|2999, 24|3028, 24|3106, 25|3130, 25|3156, 27|3165, 27|3224, 31|3243, 31|3255, 32|3266, 32|3286, 33|3292, 33|3351, 34|3367, 34|3393, 36|3407, 36|3429, 37|3437, 37|3461, 38|3472, 38|3480, 40|3493, 40|3511, 44|3521, 44|3554, 45|3566, 45|3571, 46|3586, 47|3600, 47|3609, 50|3620, 51|3632, 51|3645, 44|3654, 47|3705, 47|3822, 46|3943, 49|4062, http://www.jd.com, 
24|1, 24|896, 25|944, 29|972, 29|1318, 26|1342, 25|1369, 25|1581, 24|1598, 24|2001, 25|2009, 28|2022, 28|2066, 30|2078, 32|2085, 32|2113, 30|2119, 30|2186, 29|2191, 29|2195, 28|2201, 28|2561, 27|2569, 27|3378, 28|3392, 28|3412, 29|3429, 30|3438, 30|3448, 31|3458, 31|3493, 32|3502, 32|3603, 34|3621, 35|3645, 35|3659, 36|3674, 36|3736, 37|3750, 37|3832, 38|3846, 39|3868, 39|3902, 40|3931, 40|3951, 38|3966, 38|4003, http://www.tmall.com, 
24|1, 24|982, 25|999, 24|1037, 24|1072, 28|1085, 28|1105, 30|1132, 30|1144, 33|1163, 33|1203, 34|1221, 34|1234, 32|1240, 31|1294, 31|1458, 30|1506, 30|1709, 34|1750, 34|1763, 37|1783, 37|1809, 38|1830, 41|1848, 41|1874, 38|1888, 38|1923, 37|1928, 36|1947, 36|1982, 37|1986, 38|1994, 38|2101, 37|2120, 37|2124, 36|2150, 36|2331, 38|2360, 38|2390, 40|2432, 39|2460, 39|2468, 36|2477, 36|2527, 38|2554, 36|2569, 36|4004, http://www.facebook.com, 
24|1, 24|1288, 25|1362, 24|1469, 24|1535, 26|1596, 26|2058, 25|2088, 25|2522, 24|2531, 24|4002, http://www.imgur.com, 
24|1, 24|922, 25|964, 25|989, 26|1065, 26|1541, 28|1588, 28|1616, 30|1648, 30|1670, 31|1701, 28|1709, 28|1718, 27|1724, 27|1753, 28|1773, 28|1911, 29|1918, 29|1943, 27|1958, 27|1963, 28|2018, 27|2026, 27|2043, 26|2059, 27|2079, 27|2111, 26|2124, 26|3185, 27|3194, 31|3206, 31|3252, 33|3263, 38|3280, 38|3322, 37|3329, 36|3335, 31|3352, 31|3360, 33|3377, 33|3418, 32|3431, 31|3439, 31|3450, 28|3458, 28|3593, 29|3607, 29|3810, 28|3815, 28|3888, 29|3986, 29|4005, http://www.instagram.com, 
24|1, 24|1084, 25|1095, 25|1133, 24|1142, 24|1156, 27|1176, 28|1211, 28|1407, 29|1423, 29|1763, 32|1781, 32|1880, 34|1889, 34|1895, 37|1914, 40|1921, 43|1935, 50|1944, 54|1957, 54|2062, 52|2071, 52|2076, 50|2094, 50|2127, 55|2143, 55|2153, 56|2161, 56|2337, 55|2342, 55|2427, 54|2433, 54|2460, 64|2473, 65|2488, 66|2494, 67|2501, 71|2509, 78|2515, 78|2539, 81|2552, 81|2585, 82|2593, 83|2599, 84|2605, 84|2610, 85|2625, 85|2635, 81|2647, 81|2746, 80|2752, 80|2757, 77|2800, 77|2814, 70|2824, 70|2870, 72|2895, 72|2956, 70|2980, 70|2990, 68|3010, 69|3040, 69|3127, 67|3136, 65|3142, 65|3157, 64|3166, 64|3203, 67|3293, 61|3372, 61|3395, 51|3429, 51|3555, 52|3566, 54|3585, 60|3602, 62|3615, 62|3633, 52|3647, 52|3774, 47|3778, 47|3918, 44|3927, 44|4002, http://www.baidu.com, 
24|1, 24|988, 25|1025, 29|1076, 29|1421, 28|1435, 27|1443, 25|1460, 25|1775, 24|1780, 24|2068, 29|2094, 29|2122, 31|2132, 31|2150, 33|2170, 33|2175, 29|2191, 29|2213, 30|2223, 30|2229, 29|2238, 29|2272, 28|2280, 28|2456, 27|2460, 27|2782, 28|2787, 28|3009, 27|3018, 27|3394, 28|3465, 28|3691, 29|3711, 29|3913, 30|3922, 30|3984, 31|3993, 34|4001, http://www.tmall.com, 
24|1, 24|1113, 25|1160, 25|1188, 26|1233, 26|1765, 28|1818, 28|1882, 30|1899, 30|1941, 31|1948, 31|1964, 30|1973, 30|2165, 27|2171, 27|2213, 25|2227, 25|2247, 27|2253, 28|2319, 28|2339, 29|2372, 29|2402, 28|2423, 28|3151, 29|3213, 41|3415, 40|3440, 40|3488, 35|3500, 35|3576, 33|3597, 33|3633, 32|3640, 32|3700, 30|3707, 30|3786, 31|3792, 30|4051, http://www.instagram.com, 
24|1, 24|974, 25|989, 24|1013, 26|1025, 26|1443, 44|1485, 44|1641, 25|1738, 25|1839, 26|1865, 26|1892, 27|1913, 28|1928, 29|1957, 30|1974, 31|1981, 31|2010, 30|2025, 30|2093, 31|2101, 31|2139, 32|2147, 32|2351, 33|2381, 33|2514, 34|2529, 36|2568, 37|2586, 37|2738, 38|2758, 36|2883, 36|3071, 35|3116, 33|3165, 29|3185, 27|3194, 27|3352, 26|3357, 26|3641, 25|3646, 25|4005, http://www.qq.com, 
24|1, 24|1054, 25|1087, 26|1181, 26|1657, 28|1679, 28|1693, 27|1712, 27|1793, 29|1802, 29|1893, 25|1906, 25|2118, 24|2128, 24|2906, 25|2912, 26|2922, 28|2928, 28|2942, 26|2949, 26|3249, 27|3254, 29|3263, 29|3297, 26|3301, 26|3305, 27|3311, 27|3335, 24|3395, 24|3418, 25|3425, 26|3434, 28|3443, 28|3453, 26|3458, 26|3499, 27|3510, 26|3522, 26|3593, 28|3620, 28|3681, 34|3754, 34|3790, 36|3869, 34|3924, 31|3986, 27|4030, http://www.netflix.com, 
24|1, 24|1097, 26|1176, 26|1584, 28|1616, 28|1738, 30|1762, 30|1769, 29|1776, 29|1837, 27|1854, 26|1860, 26|1869, 27|1880, 27|2119, 29|2128, 29|2137, 30|2144, 31|2152, 31|2172, 35|2203, 36|2223, 36|2251, 37|2259, 42|2290, 43|2310, 44|2341, 44|2366, 39|2388, 36|2404, 36|2422, 38|2439, 41|2482, 41|2503, 45|2513, 46|2531, 45|2556, 45|2598, 44|2611, 44|2616, 43|2630, 43|2636, 33|2641, 33|2652, 31|2661, 31|2669, 29|2697, 29|3410, 30|3422, 30|3457, 32|3474, 32|3478, 33|3492, 33|3526, 32|3538, 32|3544, 30|3552, 31|3564, 31|3662, 34|3668, 33|3678, 33|3765, 34|3778, 34|3807, 37|3819, 37|3881, 36|3894, 36|3899, 35|3919, 35|3938, 29|3950, 29|4002, http://www.yahoo.com, 
24|1, 24|855, 25|948, 25|1002, 31|1083, 31|1388, 30|1440, 29|1484, 29|1549, 31|1591, 31|1753, 28|1758, 28|1871, 27|1875, 27|2012, 24|2027, 24|2073, 27|2094, 27|2183, 26|2190, 26|2690, 27|2697, 27|2703, 28|2710, 28|2792, 32|2798, 32|2820, 37|2827, 37|2879, 38|2884, 43|2890, 43|2899, 45|2905, 45|2911, 46|2917, 46|2951, 43|2956, 43|2961, 45|2967, 46|2978, 46|2982, 45|2986, 45|3002, 44|3013, 44|3022, 43|3026, 43|3036, 45|3042, 45|3104, 46|3109, 48|3118, 48|3122, 50|3127, 50|3133, 52|3138, 54|3143, 54|3170, 55|3190, 55|3214, 53|3226, 53|3231, 52|3260, 50|3266, 50|3270, 48|3281, 50|3295, 50|3464, 49|3477, 49|3775, 51|3792, 51|3848, 52|3873, 52|4002, http://www.taobao.com, 
24|1, 24|897, 25|956, 24|1005, 28|1026, 28|1223, 29|1242, 29|1533, 32|1581, 32|1693, 34|1704, 34|1710, 42|1724, 42|1739, 43|1744, 50|1750, 50|1845, 48|1854, 48|1944, 52|1969, 56|1976, 56|2097, 55|2101, 55|2196, 56|2200, 56|2229, 57|2235, 59|2248, 60|2253, 61|2258, 61|2277, 72|2294, 72|2307, 77|2322, 77|2343, 75|2360, 75|2371, 74|2392, 74|2402, 75|2408, 76|2422, 76|2489, 77|2504, 77|2527, 76|2534, 74|2570, 74|2597, 73|2605, 69|2655, 69|2708, 70|2777, 67|2806, 67|2842, 68|2888, 79|2913, 88|2931, 88|2939, 74|2963, 72|3013, 71|3034, 71|3078, 70|3086, 70|3101, 71|3111, 71|3206, 91|3295, 83|3340, 69|3414, 55|3453, 58|3493, 59|3510, 58|3538, 45|3553, 45|3605, 47|3614, 47|3640, 45|3646, 45|3719, 42|3723, 42|3776, 37|3781, 37|3786, 38|3791, 40|3799, 40|3828, 37|3833, 37|3848, 35|3869, 35|3962, 36|3969, 36|3978, 37|3989, 37|4009, http://www.baidu.com, 
24|1, 24|1140, 26|1212, 26|1782, 28|1809, 28|1896, 29|1910, 30|1922, 30|2001, 28|2020, 28|2144, 26|2162, 26|2283, 25|2338, 25|4002, http://www.wikipedia.org, 
24|1, 24|1000, 26|1020, 26|1588, 28|1609, 28|1795, 29|1804, 29|2003, 27|2008, 27|2427, 30|2474, 30|2565, 29|2614, 29|2785, 28|2815, 28|3100, 29|3106, 29|3257, 25|3261, 25|3347, 26|3354, 26|3363, 27|3370, 32|3379, 32|3550, 33|3559, 34|3570, 34|3585, 35|3592, 35|3629, 36|3635, 36|3675, 38|3704, 38|3737, 43|3886, 43|3959, 45|3971, 45|4001, http://www.sohu.com, 
24|1, 24|1009, 25|1027, 25|1047, 24|1077, 24|1089, 26|1100, 26|1659, 25|1686, 25|2046, 26|2054, 26|2081, 25|2098, 25|2292, 26|2297, 26|2862, 30|2870, 30|3172, 25|3178, 25|3288, 24|3295, 24|3582, 26|3591, 26|3611, 27|3616, 27|3622, 29|3637, 30|3643, 30|3665, 31|3673, 32|3684, 32|3746, 33|3752, 33|3789, 36|3795, 36|3838, 39|3849, 39|3879, 40|3888, 40|3899, 42|3937, 47|4023, http://www.jd.com, 
24|1, 24|1061, 25|1085, 24|1119, 24|1146, 26|1208, 26|1641, 28|1681, 28|1727, 27|1744, 27|1826, 28|1841, 28|1870, 29|1890, 29|1930, 27|1938, 27|1946, 28|1957, 28|1980, 27|1987, 27|2127, 26|2134, 26|2138, 27|2143, 27|2165, 30|2201, 35|2229, 36|2245, 36|2266, 34|2276, 34|2313, 35|2332, 35|2338, 36|2368, 37|2374, 39|2379, 39|2395, 37|2404, 37|2410, 36|2420, 36|2436, 37|2459, 34|2471, 34|2481, 35|2494, 42|2506, 42|2567, 36|2593, 36|2598, 37|2613, 38|2624, 38|2634, 37|2664, 32|2712, 34|2763, 30|2788, 30|2898, 29|2914, 29|3488, 31|3493, 31|3501, 32|3510, 32|3567, 33|3583, 33|3620, 31|3625, 31|3636, 29|3642, 29|3656, 31|3662, 31|3730, 30|3742, 30|3748, 31|3765, 31|3886, 30|3901, 30|3978, 29|3982, 29|3992, 30|3997, 30|4003, http://www.yahoo.com, 
24|1, 24|975, 25|1024, 24|1106, 24|2084, 25|2100, 25|2220, 26|2259, 24|2297, 24|2362, 25|2391, 25|2618, 24|2639, 24|4001, http://www.google.com, 
24|1, 24|985, 26|1019, 26|1574, 28|1586, 28|1654, 29|1659, 30|1666, 30|1698, 31|1711, 31|1719, 28|1724, 27|1733, 27|1775, 28|1780, 28|1958, 26|1989, 27|2010, 27|2038, 28|2138, 28|2156, 27|2172, 27|3206, 28|3223, 28|3247, 31|3326, 32|3384, 30|3454, 33|3514, 33|3570, 30|3582, 30|3921, 29|3950, 29|4019, http://www.instagram.com, 
24|1, 24|930, 26|1017, 26|1534, 28|1540, 28|1620, 31|1644, 31|1701, 29|1708, 29|1811, 27|1818, 27|1951, 25|1966, 25|2401, 28|2409, 32|2429, 32|2503, 25|2508, 25|3149, 26|3166, 27|3188, 27|3249, 30|3278, 30|3340, 27|3357, 27|3423, 28|3434, 28|3473, 29|3480, 29|3750, 30|3757, 30|3813, 29|3839, 29|3959, 31|3987, 30|3995, 30|4003, http://www.amazon.com, 
24|1, 24|1017, 25|1071, 24|1094, 26|1144, 26|1620, 28|1658, 28|1734, 30|1767, 30|1808, 28|1824, 28|2065, 27|2069, 27|2108, 25|2120, 25|4005, http://www.wikipedia.org, 
24|1, 24|960, 25|1011, 26|1042, 26|1618, 27|1639, 28|1645, 28|2017, 26|2037, 26|2154, 27|2161, 27|2401, 28|2413, 28|2538, 29|2554, 29|2623, 27|2639, 27|2657, 34|2685, 34|2784, 35|2806, 35|2889, 36|2899, 36|2984, 38|3011, 40|3079, 40|3205, 41|3250, 43|3291, 43|3397, 42|3407, 42|3428, 41|3447, 41|3494, 43|3526, 43|3558, 44|3567, 44|3610, 45|3668, 45|3767, 50|3864, 46|3911, 46|3935, 44|3980, 45|3997, 45|4004, http://www.sohu.com, 
24|1, 24|914, 25|943, 25|1008, 26|1060, 26|1605, 25|1619, 25|1650, 26|1661, 28|1679, 28|1792, 30|1799, 30|1887, 27|1901, 27|2017, 26|2029, 26|2136, 25|2140, 25|2268, 29|2288, 29|2304, 27|2308, 27|2569, 28|2575, 30|2582, 30|2624, 29|2648, 29|2665, 26|2671, 26|2675, 25|2682, 25|2720, 26|2730, 29|2743, 29|2757, 27|2761, 27|2794, 28|2806, 28|2811, 27|2823, 27|2866, 29|2879, 29|2906, 35|2961, 35|3031, 31|3069, 33|3122, 31|3157, 31|3171, 26|3304, 28|3367, 28|3442, 27|3459, 28|3508, 28|3558, 29|3580, 29|3604, 31|3624, 31|3724, 29|3729, 29|3736, 30|3744, 30|3836, 28|3841, 28|3855, 30|3863, 30|3923, 29|3946, 29|4005, http://www.netflix.com, 
24|1, 24|1075, 28|1105, 28|1337, 29|1372, 29|1638, 30|1646, 32|1662, 32|1774, 34|1787, 42|1803, 42|1816, 46|1824, 46|1933, 44|1941, 44|1951, 43|1972, 43|2022, 47|2044, 47|2171, 51|2180, 51|2279, 50|2289, 51|2301, 51|2315, 50|2321, 53|2329, 55|2341, 55|2346, 57|2354, 59|2360, 59|2382, 60|2387, 67|2394, 67|2426, 70|2438, 70|2457, 62|2489, 62|2543, 63|2548, 63|2614, 62|2619, 62|2624, 60|2629, 62|2635, 62|2647, 61|2653, 61|2687, 58|2691, 58|2696, 59|2701, 61|2712, 62|2723, 64|2733, 64|2739, 65|2745, 65|2844, 68|2860, 68|2972, 70|2988, 70|3003, 71|3018, 67|3047, 67|3086, 81|3137, 84|3177, 77|3245, 81|3297, 71|3317, 71|3352, 76|3394, 85|3432, 86|3446, 79|3456, 79|3464, 77|3483, 77|3498, 76|3504, 76|3538, 75|3549, 73|3564, 73|3637, 71|3643, 73|3651, 73|3656, 75|3663, 78|3669, 78|3675, 81|3686, 83|3692, 85|3698, 87|3705, 88|3712, 85|3731, 70|3755, 62|3760, 62|3765, 58|3779, 58|3784, 55|3799, 55|3875, 49|3882, 50|3890, 50|3931, 51|3944, 51|3967, 56|3975, 56|4005, http://www.baidu.com, 
24|1, 24|949, 25|982, 24|1016, 26|1036, 26|1604, 25|1646, 25|1807, 26|1815, 26|1829, 28|1837, 28|1956, 30|1981, 30|2028, 29|2032, 29|2048, 25|2076, 25|2422, 26|2430, 28|2440, 29|2446, 29|2467, 27|2472, 27|2827, 26|2833, 26|2838, 25|2846, 25|2936, 26|2944, 30|2966, 30|2975, 27|2984, 27|2994, 28|3014, 28|3061, 29|3068, 29|3177, 27|3188, 27|3234, 29|3260, 29|3288, 31|3295, 31|3367, 33|3388, 36|3434, 30|3460, 30|3582, 32|3622, 31|3758, 31|3777, 29|3824, 29|3847, 32|3890, 32|3942, 31|3962, 31|3975, 30|3984, 30|4003, http://www.netflix.com, 
24|1, 24|933, 25|958, 24|1000, 26|1014, 26|1587, 28|1618, 28|1688, 30|1710, 30|1767, 28|1782, 28|1992, 25|2005, 25|4003, http://www.wikipedia.org, 
24|1, 24|962, 29|1048, 29|1379, 25|1419, 25|1754, 24|1762, 24|2059, 29|2086, 31|2103, 31|2175, 29|2180, 29|2205, 28|2213, 28|2609, 27|2617, 27|3239, 28|3276, 29|3293, 29|3454, 30|3473, 30|3540, 31|3552, 31|3647, 33|3670, 33|3709, 34|3749, 34|3770, 35|3789, 35|3847, 36|3871, 36|3924, 38|3938, 38|3947, 39|3953, 38|3963, 39|3996, 40|4015, http://www.tmall.com, 
24|1, 24|995, 25|1024, 24|1062, 26|1176, 26|1690, 28|1747, 28|1790, 27|1803, 27|1851, 29|1874, 29|1962, 25|1977, 25|2033, 26|2040, 26|2100, 25|2109, 25|2285, 24|2296, 24|2499, 25|2507, 28|2516, 28|2760, 26|2765, 26|2771, 29|2786, 29|2809, 28|2816, 30|2831, 30|2854, 28|2868, 27|2887, 27|2892, 28|2915, 28|3002, 26|3008, 26|3122, 28|3141, 28|3160, 30|3178, 30|3194, 32|3213, 33|3231, 33|3291, 30|3314, 30|3341, 27|3419, 28|3477, 29|3542, 30|3593, 30|3599, 26|3664, 27|3702, 27|3738, 29|3775, 29|3808, 30|3818, 30|3839, 29|3844, 29|3874, 31|3891, 31|3910, 29|3915, 29|3953, 30|3969, 30|3979, 28|3986, 28|4004, http://www.netflix.com, 
24|1, 24|1104, 26|1158, 26|2080, 28|2087, 28|2104, 26|2108, 26|2112, 27|2126, 27|2825, 29|2852, 29|3073, 28|3078, 28|3094, 27|3116, 27|3220, 24|3234, 24|3484, 25|3493, 25|3663, 26|3680, 26|3731, 27|3742, 27|3909, 28|3923, 28|3944, 29|3963, 30|3973, 31|3985, 31|4017, http://www.sohu.com, 
24|1, 24|1163, 25|1176, 24|1202, 24|1218, 28|1266, 28|1456, 29|1471, 29|1818, 32|1839, 32|1869, 34|1886, 34|1904, 48|1920, 50|1928, 50|2117, 53|2129, 51|2148, 51|2330, 50|2335, 50|2407, 49|2416, 49|2432, 51|2437, 57|2451, 57|2456, 61|2463, 61|2570, 71|2583, 71|2587, 72|2597, 73|2603, 73|2608, 77|2616, 77|2631, 78|2642, 78|2647, 79|2662, 69|2695, 69|2727, 68|2735, 68|2740, 67|2745, 67|2750, 65|2756, 65|2824, 68|2837, 68|2864, 65|2873, 65|2887, 67|2896, 67|2919, 69|2941, 69|2985, 67|3000, 67|3017, 66|3023, 66|3066, 68|3079, 69|3090, 69|3110, 70|3150, 70|3178, 71|3194, 82|3213, 81|3224, 81|3229, 75|3257, 75|3271, 64|3276, 64|3282, 65|3303, 65|3315, 66|3336, 69|3386, 69|3400, 62|3431, 58|3504, 59|3570, 57|3619, 56|3634, 46|3670, 46|3685, 42|3701, 42|3718, 43|3738, 44|3767, 41|3783, 40|3796, 40|3867, 37|3872, 37|3978, 39|3987, 40|3994, 40|4004, http://www.baidu.com, 
24|1, 24|974, 33|1129, 33|1229, 32|1241, 32|1252, 31|1271, 31|1364, 30|1373, 30|1702, 29|1717, 31|1734, 37|1745, 37|1794, 40|1840, 40|1882, 39|1901, 39|1946, 38|1960, 38|2003, 40|2011, 40|2087, 37|2107, 37|2116, 36|2143, 36|4001, http://www.facebook.com, 
24|1, 24|863, 25|894, 24|933, 24|951, 26|982, 26|1435, 28|1467, 28|1510, 29|1543, 29|1583, 31|1590, 31|1604, 28|1609, 28|1613, 27|1629, 27|1664, 28|1670, 28|1811, 27|1815, 27|1886, 29|1894, 29|1915, 27|1930, 27|1948, 26|1968, 26|2018, 27|2039, 27|2079, 26|2096, 26|3229, 27|3236, 27|3247, 30|3255, 31|3270, 31|3308, 33|3324, 38|3338, 38|3368, 37|3374, 37|3393, 36|3406, 36|3410, 29|3417, 31|3423, 33|3447, 33|3479, 32|3497, 32|3520, 31|3525, 31|3541, 28|3546, 28|3627, 29|3650, 29|3838, 28|3845, 28|3855, 29|3919, 29|4042, http://www.instagram.com, 
24|1, 24|1068, 25|1107, 25|1266, 28|1278, 28|1335, 29|1346, 32|1378, 32|1582, 31|1668, 31|1716, 29|1731, 29|1755, 30|1762, 30|1877, 29|1884, 29|1987, 28|1994, 28|2321, 30|2327, 30|2332, 31|2337, 30|2343, 27|2349, 27|2428, 26|2433, 26|2630, 27|2636, 28|2643, 28|2730, 35|2737, 38|2743, 38|2758, 39|2763, 43|2771, 43|2787, 44|2799, 44|2826, 45|2832, 45|2837, 51|2864, 51|2875, 54|2882, 56|2894, 58|2904, 57|2913, 54|2933, 54|2948, 52|2959, 52|2965, 51|2974, 55|2982, 55|3017, 54|3026, 53|3037, 52|3042, 52|3228, 51|3248, 51|3361, 52|3375, 52|3428, 51|3435, 51|3447, 50|3470, 50|3602, 53|3640, 53|3741, 52|3751, 52|3949, 53|3956, 53|3965, 51|3973, 47|3982, 46|3995, 46|4002, http://www.taobao.com, 
24|1, 24|1118, 25|1178, 25|1192, 27|1240, 31|1288, 31|1559, 30|1621, 30|1684, 29|1699, 29|1712, 31|1757, 31|1914, 28|1919, 28|1991, 27|1999, 27|2244, 24|2259, 24|2317, 28|2324, 28|2428, 26|2434, 26|2726, 27|2735, 28|2747, 28|2828, 33|2839, 45|2844, 47|2851, 47|2883, 48|2889, 48|2899, 51|2905, 51|2943, 52|2959, 52|2966, 51|2971, 51|2986, 50|2995, 50|3014, 55|3034, 54|3045, 53|3052, 52|3064, 52|3079, 54|3090, 54|3139, 50|3172, 50|3340, 48|3366, 48|3436, 49|3462, 49|3476, 50|3490, 50|3502, 51|3511, 52|3521, 53|3535, 53|3574, 52|3586, 52|3782, 49|3790, 49|3877, 46|3883, 46|3903, 45|3911, 45|4003, http://www.taobao.com, 
24|1, 24|928, 25|995, 26|1034, 26|1401, 29|1419, 34|1430, 34|1448, 36|1472, 36|1583, 25|1601, 25|1650, 26|1681, 26|1883, 25|1893, 25|2015, 24|2034, 24|2438, 25|2450, 25|2665, 26|2672, 26|3282, 29|3296, 29|3659, 28|3672, 24|3679, 24|4004, http://www.jd.com, 
24|1, 24|992, 25|1012, 24|1027, 28|1051, 28|1076, 30|1110, 32|1126, 32|1195, 33|1254, 33|1260, 32|1296, 32|1389, 31|1403, 31|1413, 30|1426, 30|1679, 31|1717, 31|1734, 37|1759, 37|1782, 35|1788, 35|1810, 41|1837, 41|1847, 40|1873, 37|1907, 35|1922, 35|1938, 38|1946, 39|1970, 39|2178, 38|2182, 38|4004, http://www.facebook.com, 
24|1, 24|1088, 25|1123, 26|1146, 26|1648, 28|1665, 28|1722, 27|1746, 27|1779, 29|1809, 29|1891, 27|1896, 26|1913, 27|1919, 27|2080, 26|2093, 30|2144, 32|2161, 36|2179, 36|2212, 35|2225, 35|2245, 39|2272, 39|2343, 37|2371, 37|2407, 34|2445, 40|2477, 40|2505, 42|2526, 42|2569, 36|2575, 38|2584, 38|2590, 39|2596, 39|2601, 34|2636, 37|2677, 37|2728, 31|2744, 31|2826, 29|2846, 29|3459, 30|3482, 30|3517, 31|3531, 31|3585, 32|3593, 32|3679, 30|3695, 30|3705, 29|3725, 29|3737, 32|3768, 32|3822, 31|3852, 31|3967, 30|3974, 30|4001, http://www.yahoo.com, 
24|1, 24|937, 25|957, 25|981, 30|1019, 32|1034, 32|1052, 46|1067, 46|1316, 48|1324, 58|1338, 61|1347, 61|1381, 83|1397, 95|1428, 112|1449, 112|1510, 109|1531, 100|1543, 96|1566, 96|1859, 99|1876, 99|1990, 104|2008, 53|2014, 51|2026, 51|2048, 37|2054, 37|2172, 36|2185, 35|2202, 35|2501, 34|2505, 34|2545, 37|2552, 37|2680, 39|2690, 39|2765, 40|2774, 40|2796, 41|2801, 41|2972, 40|2977, 40|2991, 34|2999, 34|3131, 33|3135, 33|3282, 34|3289, 34|3364, 35|3371, 35|3579, 34|3584, 34|3599, 33|3606, 33|3652, 32|3659, 32|3676, 31|3686, 31|3873, 32|3879, 33|3888, 33|3916, 34|3922, 34|4004, http://www.sina.com.cn, 
28|1, 28|931, 29|987, 29|1002, 30|1055, 30|1541, 31|1601, 31|1788, 30|1799, 30|1814, 31|1830, 31|2027, 30|2042, 30|2468, 34|2476, 34|2764, 29|2783, 29|2826, 28|2831, 28|3032, 29|3043, 29|3063, 30|3080, 31|3088, 31|3141, 33|3152, 35|3178, 36|3185, 36|3209, 37|3215, 37|3273, 38|3281, 38|3325, 39|3330, 40|3336, 41|3350, 41|3392, 42|3408, 42|3413, 44|3420, 44|3425, 46|3434, 47|3445, 47|3493, 48|3506, 48|3522, 49|3534, 49|3556, 51|3584, 51|3651, 54|3691, 54|3745, 50|3795, 51|3835, 52|3873, 51|3937, 51|3961, 47|3999, 47|4016, http://www.jd.com, 
28|1, 28|1048, 29|1068, 29|1086, 28|1107, 28|2123, 50|2144, 50|2178, 53|2191, 53|2408, 72|2491, 109|2651, 108|2673, 108|2837, 106|2847, 106|2902, 107|2958, 107|3118, 138|3181, 140|3211, 140|3246, 138|3256, 138|3286, 140|3301, 140|3352, 137|3356, 135|3363, 135|3369, 134|3374, 130|3384, 130|3398, 128|3404, 128|3409, 127|3415, 127|3462, 126|3467, 126|3482, 125|3489, 122|3497, 122|3519, 118|3524, 118|3531, 117|3536, 115|3544, 115|3559, 113|3564, 113|3580, 109|3585, 109|3590, 107|3595, 107|3611, 105|3615, 105|3620, 103|3625, 103|3768, 102|3786, 102|3800, 101|3810, 101|3842, 99|3848, 99|3879, 97|3883, 97|3891, 95|3895, 95|3900, 91|3904, 91|3919, 89|3929, 89|3939, 87|3944, 87|3949, 83|3954, 79|3963, 79|3980, 77|3985, 75|4002, http://www.360.cn, 
28|1, 28|889, 29|906, 28|953, 28|974, 29|980, 34|987, 34|1047, 38|1101, 38|1107, 37|1180, 37|1335, 35|1351, 34|1365, 34|1648, 33|1656, 33|1665, 35|1674, 35|1694, 41|1702, 41|1745, 39|1754, 42|1763, 43|1771, 45|1777, 45|1814, 44|1822, 44|1827, 41|1842, 39|1852, 39|1876, 38|1889, 38|1894, 40|1908, 40|4003, http://www.facebook.com, 
28|1, 28|942, 29|964, 29|976, 28|986, 28|995, 34|1066, 38|1112, 38|1128, 37|1162, 37|1363, 34|1395, 34|1660, 35|1687, 41|1707, 41|1762, 39|1770, 41|1786, 43|1791, 43|1853, 42|1863, 41|1868, 40|1878, 40|1889, 39|1899, 39|1904, 42|1919, 42|2073, 41|2108, 41|4003, http://www.facebook.com, 
28|1, 28|1035, 30|1099, 30|1864, 31|1880, 31|2029, 30|2034, 30|2484, 34|2490, 34|2863, 33|2871, 29|2880, 29|2902, 28|2932, 28|3017, 29|3028, 29|3062, 30|3090, 31|3103, 31|3170, 33|3183, 33|3200, 34|3213, 34|3240, 35|3254, 35|3264, 36|3270, 37|3281, 37|3323, 39|3334, 40|3341, 40|3417, 41|3427, 42|3436, 42|3451, 43|3456, 44|3462, 44|3481, 45|3490, 46|3495, 46|3553, 47|3559, 47|3593, 48|3615, 48|3679, 49|3688, 49|3771, 50|3811, 51|3851, 50|3915, 49|3940, 49|3949, 47|3978, 47|4014, http://www.jd.com, 
28|1, 28|885, 29|943, 30|953, 30|1853, 29|1860, 29|1888, 30|1897, 30|1902, 31|1909, 31|1935, 30|1948, 30|2666, 33|2680, 33|2894, 32|2911, 32|2999, 28|3012, 28|3333, 29|3355, 29|3375, 31|3383, 31|3418, 34|3437, 35|3446, 36|3453, 36|3471, 37|3484, 37|3580, 38|3588, 38|3611, 39|3618, 40|3628, 40|3649, 41|3655, 41|3669, 42|3680, 44|3689, 46|3703, 46|3756, 47|3767, 47|3799, 48|3841, 48|3888, 49|3899, 49|4003, http://www.jd.com, 
28|1, 28|1069, 29|1114, 35|1148, 42|1163, 42|1180, 51|1235, 48|1275, 46|1300, 46|1310, 49|1354, 48|1373, 46|1382, 46|1391, 44|1418, 44|1492, 42|1517, 42|1615, 44|1659, 44|1801, 42|1809, 42|1885, 41|1893, 41|2053, 43|2075, 43|2502, 45|2528, 45|2546, 47|2619, 47|2733, 43|2760, 43|2829, 45|2849, 45|2867, 44|2932, 43|2956, 44|3003, 44|3031, 43|3037, 44|3046, 44|3077, 42|3087, 42|3260, 41|3270, 41|3387, 42|3392, 42|4001, http://www.linkedin.com, 
28|1, 28|938, 29|971, 28|1014, 42|1074, 42|1089, 55|1154, 56|1161, 54|1278, 54|1401, 52|1422, 52|1431, 51|1440, 49|1451, 48|1458, 48|1487, 45|1505, 45|1513, 43|1524, 43|1541, 42|1557, 42|1617, 44|1654, 44|1819, 42|1835, 42|1867, 41|1884, 41|2078, 43|2086, 43|2435, 45|2542, 45|2563, 47|2629, 47|2655, 43|2687, 43|2756, 41|2818, 41|2840, 43|2863, 43|3028, 42|3043, 42|3059, 41|3064, 41|3082, 42|3090, 42|4001, http://www.linkedin.com, 
28|1, 28|954, 29|999, 29|1048, 43|1086, 51|1123, 52|1138, 56|1148, 57|1158, 59|1168, 59|1285, 63|1307, 63|1361, 67|1389, 67|1454, 83|1476, 83|1493, 86|1516, 78|1547, 69|1561, 69|1599, 68|1623, 68|1660, 71|1712, 65|1737, 64|1751, 64|1840, 66|1867, 66|1990, 65|1997, 65|2041, 60|2048, 60|2054, 58|2066, 58|2072, 57|2079, 57|2085, 56|2100, 52|2110, 49|2115, 48|2125, 48|2131, 44|2144, 43|2149, 44|2161, 41|2193, 41|2274, 40|2289, 37|2295, 43|2346, 43|2403, 42|2408, 42|2517, 41|2528, 42|2536, 41|2560, 40|2572, 40|2660, 41|2668, 41|2913, 42|2922, 42|2933, 41|2948, 41|2982, 42|3000, 42|3069, 44|3089, 44|3106, 45|3119, 45|3173, 47|3203, 44|3232, 44|3288, 38|3316, 38|3322, 37|3339, 37|3351, 38|3365, 38|3431, 40|3451, 40|3467, 43|3478, 43|3483, 42|3489, 42|3667, 46|3686, 46|3695, 47|3705, 47|3739, 46|3782, 46|3812, 47|3831, 48|3860, 48|3928, 49|3937, 49|3949, 47|3980, 45|3989, 44|3995, 44|4004, http://www.sina.com.cn, 
28|1, 28|814, 29|850, 29|885, 28|924, 30|944, 30|1436, 29|1459, 29|1926, 28|1944, 28|4002, http://www.imgur.com, 
28|1, 28|951, 30|995, 30|1660, 32|1671, 32|1778, 31|1783, 31|1884, 32|1897, 32|1969, 31|1983, 31|2101, 34|2115, 34|2550, 29|2557, 29|2879, 28|2884, 28|4004, http://www.live.com, 
28|1, 28|943, 29|1009, 29|1023, 28|1039, 29|1069, 32|1103, 32|1443, 31|1452, 29|1477, 29|1703, 28|1708, 28|2102, 34|2139, 34|2225, 32|2230, 31|2237, 31|2242, 30|2250, 30|2255, 31|2266, 31|2490, 30|2498, 30|3040, 31|3067, 31|3112, 32|3127, 32|3266, 33|3286, 33|3335, 34|3343, 34|3416, 35|3434, 35|3475, 36|3487, 36|3535, 38|3548, 38|3571, 39|3590, 39|3667, 40|3672, 40|3692, 41|3709, 41|3759, 42|3766, 42|3817, 41|3824, 42|3844, 43|3859, 43|3913, 44|3923, 44|4001, http://www.tmall.com, 
28|1, 28|976, 29|989, 29|1027, 30|1050, 30|1742, 32|1761, 32|1891, 31|1897, 31|2021, 30|2031, 30|2144, 32|2151, 32|2589, 30|2598, 30|2602, 28|2607, 28|2755, 29|2762, 29|2770, 28|2777, 28|4006, http://www.live.com, 
28|1, 28|883, 29|929, 29|958, 28|997, 32|1018, 32|1233, 36|1265, 36|1578, 33|1621, 33|1773, 32|1789, 32|1998, 29|2017, 29|2232, 28|2238, 28|2459, 32|2465, 32|2561, 29|2566, 29|2584, 30|2592, 30|2825, 29|2833, 29|3278, 31|3286, 31|3319, 33|3331, 33|3374, 32|3384, 32|3407, 33|3414, 34|3420, 49|3433, 49|3462, 50|3467, 52|3475, 56|3481, 56|3521, 55|3531, 55|3542, 52|3548, 51|3559, 52|3565, 56|3580, 57|3586, 57|3598, 58|3606, 61|3613, 60|3622, 59|3627, 59|3647, 58|3658, 59|3663, 61|3669, 61|3673, 60|3679, 59|3686, 59|3704, 57|3709, 57|3714, 56|3721, 55|3729, 55|3742, 54|3749, 54|3785, 53|3794, 53|4004, http://www.taobao.com, 
28|1, 28|1005, 29|1017, 29|1055, 28|1098, 30|1106, 30|1695, 32|1720, 32|1905, 34|1912, 34|1970, 32|1985, 32|1989, 31|2003, 31|2098, 29|2107, 29|2283, 32|2325, 32|2358, 29|2363, 29|2429, 30|2445, 30|4008, http://www.reddit.com, 
28|1, 28|993, 29|1030, 33|1064, 33|1277, 34|1301, 34|1557, 37|1593, 37|1619, 44|1709, 44|1749, 58|1763, 73|1821, 73|1826, 74|1831, 74|1836, 73|1862, 73|1867, 81|1918, 81|2044, 78|2053, 78|2300, 79|2310, 136|2368, 147|2386, 147|2618, 143|2629, 143|2668, 145|2683, 145|2731, 146|2749, 146|2764, 145|2804, 146|2880, 138|2913, 139|2944, 139|2954, 141|3003, 139|3050, 139|3125, 137|3147, 135|3177, 128|3193, 126|3204, 122|3218, 117|3230, 117|3242, 114|3255, 111|3279, 111|3293, 109|3316, 102|3330, 96|3353, 89|3364, 83|3396, 71|3447, 71|3906, 70|3911, 70|4001, http://www.360.cn, 
28|1, 28|1111, 30|1167, 30|1406, 32|1420, 38|1444, 40|1468, 40|1487, 39|1501, 39|1590, 29|1672, 29|2132, 28|2151, 28|2444, 29|2453, 29|2498, 30|2504, 30|3227, 31|3234, 31|3269, 29|3332, 29|3495, 28|3506, 28|4008, http://www.jd.com, 
28|1, 28|1117, 30|1132, 30|1658, 32|1682, 32|1746, 34|1874, 34|1933, 33|1939, 31|1962, 31|2123, 29|2128, 29|3335, 30|3340, 30|3372, 32|3389, 32|4007, http://www.reddit.com, 
28|1, 28|969, 29|986, 29|993, 28|1036, 30|1052, 30|1594, 32|1626, 32|1719, 33|1725, 33|1754, 35|1768, 35|1801, 34|1806, 34|1822, 32|1826, 32|2021, 31|2027, 31|2032, 30|2036, 29|2046, 29|2092, 30|2128, 34|2147, 34|2168, 29|2188, 29|4010, http://www.reddit.com, 
28|1, 28|1061, 33|1084, 33|1288, 34|1339, 34|1524, 38|1538, 38|1665, 40|1722, 67|1772, 71|1800, 75|1830, 75|1933, 83|1977, 83|2065, 82|2081, 82|2251, 89|2279, 94|2303, 137|2354, 147|2372, 147|2552, 144|2565, 144|2579, 142|2596, 142|2601, 140|2642, 143|2675, 143|2725, 145|2814, 142|2862, 144|2923, 142|2936, 137|2954, 136|2975, 136|3052, 134|3064, 134|3081, 133|3087, 133|3092, 132|3106, 132|3124, 130|3133, 127|3142, 126|3151, 126|3168, 120|3190, 118|3196, 114|3210, 101|3226, 99|3236, 99|3250, 97|3255, 98|3275, 98|3281, 94|3288, 94|3296, 82|3359, 80|3371, 80|3382, 76|3400, 71|3447, 71|3470, 69|3492, 69|3522, 70|3534, 70|3882, 69|3886, 69|4001, http://www.360.cn, 
28|1, 28|921, 29|963, 28|1013, 28|1021, 38|1036, 44|1096, 47|1124, 54|1135, 51|1188, 51|1217, 50|1309, 50|1354, 51|1399, 51|1437, 49|1450, 49|1456, 48|1465, 45|1482, 42|1559, 42|1861, 44|1900, 44|1995, 42|2003, 42|2084, 41|2088, 41|2297, 43|2339, 43|2683, 44|2702, 45|2735, 47|2824, 43|2885, 43|2901, 41|2961, 41|3004, 43|3013, 43|3232, 42|3238, 42|3254, 41|3261, 41|4003, http://www.linkedin.com, 
28|1, 28|992, 29|1034, 28|1066, 30|1090, 30|1790, 32|1797, 32|1965, 31|1979, 31|2063, 30|2068, 30|2178, 33|2186, 33|2626, 28|2633, 28|2793, 29|2799, 29|2810, 28|2817, 28|4002, http://www.live.com, 
28|1, 28|964, 30|1043, 30|1741, 32|1772, 32|1871, 31|1887, 31|2031, 30|2040, 30|2101, 33|2115, 33|2552, 28|2561, 28|4004, http://www.live.com, 
28|1, 28|1013, 30|1096, 30|1612, 29|1652, 29|1714, 31|1731, 31|1866, 33|1877, 33|1976, 31|1984, 30|1994, 31|2007, 31|2030, 30|2036, 30|2151, 31|2163, 31|2184, 29|2190, 31|2206, 31|2231, 30|2247, 33|2272, 39|2293, 39|2299, 38|2327, 39|2360, 39|2386, 40|2405, 41|2424, 46|2444, 45|2463, 45|2487, 43|2517, 41|2525, 39|2537, 44|2559, 42|2574, 42|2607, 44|2633, 44|2638, 39|2655, 41|2670, 41|2677, 45|2685, 45|2724, 42|2736, 45|2761, 45|2813, 35|2843, 38|2869, 35|2915, 35|2948, 33|2960, 33|3680, 34|3687, 34|3699, 36|3706, 36|3780, 37|3785, 36|3792, 36|3849, 34|3856, 34|3895, 36|3907, 35|3915, 35|3957, 36|3962, 35|3992, 35|4001, http://www.yahoo.com, 
28|1, 28|985, 29|1010, 28|1048, 29|1071, 34|1082, 56|1127, 56|1352, 59|1366, 59|1375, 62|1393, 66|1407, 66|1480, 76|1515, 76|1536, 77|1564, 82|1573, 76|1585, 73|1636, 79|1654, 79|1664, 92|1690, 97|1701, 101|1707, 101|1713, 107|1749, 107|1769, 71|1788, 59|1819, 58|1853, 62|1886, 62|1893, 63|1908, 63|1922, 64|1939, 67|1988, 66|2012, 66|2063, 62|2085, 62|2095, 57|2100, 47|2108, 47|2240, 45|2256, 45|2262, 43|2272, 43|2294, 42|2300, 42|2434, 43|2460, 43|2565, 42|2570, 42|2665, 41|2670, 41|2690, 40|2697, 40|2841, 39|2846, 39|2854, 35|2859, 35|2894, 34|2899, 34|3012, 35|3022, 35|3289, 34|3298, 34|4001, http://www.sina.com.cn, 
28|1, 28|1158, 30|1193, 30|1667, 32|1713, 32|1819, 34|1836, 34|1902, 32|1907, 32|1912, 31|1917, 31|2002, 32|2068, 32|2165, 30|2182, 30|2240, 29|2247, 29|4008, http://www.wikipedia.org, 
28|1, 28|1007, 29|1012, 29|1043, 28|1072, 29|1125, 33|1148, 33|1318, 34|1329, 34|1613, 37|1643, 37|1794, 39|1848, 68|1939, 70|1967, 70|1971, 80|2056, 80|2062, 79|2129, 79|2330, 94|2350, 113|2370, 113|2420, 120|2447, 135|2468, 142|2494, 142|2506, 146|2520, 146|2537, 150|2554, 150|2602, 149|2607, 149|2613, 146|2627, 143|2634, 143|2640, 141|2653, 139|2669, 139|2754, 141|2777, 141|2811, 142|2843, 142|2905, 143|2978, 135|3033, 131|3094, 131|3129, 125|3151, 119|3177, 116|3197, 105|3263, 100|3311, 100|3321, 94|3334, 94|3365, 93|3375, 93|3385, 88|3428, 85|3440, 73|3498, 71|3513, 71|4001, http://www.360.cn, 
28|1, 28|949, 29|1033, 29|1061, 30|1109, 37|1150, 37|1243, 35|1276, 35|1291, 37|1325, 37|1502, 34|1556, 34|1835, 33|1843, 33|2122, 32|2133, 30|2138, 30|2187, 36|2235, 36|2313, 34|2318, 34|2333, 33|2339, 33|2343, 34|2357, 34|2524, 33|2528, 33|2585, 32|2589, 32|3437, 33|3445, 34|3455, 34|3543, 41|3558, 41|3566, 48|3584, 52|3595, 52|3631, 56|3637, 56|3655, 58|3661, 58|3675, 60|3684, 60|3715, 58|3721, 59|3737, 59|3791, 61|3799, 61|3805, 59|3811, 57|3817, 57|3822, 55|3832, 55|3971, 54|3977, 54|3983, 55|3989, 55|4012, http://www.taobao.com, 
30|1, 30|851, 31|917, 30|974, 32|1021, 32|1613, 34|1660, 34|1748, 36|1782, 36|1833, 33|1841, 34|1854, 34|2000, 32|2013, 32|2052, 31|2071, 31|4004, http://www.wikipedia.org, 
30|1, 30|1770, 37|1824, 58|1881, 62|1896, 65|1915, 67|1927, 67|1950, 69|1956, 69|1961, 71|1979, 71|2040, 79|2069, 79|2291, 90|2316, 90|2389, 93|2397, 95|2403, 96|2409, 100|2430, 101|2436, 104|2445, 113|2451, 119|2459, 132|2480, 140|2494, 142|2500, 146|2519, 146|2536, 148|2573, 148|2579, 139|2605, 137|2615, 137|2668, 131|2710, 131|2718, 127|2727, 125|2733, 125|2741, 123|2749, 123|2770, 125|2790, 125|2863, 126|2899, 126|3050, 122|3056, 120|3100, 118|3133, 118|3186, 119|3222, 117|3242, 115|3262, 107|3280, 106|3289, 102|3299, 101|3304, 96|3318, 96|3330, 94|3336, 94|3353, 92|3365, 92|3370, 90|3382, 88|3395, 80|3416, 80|3432, 79|3449, 79|3458, 77|3486, 71|3502, 71|4001, http://www.360.cn, 
30|1, 30|1015, 35|1034, 35|1039, 44|1097, 54|1175, 53|1191, 52|1218, 52|1298, 56|1354, 56|1397, 54|1417, 49|1444, 49|1450, 47|1473, 47|1492, 45|1505, 45|1618, 44|1640, 46|1674, 46|1795, 44|1802, 44|1889, 43|1897, 43|2056, 45|2063, 45|2514, 47|2568, 49|2631, 45|2725, 45|2749, 44|2776, 44|2811, 45|2870, 46|2906, 46|2940, 47|2963, 47|3034, 46|3049, 46|3069, 44|3073, 44|3099, 43|3121, 43|4001, http://www.linkedin.com, 
