106|1, 106|864, 107|944, 106|1618, 108|1650, 114|1789, 114|2079, 115|2086, 115|2102, 117|2111, 117|2395, 118|2401, 118|2462, 119|2480, 119|2533, 117|3392, 117|3513, 116|3518, 115|3530, 115|3545, 112|3549, 112|3583, 110|3590, 110|3604, 109|3953, 109|4002, http://www.360.cn, 
98|1, 98|162, 99|185, 100|10802, http://www.sina.com.cn, 
106|1, 106|960, 107|973, 107|1017, 113|1712, 118|1723, 119|1730, 121|1737, 121|1744, 125|1762, 125|1766, 124|1784, 124|1793, 123|1797, 123|1944, 128|1953, 128|2003, 127|2011, 127|2641, 129|2659, 129|2774, 122|3360, 122|3944, 120|3951, 120|4001, http://www.baidu.com, 
153|1, 152|25, 152|53, 151|59, 151|93, 149|597, 149|742, 147|779, 147|836, 146|874, 145|888, 145|1055, 146|1099, 146|1142, 145|1147, 139|4756, http://www.google.com, 
139|1, 139|92, 141|984, 141|1070, 139|2598, 139|3283, 141|3751, 142|3757, 142|3861, 141|3872, 143|3895, 144|3917, 144|3987, 145|3997, 145|4010, http://www.tmall.com, 
143|1, 143|106, 144|125, 144|147, 145|165, 145|498, 144|518, 144|772, 147|886, 149|951, 149|1319, 148|1326, 148|1342, 147|1357, 147|1387, 146|1410, 146|1437, 145|1469, 147|1510, 147|2204, 148|2215, 148|2281, 150|2838, 150|2979, 151|3004, 149|5563, http://www.amazon.com, 
147|1, 147|200, 148|215, 148|566, 147|624, 146|655, 145|681, 145|1044, 147|1090, 149|2525, 149|2538, 148|2544, 148|2826, 147|2831, 147|3295, 146|3302, 146|3316, 145|3323, 145|3375, 144|3380, 144|3385, 143|3391, 143|3396, 142|3401, 142|3518, 141|3523, 141|3544, 144|3552, 150|3572, 151|3576, 151|3582, 154|3590, 155|3603, 151|3646, 150|3665, 150|3671, 151|3687, 151|3727, 155|3761, 155|3804, 158|3819, 158|4005, http://www.taobao.com, 
127|1, 127|86, 126|111, 126|179, 127|197, 128|244, 128|340, 127|369, 127|713, 126|749, 125|774, 125|817, 124|830, 124|974, 125|1007, 133|1068, 138|1097, 134|1156, 130|2713, 130|2726, 131|2740, 131|2809, 132|2824, 133|2882, 135|2912, 135|2989, 136|3016, 136|3185, 137|3237, 137|3261, 134|3272, 132|3280, 132|3316, 131|3321, 131|3399, 132|3414, 132|4003, http://www.linkedin.com, 
155|1, 155|35, 154|67, 154|150, 153|159, 153|169, 154|179, 154|214, 153|252, 150|295, 150|304, 147|1476, 147|3224, 146|3229, 146|3841, 145|3847, 145|4003, http://www.imgur.com, 
141|1, 141|301, 140|311, 140|892, 141|923, 141|934, 143|944, 143|1112, 140|1666, 140|1833, 141|1849, 142|1859, 142|2207, 143|2230, 143|2391, 144|2464, 144|2588, 146|2599, 146|2608, 147|2619, 147|3110, 146|3123, 146|3146, 145|3160, 144|3173, 144|3923, 143|3929, 143|3943, 142|3949, 142|3965, 140|3969, 141|7640, http://www.vk.com, 
143|1, 143|125, 144|149, 145|176, 145|843, 146|898, 146|969, 147|1052, 146|1074, 146|1452, 148|1491, 148|1500, 146|1550, 146|3138, 145|3143, 145|3168, 135|3175, 135|3180, 125|3199, 125|3361, 124|3365, 124|3477, 123|3484, 123|3950, 121|3965, 121|4002, http://www.wikipedia.org, 
114|1, 114|940, 115|1001, 115|1157, 116|1163, 116|1758, 117|1770, 117|1779, 119|1800, 119|2419, 118|3237, 114|3243, 114|4004, http://www.google.com, 
111|1, 111|850, 110|957, 110|988, 111|1023, 116|1083, 116|1227, 115|1238, 105|1315, 105|1926, 106|1939, 106|2063, 108|2103, 110|2238, 110|2274, 111|2295, 111|2319, 115|2341, 124|2410, 123|2443, 122|2459, 122|2813, 123|2835, 123|2849, 124|2866, 124|2999, 126|3006, 129|4377, http://www.baidu.com, 
128|1, 128|503, 127|532, 125|545, 125|594, 124|640, 124|906, 125|936, 137|1061, 138|1087, 138|2164, 139|2182, 139|2194, 140|2924, 140|3234, 133|3583, 126|3590, 126|3657, 125|3664, 125|4003, http://www.linkedin.com, 
124|1, 124|135, 125|157, 125|179, 126|227, 126|735, 125|748, 125|922, 128|949, 128|975, 127|1059, 127|1342, 126|1354, 126|1429, 128|1454, 128|1909, 129|1923, 129|3154, 125|3191, 107|3369, 107|3374, 102|3384, 104|3392, 104|3435, 103|3442, 103|3479, 102|3497, 102|3530, 101|3538, 101|3974, 100|3981, 100|4009, http://www.instagram.com, 
113|1, 113|802, 114|978, 114|1015, 116|1084, 116|1169, 115|1185, 115|1199, 114|1228, 116|1244, 116|1727, 118|1782, 118|2452, 119|2464, 119|3210, 118|3216, 118|3237, 113|3242, 113|3331, 112|3336, 112|3369, 111|3373, 111|3400, 110|3405, 109|5126, http://www.google.com, 
107|1, 107|124, 108|134, 108|165, 109|181, 109|796, 107|1287, 107|1306, 106|1315, 106|1347, 105|1367, 105|1604, 106|1636, 106|1652, 108|1672, 108|1863, 109|1881, 109|2103, 108|2108, 108|2260, 107|2270, 107|3148, 104|3176, 103|7704, http://www.live.com, 
130|1, 130|261, 131|316, 132|324, 132|1055, 133|1082, 133|1112, 135|1138, 135|1215, 133|1229, 133|1674, 135|1722, 135|2245, 136|2269, 136|2330, 138|2341, 138|2359, 139|2371, 138|4064, http://www.amazon.com, 
157|1, 157|1041, 158|1063, 159|1078, 159|1221, 154|1235, 154|1249, 153|1254, 153|1264, 151|1273, 151|1279, 150|1289, 150|1387, 146|1525, 146|1695, 152|2973, 152|3071, 153|3090, 153|3118, 154|3130, 155|3137, 155|3189, 157|3201, 159|3215, 159|3220, 160|3447, 161|3456, 162|3465, 162|3475, 163|3485, 163|3581, 165|3592, 167|3607, 165|3617, 165|3628, 163|3747, 166|3853, 163|3917, 166|4049, http://www.jd.com, 
168|1, 168|795, 165|842, 165|904, 167|1150, 167|2338, 165|3420, 165|3437, 166|3448, 166|3476, 168|3484, 168|3571, 166|3577, 166|3593, 167|3619, 168|3638, 168|3649, 169|3664, 170|4381, http://www.tmall.com, 
177|1, 177|883, 176|927, 176|972, 177|989, 177|1043, 178|1065, 179|1185, 178|1202, 178|1707, 179|2994, 179|3143, 177|3151, 177|3297, 176|3302, 176|3307, 175|3312, 175|3775, 174|3781, 174|3840, 173|3850, 166|4494, http://www.facebook.com, 
106|1, 106|176, 105|181, 105|258, 104|271, 104|328, 103|360, 103|1066, 104|1082, 104|1145, 108|1164, 108|1390, 109|1405, 109|1864, 111|1897, 116|1909, 123|1939, 123|2105, 127|2120, 127|2135, 128|2143, 128|2853, 129|2884, 124|2891, 124|2897, 122|2903, 105|3089, 105|3160, 104|3172, 106|3228, 107|3312, 106|3357, 107|3382, 109|3426, 109|3589, 110|3901, 110|3965, 111|3980, 111|4003, http://www.baidu.com, 
111|1, 111|1083, 112|1151, 112|1174, 114|1210, 114|1222, 109|1377, 108|1391, 108|1412, 107|1428, 107|1541, 105|1585, 105|1730, 107|1779, 106|1801, 106|2217, 107|2266, 107|2687, 106|2702, 108|7932, http://www.instagram.com, 
100|1, 100|1087, 102|1193, 102|1287, 100|1647, 100|3654, 102|3712, 102|3859, 103|3947, 105|4004, http://www.netflix.com, 
100|1, 100|2094, 103|2105, 103|2111, 108|2122, 111|2159, 114|2175, 115|2196, 117|2219, 117|2226, 118|2235, 119|2243, 119|2266, 120|2398, 121|2414, 123|2454, 124|2487, 125|2497, 126|2513, 127|2542, 127|2548, 128|2557, 128|2705, 126|2724, 126|3382, 127|3391, 127|3406, 129|3415, 129|4136, http://www.yahoo.com, 
128|1, 128|120, 129|138, 129|154, 128|171, 128|315, 129|330, 129|897, 133|1072, 133|1080, 130|1098, 130|1119, 129|1158, 129|2601, 127|2605, 127|2768, 130|2781, 130|2799, 132|2804, 135|2811, 135|2945, 141|3095, 141|3148, 142|3154, 143|3173, 143|3266, 145|3283, 145|4003, http://www.taobao.com, 
143|1, 143|906, 145|974, 149|1007, 149|1146, 144|1162, 144|1166, 143|1195, 143|1674, 144|1688, 145|1696, 150|1710, 150|1730, 158|1736, 158|1935, 160|1962, 160|2186, 161|2192, 161|2609, 160|2974, 160|3092, 161|3105, 161|3169, 160|3233, 160|4038, http://www.baidu.com, 
105|1, 105|1004, 108|1022, 108|1071, 109|1110, 109|1723, 111|2051, 111|2060, 110|2075, 110|2275, 113|2281, 113|2541, 111|2545, 111|2649, 109|2835, 109|3025, 107|3035, 107|3185, 109|3212, 109|3389, 111|3568, 111|3594, 112|3600, 115|3614, 116|3620, 119|3628, 119|3648, 120|3806, 120|3820, 126|3834, 126|3921, 127|3938, 129|3968, 131|4286, http://www.jd.com, 
136|1, 136|118, 135|127, 135|510, 134|548, 134|963, 135|1031, 136|1100, 136|1155, 137|1213, 137|1271, 136|1278, 136|1306, 131|1328, 131|1337, 130|1343, 130|1698, 132|1711, 132|1721, 134|1741, 134|1746, 136|1758, 136|2025, 137|2074, 137|2308, 136|2324, 115|2363, 109|4314, http://www.google.com, 
116|1, 116|854, 115|901, 114|933, 114|977, 113|999, 113|1124, 107|1200, 111|1881, 111|1886, 119|1897, 121|1909, 121|2104, 125|2116, 125|2444, 126|2451, 126|3054, 127|3070, 127|3123, 126|3143, 125|3154, 125|3165, 124|3189, 124|3232, 123|3253, 123|3269, 124|3291, 124|4001, http://www.baidu.com, 
123|1, 123|127, 124|143, 124|866, 125|920, 125|926, 131|1696, 131|2856, 130|2933, 130|3052, 128|3082, 128|3092, 119|3805, 119|3830, 117|3835, 117|3839, 116|3843, 116|3860, 115|3865, 115|4003, http://www.facebook.com, 
101|1, 101|14779, http://www.taobao.com, 
139|1, 139|943, 137|1179, 136|1205, 136|1223, 135|1229, 135|1561, 136|1601, 136|1803, 137|1820, 137|2837, 138|2880, 137|3055, 138|3070, 139|3076, 139|3130, 140|3262, 143|3269, 143|3280, 142|3285, 142|3313, 143|3318, 144|3324, 144|3376, 145|3381, 145|3396, 146|3401, 147|3408, 148|3416, 149|3426, 149|3458, 150|3887, 150|4020, http://www.jd.com, 
145|1, 145|89, 142|96, 142|290, 143|306, 143|315, 139|742, 139|809, 137|848, 137|1000, 134|1033, 134|1664, 139|1725, 139|2050, 156|2131, 159|2163, 161|2422, 179|2577, 179|2944, 178|2976, 178|3127, 177|3170, 177|3200, 176|3226, 175|3236, 175|3241, 169|3321, 170|5737, http://www.360.cn, 
170|1, 170|166, 171|216, 171|856, 172|874, 172|954, 178|961, 178|1181, 177|1194, 177|1334, 176|1348, 176|1439, 171|1478, 171|1504, 170|1512, 170|1674, 176|1698, 169|5000, http://www.facebook.com, 
104|1, 104|488, 103|497, 103|608, 102|619, 102|646, 101|660, 101|982, 103|1031, 103|1167, 100|3262, 101|3273, 101|3304, 102|3316, 103|3322, 103|3403, 105|3412, 105|3432, 106|3438, 107|3448, 107|3464, 108|3471, 108|3569, 109|3590, 111|4483, http://www.jd.com, 
106|1, 106|201, 103|246, 103|309, 102|319, 102|340, 101|364, 100|3289, 100|3299, 102|3310, 102|3347, 104|3359, 106|3374, 107|3381, 107|3411, 108|3417, 108|3512, 109|3522, 109|3544, 110|3755, 110|3841, 111|3904, 111|4005, http://www.jd.com, 
103|1, 103|902, 104|926, 104|959, 112|1030, 112|1125, 111|1243, 111|1305, 110|1343, 110|1496, 109|1502, 109|1513, 108|1531, 108|2275, 109|2311, 109|2430, 108|2678, 106|2695, 106|2835, 107|2876, 107|3581, 106|3589, 106|4002, http://www.linkedin.com, 
104|1, 104|199, 105|213, 105|543, 106|564, 106|940, 107|981, 107|1025, 119|1060, 125|1118, 128|1131, 120|1278, 123|1305, 123|1314, 124|1343, 128|1373, 128|1816, 129|1834, 133|2287, 133|2493, 134|2502, 134|2508, 135|2521, 135|2565, 137|2627, 137|2652, 139|2662, 139|2788, 138|2817, 138|2852, 140|3595, 140|3629, 141|3641, 141|3647, 143|3665, 144|3677, 144|3691, 145|3698, 145|3811, 146|3827, 146|4003, http://www.sina.com.cn, 
124|1, 124|96, 125|103, 125|151, 126|170, 126|909, 127|949, 129|972, 129|1129, 126|1146, 126|1195, 124|1219, 124|1386, 123|1409, 123|1613, 124|1628, 124|1638, 126|1658, 126|1856, 127|1862, 127|2724, 126|2750, 126|3219, 125|3232, 125|3242, 124|3249, 124|4008, http://www.live.com, 
114|1, 114|916, 115|987, 115|1012, 119|1069, 119|1641, 118|1651, 118|1703, 117|1711, 117|1725, 116|1755, 116|2744, 113|2805, 113|2853, 114|2871, 116|2876, 116|2899, 118|2945, 118|2988, 119|3001, 120|3391, 121|3408, 121|3426, 122|3452, 122|3501, 124|3513, 124|3550, 125|3571, 125|3640, 126|3649, 126|3791, 127|3798, 127|4002, http://www.tmall.com, 
108|1, 108|36, 107|51, 107|172, 108|181, 108|223, 107|239, 107|276, 106|299, 106|350, 105|423, 105|504, 104|519, 104|530, 103|539, 103|874, 104|922, 104|973, 109|996, 109|1080, 108|1110, 108|1153, 106|1173, 102|1234, 102|2326, 100|2331, 100|2367, 104|3409, 102|3414, 102|3536, 105|3550, 105|3635, 108|3640, 108|4007, http://www.taobao.com, 
105|1, 105|215, 106|228, 106|237, 107|278, 107|996, 108|1011, 108|1055, 109|1373, 109|1478, 108|1582, 108|1693, 109|1782, 109|1797, 108|1812, 108|2874, 106|2888, 105|2906, 105|3119, 104|3138, 104|3146, 103|3153, 103|4008, http://www.reddit.com, 
101|1, 101|975, 102|1019, 107|1033, 107|1082, 105|1720, 116|1741, 124|1790, 125|1795, 125|1800, 126|1826, 126|1831, 131|2049, 131|2337, 132|2385, 132|2592, 133|2599, 133|2630, 135|2641, 135|2705, 136|2718, 136|2744, 135|2796, 135|2852, 136|2884, 136|4002, http://www.360.cn, 
159|1, 159|631, 157|643, 157|1104, 159|1127, 159|1142, 130|1161, 130|1646, 132|1673, 132|2755, 121|2759, 121|2767, 117|2772, 117|2841, 116|2849, 116|2855, 113|2859, 113|2868, 111|2876, 109|7681, http://www.reddit.com, 
116|1, 116|33, 113|71, 113|182, 112|208, 112|277, 111|309, 111|350, 110|368, 110|414, 109|533, 109|660, 107|685, 107|774, 106|792, 106|834, 102|860, 102|919, 101|943, 101|978, 102|1043, 104|1066, 110|21525, http://www.live.com, 
121|1, 121|247, 122|260, 122|286, 123|296, 123|1071, 124|1109, 124|1147, 121|1719, 121|7914, http://www.wikipedia.org, 
129|1, 129|967, 132|1151, 132|1341, 131|1353, 131|3177, 130|3182, 130|3207, 139|3537, 139|3551, 144|3566, 144|3729, 145|3746, 146|3757, 146|3769, 148|3775, 148|4005, http://www.taobao.com, 
122|1, 122|33, 121|56, 121|70, 120|77, 120|802, 121|883, 121|918, 123|965, 102|8727, http://www.wikipedia.org, 
100|1, 100|186, 101|217, 101|244, 102|314, 102|912, 103|956, 103|1004, 114|1127, 114|1181, 113|1210, 113|1280, 114|1287, 114|1387, 113|1420, 113|2227, 114|2243, 114|2452, 115|2489, 115|2502, 118|2609, 118|2823, 119|2863, 119|4002, http://www.linkedin.com, 
