7848|1, 7872|7, 7872|265, 7888|267, 7888|355, 7912|356, 7912|372, 7920|374, 7920|423, 7936|427, 7936|741, 7888|744, 7888|777, 7904|780, 7904|825, 7824|826, 7824|890, 7856|892, 7856|937, 7824|939, 7824|1184, 7840|1186, 7840|1215, 7856|1217, 7856|1223, 7840|1225, 7840|1263, 7824|1265, 7824|1416, 7848|1417, 7848|1467, 7824|1471, 7824|1780, 7864|1792, 7864|1831, tap_regular_character, 
7864|1, 7848|13, 7848|56, 7832|58, 7832|190, 7816|191, 7816|334, 7848|342, 7848|374, 7904|376, 7904|819, 7880|822, 7880|894, 7824|896, 7824|1111, 7840|1112, 7840|1140, 7856|1141, 7856|1144, 7840|1145, 7840|1234, 7864|1236, 7864|1248, 7856|1250, 7856|1265, 7832|1266, 7832|1303, 7824|1304, 7824|1514, 7816|1515, 7816|1672, 7832|1674, 7832|1797, 7880|1800, 7872|1836, tap_shift, 
7872|1, 7872|308, 7880|316, 7880|361, 7904|362, 7904|410, 7920|411, 7920|502, 7888|509, 7888|528, 7880|530, 7880|549, 7840|551, 7840|564, 7824|566, 7824|1051, 7872|1053, 7872|1078, 7856|1079, 7856|1090, 7824|1095, 7824|1160, 7848|1162, 7848|1209, 7824|1210, 7824|1618, 7872|1622, 7872|1646, 7888|1647, 7888|1659, 7840|1659, 7840|1679, 7824|1680, 7856|1836, short_swipe, 
7856|1, 7856|40, 7840|41, 7840|381, 7928|401, 7912|403, 7912|823, 7904|824, 7904|875, 7856|877, 7856|925, 7840|926, 7840|951, 7856|952, 7856|963, 7840|964, 7840|974, 7824|975, 7824|1416, 7856|1417, 7856|1478, 7872|1480, 7872|1501, 7888|1511, 7888|1514, 7872|1515, 7872|1546, 7840|1548, 7840|1556, 7824|1560, 7824|1784, 7832|1786, 7832|1846, tap_shift, 
7832|1, 7848|9, 7848|47, 7840|48, 7840|390, 7920|391, 7920|529, 7856|531, 7856|540, 7848|543, 7848|577, 7824|580, 7824|772, 7832|773, 7832|810, 7848|820, 7848|823, 7832|823, 7832|848, 7816|859, 7816|904, 7824|907, 7824|1188, 7856|1189, 7856|1228, 7824|1229, 7824|1334, 7840|1335, 7840|1398, 7824|1399, 7824|1717, 7856|1719, 7856|1752, 7824|1753, 7824|1812, 7856|1814, 7856|1849, short_swipe, 
7856|1, 7856|364, 7904|365, 7904|433, 7936|436, 7936|462, 7904|465, 7904|605, 7920|618, 7920|735, 7856|736, 7856|803, 7824|804, 7824|975, 7856|976, 7856|1015, 7824|1018, 7824|1258, 7840|1260, 7840|1277, 7856|1278, 7856|1291, 7840|1293, 7840|1301, 7824|1303, 7824|1503, 7856|1506, 7856|1531, 7848|1532, 7848|1556, 7824|1560, 7824|1792, 7856|1793, 7856|1849, long_swipe, 
7856|1, 7856|285, 7872|287, 7872|356, 7904|357, 7904|747, 7936|750, 7936|772, 7872|774, 7872|793, 7824|794, 7824|1144, 7840|1145, 7840|1172, 7856|1173, 7856|1194, 7840|1200, 7840|1261, 7872|1263, 7856|1266, 7856|1293, 7824|1294, 7824|1702, 7840|1704, 7840|1740, 7856|1741, 7856|1753, 7840|1754, 7840|1762, 7824|1764, 7888|1848, tap_shift, 
7888|1, 7888|367, 7904|368, 7904|398, 7896|399, 7896|546, 7880|548, 7880|793, 7904|795, 7904|869, 7824|870, 7824|984, 7840|985, 7840|1016, 7856|1017, 7856|1025, 7840|1027, 7840|1033, 7848|1034, 7848|1039, 7856|1047, 7856|1061, 7872|1062, 7872|1076, 7856|1077, 7856|1104, 7832|1108, 7832|1145, 7824|1146, 7824|1546, 7840|1547, 7840|1580, 7856|1582, 7856|1619, 7872|1620, 7872|1626, 7856|1627, 7856|1656, 7824|1657, 7824|1807, 7856|1811, 7856|1859, tap_shift, 
7856|1, 7864|6, 7864|505, 7896|509, 7896|544, 7944|547, 7944|698, 7888|705, 7888|751, 7840|753, 7840|973, 7856|975, 7856|1020, 7840|1022, 7840|1564, 7872|1566, 7872|1612, 7856|1614, 7856|1837, 7864|1846, 7864|1899, short_swipe, 
7864|1, 7864|404, 7920|406, 7920|442, 7912|458, 7912|604, 7944|607, 7944|660, 7912|661, 7912|758, 7928|760, 7928|768, 7904|772, 7904|805, 7880|808, 7880|810, 7848|812, 7848|860, 7832|862, 7832|1144, 7864|1145, 7864|1170, 7848|1171, 7848|1172, 7832|1173, 7832|1235, 7824|1238, 7824|1336, 7840|1337, 7840|1420, 7824|1421, 7824|1679, 7856|1685, 7856|1749, 7824|1751, 7824|1851, long_swipe, 
7824|1, 7824|377, 7888|379, 7888|396, 7936|400, 7936|417, 7920|418, 7920|468, 7904|471, 7904|735, 7920|738, 7920|739, 7912|744, 7912|760, 7896|762, 7896|769, 7824|773, 7824|904, 7856|906, 7856|930, 7824|932, 7824|1246, 7840|1247, 7840|1279, 7856|1280, 7840|1281, 7840|1320, 7824|1321, 7824|1443, 7856|1444, 7856|1490, 7824|1490, 7824|1785, 7856|1786, 7856|1825, long_swipe, 
7856|1, 7872|7, 7872|355, 7864|356, 7864|380, 7912|381, 7912|389, 7904|390, 7904|573, 7920|574, 7920|602, 7928|608, 7928|676, 7912|682, 7912|729, 7920|733, 7920|741, 7888|746, 7888|768, 7856|773, 7824|775, 7824|1178, 7840|1180, 7840|1236, 7824|1237, 7824|1256, 7856|1257, 7856|1295, 7824|1297, 7824|1335, 7816|1337, 7816|1744, 7832|1745, 7832|1792, 7864|1795, 7864|1852, long_swipe, 
7864|1, 7840|6, 7840|12, 7856|14, 7856|19, 7864|22, 7864|37, 7832|45, 7832|362, 7896|369, 7896|449, 7904|451, 7912|452, 7912|470, 7928|477, 7928|517, 7944|518, 7944|554, 7960|566, 7960|571, 7928|582, 7928|584, 7912|600, 7912|670, 7896|672, 7896|721, 7864|723, 7864|740, 7816|744, 7816|1020, 7808|1022, 7808|1042, 7816|1043, 7816|1091, 7856|1092, 7856|1144, 7824|1145, 7824|1174, 7808|1175, 7808|1605, 7840|1606, 7840|1648, 7848|1650, 7848|1679, 7864|1680, 7864|1687, 7840|1689, 7840|1702, 7824|1703, 7824|1715, 7808|1716, 7808|1823, 7824|1826, 7824|1847, long_swipe, 
7824|1, 7824|8, 7840|10, 7840|39, 7848|41, 7848|320, 7816|321, 7816|427, 7904|429, 7904|460, 7888|462, 7888|560, 7824|562, 7824|652, 7808|653, 7808|777, 7824|779, 7824|796, 7832|797, 7832|854, 7864|855, 7864|878, 7848|879, 7848|883, 7824|884, 7824|891, 7808|896, 7808|939, 7816|941, 7816|950, 7824|952, 7824|974, 7840|979, 7840|988, 7824|989, 7824|1009, 7808|1010, 7808|1396, 7840|1397, 7840|1429, 7808|1430, 7808|1502, 7824|1503, 7824|1532, 7840|1533, 7840|1549, 7824|1550, 7824|1558, 7808|1559, 7808|1842, 7840|1844, 7840|1869, short_swipe, 
7840|1, 7840|413, 7888|416, 7888|617, 7920|621, 7920|645, 7912|646, 7912|671, 7888|671, 7888|779, 7904|782, 7904|851, 7888|852, 7888|1003, 7824|1005, 7824|1042, 7832|1044, 7832|1047, 7816|1049, 7816|1051, 7808|1053, 7808|1147, 7840|1149, 7840|1170, 7808|1171, 7808|1358, 7824|1359, 7824|1435, 7808|1437, 7808|1694, 7840|1696, 7840|1731, 7824|1732, 7824|1757, 7808|1759, 7808|1847, 7824|1848, 7824|1900, long_press_character, 
7824|1, 7824|77, 7840|87, 7840|158, 7824|160, 7824|366, 7888|369, 7888|414, 7880|417, 7880|783, 7832|789, 7832|814, 7880|816, 7880|844, 7888|845, 7888|862, 7824|863, 7824|904, 7840|905, 7840|942, 7808|944, 7808|1189, 7824|1191, 7824|1274, 7808|1275, 7808|1434, 7840|1436, 7840|1461, 7832|1462, 7832|1482, 7808|1482, 7808|1758, 7816|1759, 7824|1766, 7824|1801, 7864|1803, 7864|1853, tap_shift, 
7864|1, 7824|10, 7824|355, 7888|356, 7888|493, 7880|496, 7880|535, 7856|539, 7856|552, 7840|554, 7840|613, 7808|615, 7808|647, 7840|648, 7840|680, 7808|681, 7808|1058, 7824|1060, 7824|1144, 7808|1145, 7808|1165, 7824|1170, 7824|1188, 7840|1190, 7840|1229, 7808|1231, 7808|1624, 7816|1625, 7816|1638, 7824|1640, 7824|1657, 7840|1659, 7840|1670, 7824|1671, 7824|1690, 7808|1691, 7808|1716, 7840|1717, 7840|1750, 7808|1751, 7808|1768, 7840|1770, 7840|1821, short_swipe, 
7840|1, 7856|7, 7856|349, 7888|350, 7888|356, 7896|358, 7896|406, 7912|407, 7912|418, 7920|419, 7920|432, 7936|433, 7936|439, 7888|440, 7888|974, 7904|976, 7904|994, 7888|996, 7888|1000, 7856|1002, 7856|1020, 7824|1021, 7824|1043, 7808|1044, 7808|1501, 7840|1503, 7840|1539, 7856|1544, 7824|1545, 7824|1564, 7832|1566, 7832|1589, 7824|1591, 7824|1603, 7808|1604, 7808|1774, 7816|1777, 7816|1780, 7824|1787, 7824|1798, 7832|1800, 7832|1802, 7840|1806, 7856|1866, long_press_character, 
7856|1, 7840|6, 7840|42, 7824|43, 7824|393, 7856|394, 7856|398, 7872|401, 7872|454, 7888|459, 7888|762, 7920|765, 7912|768, 7912|795, 7896|798, 7896|800, 7808|803, 7808|844, 7824|848, 7824|875, 7816|876, 7816|889, 7824|891, 7824|914, 7808|915, 7808|1284, 7840|1288, 7840|1314, 7808|1315, 7808|1416, 7824|1423, 7824|1508, 7832|1509, 7832|1580, 7808|1581, 7808|1770, 7840|1771, 7840|1840, long_swipe, 
7840|1, 7840|387, 7824|389, 7824|735, 7808|746, 7808|780, 7864|782, 7864|823, 7904|824, 7904|828, 7808|830, 7808|1087, 7840|1088, 7840|1136, 7808|1137, 7808|1315, 7824|1316, 7824|1375, 7808|1376, 7808|1607, 7840|1620, 7840|1663, 7808|1664, 7808|1764, 7840|1765, 7840|1809, tap_regular_character, 
7840|1, 7848|6, 7848|8, 7840|18, 7840|393, 7912|395, 7912|492, 7840|493, 7840|760, 7888|762, 7888|829, 7824|831, 7824|882, 7856|884, 7856|894, 7840|897, 7840|928, 7808|929, 7808|1210, 7824|1212, 7824|1242, 7840|1243, 7840|1257, 7824|1264, 7824|1271, 7808|1272, 7808|1426, 7840|1427, 7840|1475, 7808|1476, 7856|1848, tap_regular_character, 
7856|1, 7872|21, 7872|375, 7888|379, 7888|522, 7904|523, 7904|557, 7920|558, 7920|560, 7904|561, 7904|601, 7888|601, 7888|664, 7920|665, 7920|704, 7888|705, 7888|1001, 7808|1002, 7808|1093, 7824|1095, 7824|1115, 7832|1116, 7832|1118, 7840|1119, 7840|1139, 7824|1145, 7824|1200, 7856|1202, 7856|1224, 7840|1226, 7840|1240, 7808|1241, 7808|1665, 7824|1666, 7824|1721, 7832|1722, 7832|1750, 7840|1752, 7840|1807, 7856|1809, 7840|1844, long_press_character, 
7840|1, 7856|12, 7856|298, 7832|299, 7832|319, 7824|320, 7824|348, 7840|349, 7840|374, 7848|375, 7848|788, 7928|789, 7928|810, 7888|811, 7888|818, 7824|819, 7824|848, 7808|849, 7808|1000, 7856|1001, 7856|1053, 7824|1054, 7824|1131, 7808|1133, 7808|1512, 7832|1513, 7832|1525, 7840|1527, 7840|1556, 7824|1557, 7824|1567, 7832|1568, 7832|1607, 7824|1608, 7824|1658, 7808|1660, 7808|1785, 7816|1788, 7816|1798, 7824|1799, 7824|1811, 7840|1813, 7840|1842, tap_regular_character, 
7840|1, 7840|429, 7872|430, 7872|441, 7888|442, 7888|791, 7920|795, 7920|799, 7856|804, 7856|836, 7808|838, 7808|863, 7816|865, 7816|884, 7824|888, 7824|913, 7840|914, 7840|917, 7824|918, 7824|940, 7808|941, 7808|1345, 7840|1346, 7840|1386, 7808|1387, 7808|1443, 7824|1444, 7824|1479, 7840|1480, 7840|1487, 7824|1487, 7824|1526, 7808|1527, 7808|1857, long_swipe, 
7808|1, 7808|52, 7824|53, 7824|363, 7888|367, 7888|420, 7904|430, 7904|432, 7912|433, 7912|511, 7888|512, 7888|546, 7912|547, 7912|552, 7920|553, 7920|581, 7888|582, 7888|757, 7904|758, 7904|849, 7888|851, 7888|971, 7832|972, 7832|973, 7808|974, 7808|1081, 7840|1082, 7840|1131, 7808|1132, 7808|1342, 7824|1344, 7824|1397, 7808|1402, 7808|1610, 7840|1612, 7840|1696, 7808|1698, 7808|1797, 7840|1803, 7840|1840, long_press_character, 
7840|1, 7840|399, 7888|401, 7888|854, 7896|855, 7896|884, 7856|889, 7856|936, 7808|938, 7808|1232, 7824|1232, 7824|1330, 7808|1332, 7808|1401, 7840|1404, 7840|1412, 7808|1412, 7808|1852, tap_shift, 
7808|1, 7808|287, 7824|289, 7824|342, 7888|344, 7888|551, 7904|552, 7904|555, 7920|556, 7920|570, 7904|571, 7904|620, 7928|621, 7920|624, 7920|653, 7888|654, 7888|942, 7864|944, 7864|965, 7848|967, 7848|999, 7808|1001, 7808|1096, 7824|1097, 7824|1160, 7856|1163, 7856|1201, 7808|1205, 7808|1360, 7816|1362, 7816|1381, 7808|1382, 7808|1713, 7856|1714, 7856|1750, 7808|1751, 7808|1791, 7840|1792, 7840|1830, long_press_character, 
7840|1, 7840|76, 7824|77, 7824|364, 7888|365, 7888|463, 7936|465, 7936|528, 7904|529, 7904|562, 7888|563, 7888|726, 7824|729, 7824|757, 7808|761, 7808|998, 7840|999, 7840|1031, 7808|1032, 7808|1053, 7824|1054, 7824|1101, 7840|1103, 7824|1103, 7824|1141, 7808|1142, 7808|1529, 7840|1533, 7840|1562, 7808|1562, 7808|1615, 7824|1616, 7824|1644, 7840|1647, 7840|1651, 7824|1652, 7824|1694, 7808|1695, 7808|1830, 7840|1833, 7856|1874, long_swipe, 
7856|1, 7856|161, 7824|162, 7824|373, 7904|374, 7904|394, 7888|395, 7888|758, 7928|761, 7928|789, 7912|790, 7912|792, 7848|794, 7848|815, 7816|817, 7816|889, 7832|890, 7832|979, 7816|981, 7816|1311, 7848|1313, 7848|1343, 7832|1348, 7832|1349, 7816|1350, 7816|1466, 7824|1467, 7824|1489, 7840|1491, 7840|1499, 7824|1500, 7824|1516, 7832|1518, 7832|1538, 7816|1539, 7816|1776, 7840|1788, 7840|1791, 7848|1796, 7848|1832, long_swipe, 
7848|1, 7848|294, 7816|295, 7816|389, 7880|395, 7880|438, 7896|445, 7896|820, 7920|821, 7920|837, 7856|838, 7856|857, 7816|863, 7816|1110, 7848|1111, 7848|1192, 7816|1193, 7816|1213, 7824|1215, 7824|1263, 7832|1265, 7832|1283, 7840|1285, 7840|1289, 7816|1292, 7816|1348, 7832|1351, 7832|1390, 7848|1391, 7848|1399, 7832|1400, 7832|1448, 7816|1450, 7816|1649, 7848|1651, 7848|1680, 7832|1681, 7832|1715, 7816|1717, 7816|1801, 7824|1806, 7824|1818, 7832|1819, 7840|1862, tap_regular_character, 
7840|1, 7840|12, 7832|14, 7832|24, 7816|25, 7816|292, 7832|294, 7832|386, 7896|388, 7896|644, 7912|645, 7912|673, 7928|674, 7928|677, 7912|678, 7912|717, 7896|718, 7896|869, 7928|870, 7928|921, 7896|922, 7896|976, 7872|977, 7872|979, 7864|981, 7864|997, 7816|998, 7816|1211, 7832|1213, 7832|1239, 7848|1240, 7848|1247, 7832|1248, 7832|1287, 7816|1291, 7816|1413, 7848|1418, 7848|1447, 7816|1448, 7816|1770, 7832|1771, 7832|1867, long_press_character, 
7832|1, 7880|13, 7880|318, 7944|321, 7944|344, 7896|346, 7896|386, 7880|387, 7880|727, 7896|731, 7896|785, 7864|787, 7864|791, 7816|792, 7816|1096, 7832|1098, 7832|1128, 7848|1130, 7848|1142, 7832|1143, 7832|1166, 7848|1167, 7848|1202, 7816|1203, 7816|1691, 7832|1693, 7832|1709, 7880|1710, 7880|1720, 7864|1722, 7864|1741, 7848|1742, 7848|1751, 7816|1754, 7832|1764, 7832|1776, 7848|1781, 7848|1797, tap_regular_character, 
7848|1, 7848|856, 7896|859, 7896|904, 7816|915, 7816|1023, 7864|1024, 7864|1050, 7880|1053, 7880|1106, 7832|1108, 7832|1112, 7816|1115, 7816|1553, 7848|1554, 7848|1588, 7864|1589, 7864|1595, 7848|1596, 7848|1621, 7832|1622, 7832|1665, 7816|1666, 7816|1870, tap_regular_character, 
7816|1, 7816|383, 7784|385, 7784|402, 7896|403, 7896|515, 7832|517, 7832|571, 7816|575, 7816|750, 7848|751, 7848|796, 7816|797, 7816|872, 7832|873, 7832|893, 7840|895, 7840|936, 7824|937, 7824|946, 7816|948, 7816|1291, 7848|1292, 7848|1326, 7816|1327, 7816|1438, 7832|1440, 7832|1469, 7848|1470, 7848|1482, 7832|1487, 7832|1533, 7816|1536, 7816|1812, 7864|1813, 7864|1852, short_swipe, 
7864|1, 7880|10, 7880|416, 7896|419, 7896|856, 7832|857, 7832|907, 7816|911, 7816|1064, 7848|1065, 7848|1120, 7816|1122, 7816|1217, 7808|1219, 7808|1313, 7824|1314, 7824|1365, 7808|1366, 7808|1608, 7840|1609, 7840|1650, 7808|1651, 7808|1806, 7840|1807, 7840|1849, tap_shift, 
7840|1, 7856|22, 7856|313, 7880|314, 7880|450, 7888|456, 7888|852, 7904|858, 7904|859, 7912|869, 7912|887, 7904|888, 7904|907, 7864|908, 7864|928, 7808|932, 7808|1180, 7816|1181, 7816|1196, 7824|1197, 7824|1256, 7808|1257, 7808|1366, 7840|1367, 7840|1396, 7808|1397, 7808|1749, 7824|1750, 7824|1824, tap_regular_character, 
7824|1, 7840|8, 7840|471, 7888|472, 7888|488, 7904|489, 7904|652, 7840|653, 7840|685, 7808|687, 7808|1113, 7824|1114, 7824|1185, 7856|1186, 7856|1194, 7840|1195, 7840|1233, 7808|1234, 7808|1680, 7824|1681, 7824|1730, 7856|1731, 7856|1823, 7816|1824, 7816|1844, 7840|1850, 7840|1867, short_swipe, 
7840|1, 7840|349, 7888|350, 7888|450, 7904|451, 7904|468, 7872|475, 7872|477, 7864|481, 7864|498, 7840|501, 7840|519, 7808|527, 7808|953, 7840|957, 7840|987, 7808|988, 7808|1013, 7824|1020, 7824|1042, 7840|1043, 7840|1069, 7824|1074, 7824|1099, 7808|1101, 7808|1480, 7832|1482, 7832|1486, 7840|1488, 7840|1501, 7808|1503, 7808|1588, 7824|1591, 7824|1668, 7808|1669, 7808|1819, 7840|1830, 7840|1857, short_swipe, 
7840|1, 7840|665, 7904|667, 7904|720, 7936|722, 7936|743, 7920|745, 7920|761, 7888|764, 7888|919, 7904|920, 7904|922, 7888|923, 7888|940, 7904|944, 7904|952, 7888|952, 7888|1259, 7920|1263, 7856|1266, 7856|1281, 7840|1283, 7840|1332, 7808|1334, 7808|1450, 7824|1454, 7824|1478, 7840|1480, 7840|1492, 7824|1494, 7824|1511, 7808|1513, 7808|1821, 7872|1822, 7872|1847, long_press_character, 
7872|1, 7872|169, 7888|170, 7888|176, 7896|187, 7896|244, 7888|245, 7888|742, 7848|743, 7856|744, 7856|767, 7904|769, 7904|806, 7896|815, 7896|816, 7832|817, 7832|857, 7808|859, 7808|1034, 7840|1035, 7840|1076, 7808|1077, 7808|1296, 7816|1297, 7816|1303, 7824|1304, 7824|1351, 7816|1352, 7816|1386, 7800|1387, 7800|1406, 7808|1407, 7808|1561, 7832|1562, 7832|1565, 7840|1566, 7840|1597, 7808|1599, 7808|1872, tap_regular_character, 
7808|1, 7832|7, 7832|26, 7816|28, 7816|296, 7800|298, 7800|363, 7888|365, 7888|572, 7904|574, 7904|608, 7920|609, 7920|623, 7904|624, 7904|645, 7888|647, 7888|762, 7920|764, 7920|804, 7888|805, 7888|852, 7904|853, 7904|882, 7912|883, 7912|932, 7904|934, 7904|946, 7888|950, 7888|956, 7808|957, 7808|1084, 7816|1089, 7816|1144, 7824|1145, 7824|1225, 7808|1226, 7808|1298, 7840|1299, 7840|1334, 7808|1336, 7808|1716, 7824|1718, 7824|1746, 7840|1748, 7840|1765, 7824|1766, 7824|1797, 7840|1800, 7840|1813, long_press_character, 
7840|1, 7840|22, 7872|25, 7872|420, 7888|422, 7888|716, 7856|717, 7856|832, 7880|836, 7880|915, 7808|917, 7808|1120, 7872|1121, 7872|1124, 7856|1127, 7856|1143, 7824|1146, 7824|1153, 7808|1154, 7808|1666, 7856|1669, 7856|1700, 7872|1701, 7872|1703, 7824|1703, 7824|1743, 7808|1744, 7808|1821, 7840|1822, 7840|1846, tap_regular_character, 
7840|1, 7856|15, 7856|400, 7912|405, 7912|598, 7816|600, 7816|783, 7888|785, 7888|828, 7880|829, 7880|848, 7808|850, 7808|927, 7840|932, 7840|948, 7824|949, 7824|978, 7808|980, 7808|986, 7824|992, 7824|1035, 7840|1036, 7840|1048, 7824|1049, 7824|1058, 7808|1059, 7808|1461, 7840|1462, 7840|1498, 7808|1499, 7808|1578, 7824|1582, 7824|1600, 7840|1601, 7840|1617, 7824|1618, 7824|1651, 7808|1652, 7808|1810, 7840|1817, 7840|1846, tap_shift, 
7840|1, 7856|20, 7848|22, 7848|65, 7824|66, 7824|400, 7888|402, 7888|698, 7896|704, 7896|713, 7920|715, 7920|744, 7904|745, 7888|746, 7888|854, 7904|855, 7904|977, 7888|981, 7888|1002, 7848|1003, 7848|1023, 7808|1024, 7808|1259, 7840|1260, 7840|1295, 7808|1296, 7808|1433, 7816|1434, 7816|1441, 7824|1442, 7824|1479, 7840|1480, 7840|1494, 7824|1495, 7824|1513, 7808|1514, 7808|1794, 7856|1796, 7856|1838, long_press_character, 
7856|1, 7880|6, 7856|11, 7856|432, 7904|437, 7904|564, 7936|568, 7920|573, 7920|586, 7856|588, 7856|595, 7824|598, 7824|624, 7808|626, 7808|764, 7824|765, 7824|828, 7808|830, 7808|1093, 7840|1094, 7840|1126, 7808|1127, 7808|1330, 7824|1331, 7824|1411, 7808|1417, 7808|1620, 7840|1621, 7840|1648, 7808|1651, 7808|1812, 7840|1815, 7840|1855, short_swipe, 
7840|1, 7840|335, 7856|337, 7856|403, 7912|404, 7912|406, 7880|408, 7880|773, 7896|774, 7896|789, 7888|790, 7888|836, 7832|837, 7832|843, 7864|845, 7864|882, 7848|883, 7848|898, 7808|900, 7808|1192, 7816|1193, 7816|1203, 7824|1204, 7824|1238, 7840|1239, 7840|1258, 7824|1259, 7824|1272, 7808|1273, 7808|1379, 7840|1381, 7840|1412, 7808|1413, 7808|1766, 7824|1767, 7824|1843, tap_shift, 
7824|1, 7872|6, 7872|388, 7888|395, 7888|799, 7904|803, 7904|859, 7824|861, 7824|897, 7808|902, 7808|1062, 7824|1064, 7824|1089, 7832|1090, 7832|1092, 7840|1093, 7840|1111, 7824|1116, 7824|1150, 7808|1151, 7808|1181, 7832|1186, 7832|1220, 7816|1221, 7816|1264, 7808|1266, 7808|1633, 7824|1635, 7824|1664, 7840|1667, 7840|1677, 7824|1678, 7824|1717, 7840|1718, 7840|1760, 7808|1761, 7808|1799, 7840|1800, 7840|1843, tap_shift, 
7840|1, 7856|4, 7856|332, 7888|334, 7888|361, 7904|366, 7904|464, 7936|466, 7936|470, 7840|474, 7840|496, 7816|499, 7816|528, 7808|529, 7808|957, 7840|965, 7840|997, 7856|999, 7856|1032, 7840|1038, 7840|1052, 7824|1053, 7824|1069, 7808|1071, 7808|1492, 7840|1493, 7840|1518, 7808|1519, 7808|1562, 7824|1562, 7824|1610, 7808|1611, 7808|1637, 7824|1639, 7824|1654, 7808|1658, 7808|1801, 7840|1802, 7840|1835, short_swipe, 
7840|1, 7848|6, 7848|6, 7856|32, 7856|306, 7872|307, 7872|381, 7856|384, 7856|435, 7888|438, 7888|744, 7856|748, 7856|774, 7824|776, 7808|780, 7808|877, 7824|879, 7824|906, 7840|907, 7840|924, 7824|927, 7824|968, 7808|970, 7808|1285, 7816|1286, 7816|1302, 7840|1303, 7840|1346, 7808|1348, 7808|1437, 7824|1438, 7824|1458, 7832|1465, 7832|1471, 7824|1476, 7824|1513, 7808|1514, 7808|1793, 7824|1798, 7824|1845, long_swipe, 
7824|1, 7824|367, 7880|369, 7880|377, 7888|378, 7888|536, 7920|538, 7920|560, 7904|561, 7904|586, 7888|587, 7888|741, 7904|746, 7904|772, 7920|773, 7920|787, 7904|788, 7904|800, 7888|800, 7888|946, 7840|949, 7840|956, 7808|960, 7808|1069, 7840|1076, 7840|1109, 7824|1112, 7824|1128, 7808|1129, 7808|1316, 7824|1317, 7824|1333, 7832|1335, 7832|1342, 7840|1344, 7840|1349, 7824|1350, 7824|1392, 7808|1394, 7808|1612, 7840|1613, 7840|1651, 7808|1652, 7808|1814, 7840|1818, long_press_character, 
