376|1, 376|269, 420|270, 420|358, 480|360, 480|427, 492|431, 492|781, 516|783, 516|850, 524|851, 524|920, 528|922, 528|1004, 536|1008, 536|1080, 544|1084, 544|1289, 552|1297, 552|1471, 560|1475, 560|1558, 568|1563, 568|1684, 576|1686, 576|1737, 580|1739, 580|1832, tap_regular_character, 
580|1, 580|59, 588|60, 588|193, 596|194, 596|244, 600|246, 600|506, 300|510, 100|515, 0|516, 0|610, 76|611, 76|778, 52|779, 52|810, 88|822, 88|897, 100|899, 100|1005, 116|1006, 116|1114, 200|1115, 200|1250, 216|1252, 216|1442, 228|1444, 228|1491, 236|1493, 236|1594, 240|1596, 240|1603, 244|1609, 244|1619, 252|1620, 252|1649, 260|1650, 260|1712, 264|1714, 264|1832, tap_shift, 
264|1, 264|315, 284|323, 284|490, 300|502, 300|571, 304|573, 304|589, 308|591, 308|653, 312|656, 312|765, 320|767, 320|779, 324|784, 324|874, 328|876, 328|1058, 344|1059, 344|1087, 348|1089, 348|1266, 360|1267, 360|1320, 364|1322, 364|1417, 372|1419, 372|1475, 380|1477, 380|1514, 384|1516, 384|1571, 388|1573, 388|1630, 392|1632, 392|1713, 408|1715, 408|1726, 424|1733, 424|1807, 428|1812, 428|1840, short_swipe, 
428|1, 428|462, 464|463, 464|880, 492|882, 492|927, 504|929, 504|1055, 512|1057, 512|1114, 520|1115, 520|1176, 524|1178, 524|1237, 528|1239, 528|1283, 536|1285, 536|1339, 544|1343, 544|1406, 548|1410, 548|1549, 556|1551, 556|1602, 564|1603, 564|1611, 568|1616, 568|1660, 572|1662, 572|1714, 580|1715, 580|1813, 588|1814, 588|1845, tap_shift, 
588|1, 88|13, 88|25, 140|27, 140|39, 144|43, 144|51, 56|52, 56|82, 64|84, 64|305, 164|306, 164|580, 196|584, 196|664, 200|665, 200|733, 208|738, 208|908, 220|911, 220|1030, 228|1032, 228|1087, 240|1088, 240|1141, 244|1143, 244|1201, 248|1203, 248|1256, 252|1257, 252|1306, 260|1308, 260|1408, 264|1409, 264|1416, 268|1421, 268|1511, 284|1512, 284|1520, 288|1521, 288|1619, 292|1620, 292|1820, 308|1827, 308|1851, short_swipe, 
308|1, 308|523, 344|527, 344|601, 348|604, 348|860, 356|862, 356|869, 360|873, 360|913, 368|914, 368|974, 376|976, 376|1111, 388|1112, 388|1172, 392|1173, 392|1177, 396|1178, 396|1230, 400|1232, 404|1234, 404|1331, 412|1332, 412|1386, 420|1388, 420|1549, 424|1551, 424|1562, 428|1564, 428|1626, 432|1629, 432|1641, 436|1643, 436|1683, 444|1685, 444|1804, 448|1805, 448|1839, long_swipe, 
448|1, 448|296, 472|299, 472|368, 484|369, 484|424, 488|425, 488|772, 516|784, 516|850, 528|852, 528|919, 536|921, 536|1045, 540|1047, 540|1097, 548|1100, 548|1205, 552|1212, 552|1325, 452|1327, 352|1328, 252|1329, 152|1331, 52|1333, 0|1334, 0|1336, 28|1337, 28|1342, 32|1345, 36|1347, 36|1398, 52|1400, 52|1402, 60|1403, 60|1405, 64|1408, 64|1514, 68|1516, 68|1614, 84|1615, 84|1680, 88|1683, 88|1730, 104|1731, 104|1789, 116|1792, 116|1821, 124|1823, 124|1857, tap_shift, 
124|1, 124|306, 248|308, 248|369, 224|371, 224|401, 232|402, 232|549, 244|551, 244|782, 264|783, 264|889, 272|890, 272|963, 276|965, 276|1028, 284|1030, 284|1064, 288|1065, 288|1113, 304|1114, 304|1152, 316|1153, 316|1167, 320|1168, 320|1241, 324|1248, 324|1381, 328|1382, 328|1416, 336|1417, 336|1466, 340|1468, 340|1516, 344|1517, 344|1622, 352|1623, 352|1673, 356|1675, 356|1738, 364|1740, 364|1820, 372|1821, 372|1857, tap_shift, 
372|1, 372|510, 392|514, 392|549, 408|552, 408|756, 428|757, 428|857, 432|859, 432|861, 436|864, 436|1025, 444|1026, 444|1123, 452|1125, 452|1901, short_swipe, 
452|1, 452|407, 460|409, 460|444, 548|461, 548|532, 556|538, 556|695, 560|697, 560|737, 60|741, 60|755, 44|757, 44|832, 56|834, 56|850, 60|851, 60|858, 64|863, 64|962, 68|964, 68|1011, 76|1013, 76|1061, 148|1062, 148|1066, 152|1068, 152|1117, 156|1119, 156|1175, 160|1176, 160|1184, 164|1187, 164|1229, 168|1230, 168|1285, 172|1286, 172|1346, 180|1347, 180|1406, 188|1407, 188|1465, 192|1467, 192|1529, 196|1530, 196|1565, 208|1566, 208|1589, 212|1591, 212|1647, 232|1649, 232|1753, 236|1759, 236|1851, long_swipe, 
236|1, 236|380, 260|382, 260|399, 288|402, 288|572, 292|574, 292|645, 296|648, 296|772, 300|775, 300|822, 304|824, 304|939, 312|941, 312|947, 316|949, 316|995, 324|996, 324|1043, 328|1045, 328|1172, 332|1173, 332|1221, 336|1223, 336|1247, 340|1249, 340|1299, 348|1301, 348|1308, 352|1312, 352|1315, 356|1317, 356|1403, 360|1404, 360|1456, 368|1457, 368|1466, 372|1469, 372|1569, 384|1570, 384|1631, 392|1633, 392|1693, 396|1695, 396|1748, 400|1749, 400|1825, long_swipe, 
400|1, 400|391, 436|393, 436|470, 440|473, 440|592, 448|594, 448|770, 452|776, 456|777, 456|824, 460|826, 460|981, 468|983, 468|1029, 472|1030, 472|1077, 476|1078, 476|1190, 496|1192, 496|1194, 500|1197, 500|1267, 504|1269, 504|1284, 508|1286, 508|1441, 520|1443, 520|1492, 524|1494, 524|1544, 528|1546, 528|1642, 532|1642, 532|1656, 536|1658, 536|1708, 540|1710, 540|1717, 544|1721, 544|1775, 548|1777, 548|1852, long_swipe, 
548|1, 548|15, 556|17, 556|39, 560|48, 560|217, 0|228, 0|296, 60|297, 60|319, 160|320, 160|364, 172|372, 172|520, 184|521, 184|574, 188|583, 188|705, 192|714, 192|790, 196|792, 196|833, 204|834, 204|953, 208|955, 208|962, 212|967, 212|1023, 216|1025, 216|1147, 228|1148, 228|1197, 232|1199, 232|1237, 236|1238, 236|1296, 244|1298, 244|1305, 248|1309, 248|1352, 252|1353, 252|1356, 256|1360, 256|1505, 264|1507, 264|1561, 268|1563, 268|1617, 272|1619, 272|1637, 276|1639, 276|1743, 288|1744, 288|1758, 292|1759, 292|1764, 296|1765, 296|1848, long_swipe, 
296|1, 296|41, 300|42, 300|321, 320|323, 320|417, 336|418, 336|439, 340|445, 340|653, 348|655, 348|683, 356|684, 356|807, 360|809, 360|884, 368|886, 368|898, 372|899, 372|950, 376|954, 376|1083, 380|1093, 380|1170, 392|1171, 392|1221, 396|1223, 396|1272, 400|1274, 400|1287, 404|1289, 404|1404, 412|1405, 412|1456, 416|1457, 416|1465, 420|1471, 420|1478, 424|1479, 424|1518, 428|1519, 428|1563, 432|1565, 432|1619, 436|1621, 436|1681, 440|1682, 440|1758, 444|1759, 444|1796, 456|1798, 456|1807, 460|1811, 460|1850, 464|1851, 464|1868, short_swipe, 
464|1, 464|435, 504|439, 504|620, 508|624, 508|662, 516|664, 516|777, 520|781, 520|818, 524|825, 524|834, 528|835, 528|840, 532|844, 532|867, 540|868, 540|1100, 548|1102, 548|1162, 556|1164, 556|1257, 560|1260, 560|1311, 564|1315, 564|1366, 572|1367, 572|1375, 576|1379, 576|1496, 580|1502, 580|1513, 380|1515, 380|1517, 280|1519, 180|1521, 0|1522, 0|1544, 40|1545, 40|1558, 44|1560, 44|1583, 52|1584, 52|1694, 64|1698, 64|1700, 72|1701, 72|1713, 76|1714, 76|1774, 80|1775, 80|1901, long_press_character, 
80|1, 80|79, 84|89, 84|160, 88|161, 88|276, 96|285, 96|293, 196|297, 196|368, 212|370, 212|415, 220|418, 220|687, 248|688, 248|769, 252|770, 252|785, 256|791, 256|867, 264|868, 264|942, 272|944, 272|1001, 276|1005, 276|1040, 284|1042, 284|1081, 296|1083, 296|1153, 300|1154, 300|1273, 320|1275, 320|1447, 324|1449, 324|1457, 328|1463, 328|1500, 336|1501, 336|1561, 340|1568, 340|1585, 348|1586, 348|1608, 352|1610, 352|1654, 356|1655, 356|1759, 364|1761, 364|1836, tap_shift, 
364|1, 364|321, 388|322, 388|420, 400|421, 400|524, 412|528, 412|632, 416|633, 416|695, 424|697, 424|763, 428|767, 428|805, 436|807, 436|904, 440|905, 440|952, 448|954, 448|1004, 452|1006, 452|1014, 456|1018, 456|1124, 460|1130, 460|1137, 464|1139, 464|1248, 468|1250, 468|1293, 472|1294, 472|1319, 476|1321, 476|1393, 484|1395, 484|1453, 488|1458, 488|1493, 492|1495, 492|1545, 496|1547, 496|1598, 500|1600, 500|1684, 504|1686, 504|1739, 520|1741, 520|1815, short_swipe, 
520|1, 520|375, 548|379, 548|381, 552|382, 552|443, 560|444, 560|601, 564|604, 564|634, 576|635, 576|701, 580|702, 580|762, 584|764, 584|772, 588|774, 588|857, 596|858, 596|983, 0|985, 0|1019, 68|1021, 68|1112, 76|1114, 76|1120, 80|1124, 80|1151, 84|1152, 192|1153, 192|1216, 196|1218, 196|1334, 208|1335, 208|1385, 212|1387, 212|1415, 216|1422, 216|1481, 220|1483, 220|1563, 224|1569, 224|1614, 232|1616, 232|1688, 256|1691, 256|1735, 260|1737, 260|1823, 264|1824, 264|1878, long_press_character, 
264|1, 264|55, 268|56, 268|129, 276|134, 276|405, 280|407, 280|466, 304|472, 304|614, 316|619, 316|683, 320|687, 320|759, 324|766, 324|955, 328|957, 328|1007, 340|1009, 340|1107, 348|1109, 348|1210, 364|1212, 364|1412, 380|1414, 380|1447, 388|1449, 388|1577, 392|1579, 392|1631, 396|1633, 396|1686, 400|1688, 400|1697, 404|1700, 404|1752, 408|1756, 416|1843, long_swipe, 
416|1, 416|397, 436|398, 436|832, 484|834, 484|892, 492|893, 492|901, 496|906, 496|944, 500|945, 500|953, 504|958, 504|1102, 512|1103, 512|1108, 516|1109, 516|1156, 520|1158, 520|1167, 524|1170, 524|1212, 528|1213, 528|1270, 536|1271, 536|1330, 544|1331, 544|1340, 548|1341, 548|1468, 552|1470, 552|1502, 564|1504, 564|1574, 568|1575, 568|1716, 580|1717, 580|1726, 584|1729, 584|1775, 588|1776, 588|1814, tap_regular_character, 
588|1, 588|458, 0|460, 0|494, 76|498, 76|765, 80|767, 80|792, 88|795, 88|899, 96|901, 96|963, 100|965, 100|1026, 104|1028, 104|1086, 112|1088, 112|1201, 116|1203, 116|1270, 120|1274, 120|1323, 128|1324, 128|1435, 132|1437, 132|1480, 140|1481, 140|1498, 144|1503, 144|1538, 148|1540, 148|1669, 156|1670, 156|1679, 160|1683, 160|1828, 168|1835, 168|1847, tap_regular_character, 
168|1, 168|267, 188|269, 188|311, 292|312, 292|335, 300|336, 300|380, 340|385, 340|421, 344|422, 344|538, 356|539, 356|591, 364|592, 364|638, 372|639, 372|739, 376|740, 376|789, 384|790, 384|797, 388|802, 388|839, 392|840, 392|895, 396|899, 396|934, 400|935, 400|1003, 404|1005, 404|1064, 412|1066, 412|1123, 416|1125, 416|1145, 432|1151, 432|1230, 444|1232, 444|1299, 452|1301, 452|1306, 456|1308, 456|1428, 460|1433, 460|1528, 464|1530, 464|1578, 468|1580, 468|1588, 472|1594, 472|1632, 476|1634, 476|1698, 480|1699, 480|1779, 488|1780, 488|1789, 492|1792, 492|1847, long_press_character, 
492|1, 492|322, 524|323, 524|791, 560|792, 560|842, 564|846, 564|850, 568|851, 568|896, 576|897, 576|1056, 588|1057, 588|1065, 592|1071, 592|1134, 596|1136, 596|1253, 600|1254, 600|1303, 604|1307, 604|1347, 608|1348, 608|1407, 620|1408, 620|1467, 624|1468, 624|1528, 636|1530, 636|1661, 640|1663, 640|1715, 644|1717, 644|1731, 648|1732, 648|1768, 656|1770, 656|1772, 456|1774, 456|1775, 356|1777, 256|1778, 256|1780, 0|1782, 0|1801, 8|1802, 8|1813, 52|1815, 52|1840, tap_regular_character, 
52|1, 52|52, 72|53, 72|315, 172|318, 172|433, 224|435, 228|440, 228|526, 232|529, 232|841, 236|843, 236|889, 244|893, 244|930, 248|932, 248|981, 252|982, 252|1082, 256|1084, 256|1092, 264|1097, 264|1140, 280|1144, 280|1218, 284|1220, 288|1222, 288|1265, 296|1267, 296|1275, 300|1279, 300|1315, 312|1317, 312|1509, 324|1511, 324|1519, 328|1521, 328|1626, 332|1628, 332|1692, 340|1694, 340|1695, 344|1696, 344|1753, 352|1754, 352|1769, 356|1771, 356|1817, 360|1818, 360|1860, long_swipe, 
360|1, 360|60, 364|64, 364|364, 368|369, 368|416, 392|422, 392|469, 396|470, 396|482, 404|483, 404|503, 408|507, 408|592, 412|594, 412|603, 424|605, 424|709, 428|711, 428|813, 444|814, 444|872, 448|873, 448|916, 452|918, 452|1030, 456|1031, 456|1039, 460|1043, 460|1087, 464|1089, 464|1098, 468|1101, 468|1164, 472|1167, 472|1221, 476|1222, 476|1260, 488|1261, 488|1335, 492|1339, 492|1439, 500|1440, 500|1473, 508|1475, 508|1697, 512|1699, 512|1764, 524|1766, 524|1835, long_press_character, 
524|1, 524|268, 544|270, 544|760, 584|762, 584|890, 592|896, 592|943, 600|945, 600|1025, 604|1026, 604|1094, 612|1096, 612|1258, 212|1268, 0|1270, 0|1283, 44|1285, 44|1337, 60|1338, 60|1344, 64|1346, 64|1411, 68|1412, 68|1448, 76|1450, 76|1499, 80|1501, 80|1549, 88|1550, 88|1641, 196|1642, 196|1664, 200|1669, 200|1708, 208|1709, 208|1759, 216|1760, 216|1841, tap_shift, 
216|1, 216|305, 240|306, 240|360, 280|361, 280|459, 284|460, 284|573, 292|574, 292|588, 296|589, 296|639, 300|642, 300|774, 308|775, 308|822, 320|823, 320|935, 324|936, 324|1017, 328|1019, 328|1079, 336|1081, 336|1231, 348|1235, 348|1282, 352|1283, 352|1291, 356|1292, 356|1340, 360|1341, 360|1425, 364|1426, 364|1541, 380|1543, 380|1601, 384|1602, 384|1603, 388|1604, 388|1782, 396|1784, 396|1844, long_press_character, 
396|1, 400|14, 400|79, 416|80, 416|83, 420|86, 420|306, 432|308, 432|368, 456|369, 456|475, 472|479, 472|585, 476|589, 476|855, 488|864, 488|1072, 496|1074, 496|1100, 504|1102, 504|1124, 508|1125, 508|1150, 520|1152, 520|1306, 528|1308, 528|1329, 532|1330, 532|1363, 536|1367, 536|1460, 540|1462, 540|1532, 552|1537, 552|1575, 556|1577, 556|1698, 560|1699, 560|1750, 572|1753, 572|1810, 576|1812, 576|1876, long_swipe, 
576|1, 576|163, 584|164, 584|375, 588|376, 588|457, 616|460, 616|480, 620|486, 620|681, 624|683, 624|732, 24|733, 24|794, 52|795, 52|806, 60|812, 60|817, 64|818, 64|849, 68|850, 68|904, 80|905, 80|982, 84|984, 84|1037, 88|1040, 88|1095, 92|1097, 92|1104, 100|1107, 100|1145, 108|1147, 108|1203, 112|1207, 112|1341, 128|1343, 128|1391, 132|1395, 132|1517, 140|1519, 140|1557, 148|1559, 148|1610, 152|1611, 152|1716, 160|1718, 160|1730, 164|1731, 164|1797, 172|1799, 172|1826, long_swipe, 
172|1, 172|300, 292|303, 292|445, 328|453, 328|651, 344|657, 344|856, 364|857, 364|862, 368|863, 368|973, 372|974, 372|982, 376|987, 376|1047, 380|1048, 380|1118, 384|1119, 384|1186, 400|1197, 400|1290, 404|1292, 404|1335, 408|1337, 408|1400, 412|1402, 412|1455, 416|1457, 416|1505, 424|1507, 424|1657, 428|1658, 428|1674, 444|1676, 444|1723, 448|1724, 448|1776, 452|1777, 452|1867, tap_regular_character, 
452|1, 452|27, 456|28, 456|40, 460|41, 460|295, 472|297, 472|389, 476|391, 476|409, 488|410, 488|472, 492|478, 492|514, 496|515, 496|522, 500|528, 500|564, 504|565, 504|569, 508|574, 508|702, 512|704, 512|750, 528|752, 528|798, 532|799, 532|920, 540|921, 540|982, 552|984, 552|1037, 556|1039, 556|1090, 564|1091, 564|1099, 568|1102, 568|1148, 572|1151, 572|1191, 576|1193, 576|1281, 580|1282, 580|1298, 584|1300, 584|1340, 588|1342, 588|1399, 604|1401, 604|1513, 608|1514, 608|1583, 612|1585, 612|1636, 616|1637, 616|1650, 620|1651, 620|1687, 632|1689, 632|1856, long_press_character, 
632|1, 644|26, 644|186, 44|202, 44|299, 244|300, 244|331, 192|335, 192|358, 216|360, 216|490, 220|492, 224|493, 224|774, 256|778, 256|841, 260|843, 260|993, 268|995, 268|1002, 272|1006, 272|1044, 276|1045, 276|1109, 292|1112, 292|1144, 296|1146, 296|1202, 304|1204, 304|1253, 308|1254, 308|1304, 312|1306, 312|1383, 316|1386, 316|1439, 328|1442, 328|1450, 332|1453, 332|1497, 336|1498, 336|1613, 340|1614, 340|1675, 352|1676, 352|1765, 356|1767, 356|1807, tap_regular_character, 
356|1, 356|47, 364|49, 364|362, 388|363, 388|860, 428|863, 428|908, 436|918, 436|963, 440|964, 440|1034, 448|1035, 448|1129, 452|1130, 452|1179, 460|1182, 460|1203, 464|1204, 464|1251, 468|1258, 468|1357, 472|1358, 472|1366, 476|1370, 476|1412, 484|1414, 484|1423, 488|1426, 488|1532, 492|1533, 492|1559, 500|1563, 500|1625, 508|1626, 508|1696, 512|1698, 512|1754, 524|1755, 524|1819, 532|1820, 532|1823, 536|1826, 536|1864, tap_regular_character, 
536|1, 536|393, 556|395, 556|424, 560|428, 560|502, 564|504, 564|581, 568|585, 568|643, 576|646, 576|696, 580|699, 580|748, 592|749, 592|831, 596|832, 596|884, 600|885, 600|956, 604|958, 604|1033, 612|1034, 612|1123, 616|1125, 616|1172, 620|1173, 620|1214, 624|1215, 624|1273, 636|1274, 636|1360, 640|1362, 640|1425, 648|1430, 648|1482, 656|1483, 656|1531, 0|1540, 0|1543, 36|1546, 36|1549, 40|1550, 40|1583, 44|1585, 44|1594, 48|1597, 48|1599, 52|1601, 52|1629, 56|1631, 180|1632, 180|1654, 188|1656, 188|1857, short_swipe, 
188|1, 188|421, 272|424, 272|589, 280|590, 280|627, 284|628, 284|829, 300|833, 300|912, 304|915, 304|1037, 308|1039, 308|1102, 312|1104, 312|1174, 328|1178, 328|1222, 332|1224, 332|1275, 340|1278, 340|1343, 348|1345, 348|1406, 356|1408, 356|1471, 360|1473, 360|1517, 368|1518, 368|1574, 372|1576, 372|1637, 376|1638, 376|1697, 384|1698, 384|1705, 388|1707, 388|1769, 392|1770, 392|1818, 404|1819, 404|1849, tap_shift, 
404|1, 404|316, 416|319, 416|455, 420|461, 420|789, 456|791, 456|857, 464|862, 464|864, 468|874, 468|933, 476|936, 476|980, 488|981, 488|1155, 492|1157, 492|1201, 496|1202, 496|1273, 500|1275, 500|1331, 504|1333, 504|1365, 508|1366, 508|1416, 520|1418, 520|1474, 528|1475, 528|1592, 532|1594, 532|1627, 540|1629, 540|1650, 544|1652, 544|1704, 548|1706, 548|1785, 552|1792, 552|1826, tap_regular_character, 
552|1, 552|480, 592|483, 592|669, 600|671, 600|727, 608|729, 608|834, 612|835, 612|897, 620|901, 620|917, 624|917, 624|994, 628|996, 628|1019, 428|1021, 328|1023, 228|1025, 0|1028, 0|1047, 36|1057, 36|1087, 48|1088, 48|1098, 52|1100, 52|1151, 72|1153, 72|1213, 80|1215, 80|1267, 84|1269, 84|1328, 88|1332, 88|1371, 96|1373, 96|1424, 100|1428, 100|1533, 112|1534, 112|1549, 116|1550, 116|1592, 124|1594, 124|1608, 128|1609, 128|1741, 144|1743, 144|1769, 148|1770, 148|1825, 152|1827, 152|1868, short_swipe, 
152|1, 152|323, 252|324, 252|350, 260|352, 260|420, 292|428, 292|503, 300|504, 300|578, 304|580, 304|631, 308|632, 308|679, 316|681, 316|730, 324|732, 324|832, 328|834, 328|847, 332|848, 332|883, 336|885, 336|891, 340|895, 340|938, 344|940, 344|1005, 352|1007, 352|1117, 376|1118, 376|1131, 380|1133, 380|1139, 384|1141, 384|1194, 388|1196, 388|1241, 392|1243, 392|1252, 396|1256, 396|1366, 400|1370, 400|1410, 412|1412, 412|1487, 416|1489, 416|1677, 420|1679, 420|1748, 428|1750, 428|1759, 432|1763, 436|1850, short_swipe, 
436|1, 436|150, 444|151, 444|198, 448|200, 448|252, 456|253, 456|667, 464|676, 464|752, 496|754, 496|797, 500|801, 500|949, 508|952, 508|990, 512|992, 512|1004, 516|1006, 516|1051, 528|1053, 528|1063, 532|1067, 532|1182, 536|1184, 536|1272, 540|1274, 540|1341, 544|1343, 544|1458, 548|1463, 548|1532, 560|1534, 560|1608, 564|1611, 564|1673, 568|1675, 568|1729, 572|1730, 576|1854, long_press_character, 
576|1, 576|49, 588|50, 588|68, 592|73, 592|171, 596|172, 596|178, 600|188, 600|378, 616|379, 616|387, 620|397, 620|463, 632|464, 632|468, 432|470, 332|470, 332|472, 132|474, 32|475, 32|489, 72|490, 72|743, 40|744, 40|807, 72|816, 72|859, 88|860, 88|868, 96|874, 96|1045, 108|1050, 108|1086, 112|1087, 112|1121, 212|1123, 252|1124, 252|1259, 260|1260, 260|1305, 268|1306, 268|1325, 272|1327, 272|1458, 280|1459, 280|1467, 284|1472, 284|1533, 288|1535, 288|1634, 296|1635, 296|1690, 300|1692, 300|1744, 308|1746, 308|1871, tap_regular_character, 
308|1, 308|29, 312|31, 312|297, 332|300, 332|366, 352|367, 352|410, 360|412, 360|490, 364|491, 364|495, 368|497, 368|530, 372|531, 372|581, 376|582, 376|625, 380|627, 380|666, 384|667, 384|774, 388|775, 388|779, 392|784, 392|821, 400|822, 400|887, 408|888, 408|999, 412|1000, 412|1192, 428|1194, 428|1324, 436|1326, 436|1387, 444|1388, 444|1600, 452|1603, 452|1627, 456|1629, 456|1667, 460|1671, 460|1781, 464|1782, 464|1813, long_press_character, 
464|1, 464|25, 472|27, 472|203, 484|206, 484|218, 488|220, 488|327, 500|328, 500|719, 528|720, 528|843, 544|853, 544|917, 548|919, 548|1039, 556|1041, 556|1045, 560|1051, 560|1126, 568|1130, 568|1172, 572|1174, 572|1223, 576|1225, 576|1276, 580|1278, 580|1336, 584|1341, 584|1377, 592|1379, 592|1439, 596|1440, 596|1526, 604|1528, 604|1588, 612|1589, 612|1596, 616|1598, 616|1760, 632|1762, 632|1772, 636|1776, 636|1801, 36|1803, 36|1824, 40|1825, 40|1847, tap_regular_character, 
40|1, 40|323, 140|324, 140|401, 188|407, 188|600, 200|601, 200|783, 232|786, 232|797, 248|799, 248|873, 252|875, 252|908, 256|910, 256|928, 260|933, 260|980, 264|981, 264|1075, 268|1077, 268|1185, 272|1186, 272|1237, 280|1239, 280|1247, 284|1251, 284|1342, 288|1344, 288|1373, 292|1375, 292|1398, 296|1400, 296|1470, 308|1471, 308|1570, 312|1572, 312|1637, 320|1639, 320|1691, 324|1693, 324|1695, 328|1696, 328|1751, 332|1753, 332|1761, 336|1765, 336|1814, 340|1825, 340|1845, tap_shift, 
340|1, 340|68, 348|69, 348|403, 364|405, 364|468, 400|469, 400|498, 404|499, 404|544, 408|546, 408|590, 412|591, 412|625, 416|628, 416|690, 420|691, 420|697, 428|700, 428|701, 432|707, 432|844, 436|845, 436|899, 452|900, 452|901, 456|903, 456|986, 464|987, 464|1103, 472|1104, 472|1115, 476|1119, 476|1138, 480|1140, 480|1179, 492|1180, 492|1246, 496|1247, 496|1295, 504|1296, 504|1353, 512|1354, 512|1534, 532|1538, 532|1641, 536|1644, 536|1645, 548|1647, 548|1719, 552|1721, 552|1763, 556|1765, 556|1838, long_press_character, 
556|1, 556|9, 560|14, 560|204, 572|205, 572|571, 600|576, 600|627, 604|629, 604|641, 608|646, 608|681, 612|683, 612|801, 616|803, 616|831, 620|832, 620|876, 624|878, 624|970, 628|972, 628|1019, 632|1021, 632|1027, 640|1032, 640|1065, 644|1067, 644|1131, 648|1132, 648|1184, 652|1185, 652|1279, 52|1280, 52|1291, 28|1297, 32|1298, 32|1342, 56|1343, 56|1405, 60|1407, 60|1515, 72|1517, 72|1579, 76|1580, 76|1708, 80|1712, 80|1754, 88|1755, 88|1824, 100|1825, 100|1856, short_swipe, 
100|1, 100|301, 200|314, 200|337, 260|338, 260|425, 268|426, 268|477, 272|478, 276|480, 276|775, 304|776, 304|814, 312|817, 312|900, 316|902, 316|912, 320|913, 320|955, 324|957, 324|969, 328|970, 328|1119, 340|1120, 340|1127, 352|1128, 352|1175, 356|1176, 356|1242, 364|1244, 364|1301, 372|1303, 372|1338, 380|1339, 380|1355, 384|1357, 384|1506, 388|1507, 388|1520, 392|1521, 392|1560, 400|1561, 400|1750, 408|1751, 408|1839, tap_shift, 
408|1, 408|328, 448|330, 448|416, 456|417, 456|464, 464|466, 464|483, 468|484, 468|903, 492|908, 492|925, 496|926, 496|971, 504|974, 504|1122, 516|1123, 516|1270, 524|1272, 524|1318, 528|1319, 528|1358, 532|1362, 532|1408, 536|1410, 536|1450, 540|1451, 544|1456, 544|1502, 548|1505, 548|1547, 552|1549, 552|1679, 560|1682, 560|1746, 564|1751, 564|1841, tap_shift, 
564|1, 568|12, 568|159, 592|160, 592|368, 612|369, 612|499, 616|507, 616|608, 620|610, 620|617, 624|622, 624|654, 628|656, 628|755, 28|763, 24|767, 24|798, 36|800, 36|806, 44|810, 44|811, 48|813, 48|847, 64|849, 68|851, 68|868, 72|869, 72|976, 84|977, 84|1040, 88|1045, 88|1077, 92|1079, 92|1126, 96|1128, 96|1142, 220|1143, 220|1184, 224|1189, 224|1227, 232|1228, 232|1280, 236|1281, 236|1335, 240|1336, 240|1401, 244|1406, 244|1452, 248|1455, 248|1522, 260|1523, 260|1532, 268|1536, 268|1645, 272|1647, 272|1660, 288|1661, 288|1752, 292|1755, 292|1812, 296|1813, 296|1839, short_swipe, 
296|1, 296|309, 316|311, 316|321, 320|322, 320|385, 324|387, 324|438, 340|441, 340|499, 344|503, 344|578, 348|581, 348|675, 352|678, 352|881, 356|882, 356|919, 364|921, 364|928, 368|931, 368|967, 372|969, 372|1119, 384|1120, 384|1221, 388|1223, 388|1270, 396|1271, 396|1335, 408|1336, 408|1402, 412|1405, 412|1452, 420|1453, 420|1480, 424|1482, 424|1533, 428|1540, 436|1541, 436|1636, 440|1638, 440|1645, 444|1647, 444|1744, 448|1746, 448|1753, 452|1757, 452|1847, long_swipe, 
452|1, 452|379, 496|380, 496|437, 500|438, 500|476, 504|477, 504|542, 508|544, 508|547, 512|550, 512|630, 524|632, 524|689, 528|690, 528|839, 536|841, 536|886, 548|888, 548|1016, 552|1017, 552|1111, 568|1114, 568|1260, 576|1265, 576|1305, 584|1307, 584|1387, 588|1389, 588|1474, 592|1477, 592|1523, 600|1525, 600|1533, 604|1538, 604|1574, 608|1576, 608|1696, 616|1698, 616|1752, 628|1754, long_press_character, 
