743296|1, 743296|303, 743324|306, 743324|392, 743356|395, 743356|463, 743368|466, 743368|817, 743392|818, 743392|885, 743400|887, 743400|956, 743404|958, 743404|1040, 743412|1042, 743412|1115, 743420|1119, 743420|1324, 743428|1326, 743428|1507, 743436|1510, 743436|1594, 743444|1599, 743444|1720, 743452|1721, 743452|1772, 743456|1774, 743456|1846, tap_regular_character, 
743456|1, 743456|81, 743464|82, 743464|215, 743472|216, 743472|266, 743476|268, 743476|322, 743472|323, 743472|631, 743508|632, 743508|828, 743528|837, 743528|918, 743536|920, 743536|1027, 743552|1028, 743552|1131, 743548|1133, 743556|1136, 743556|1269, 743572|1274, 743572|1463, 743584|1465, 743584|1513, 743592|1514, 743592|1616, 743596|1617, 743596|1625, 743600|1630, 743600|1636, 743604|1641, 743600|1642, 743600|1670, 743608|1672, 743608|1734, 743612|1735, 743612|1834, tap_shift, 
743612|1, 743612|333, 743648|342, 743648|510, 743644|520, 743644|590, 743648|592, 743648|609, 743652|610, 743652|672, 743656|675, 743656|785, 743664|787, 743664|798, 743668|803, 743668|893, 743672|895, 743672|1076, 743688|1079, 743688|1107, 743692|1108, 743692|1285, 743704|1287, 743704|1339, 743708|1341, 743708|1437, 743716|1438, 743716|1494, 743724|1496, 743724|1534, 743728|1536, 743728|1591, 743732|1592, 743732|1650, 743736|1651, 743736|1733, 743752|1734, 743752|1826, 743756|1831, 743756|1844, short_swipe, 
743756|1, 743756|322, 743748|328, 743748|477, 743792|478, 743792|895, 743820|897, 743820|943, 743832|944, 743832|1071, 743840|1072, 743840|1129, 743848|1131, 743848|1145, 743844|1148, 743848|1149, 743848|1191, 743852|1193, 743852|1253, 743856|1254, 743856|1298, 743864|1300, 743864|1355, 743872|1358, 743872|1422, 743876|1423, 743876|1564, 743884|1566, 743884|1617, 743892|1618, 743892|1627, 743896|1628, 743896|1652, 743892|1653, 743900|1657, 743900|1659, 743896|1660, 743896|1676, 743900|1677, 743900|1730, 743908|1731, 743908|1829, 743916|1830, 743916|1843, tap_shift, 
743916|1, 743916|57, 743920|60, 743920|322, 743912|323, 743912|597, 743956|601, 743956|681, 743960|683, 743960|751, 743968|753, 743968|926, 743980|928, 743980|1048, 743988|1049, 743988|1105, 744000|1106, 744000|1158, 744004|1160, 744004|1218, 744008|1220, 744008|1273, 744012|1275, 744012|1324, 744020|1325, 744020|1425, 744024|1426, 744024|1434, 744028|1435, 744028|1529, 744044|1530, 744044|1537, 744048|1538, 744048|1637, 744052|1638, 744052|1837, 744068|1840, 744068|1848, short_swipe, 
744068|1, 744068|373, 744064|375, 744064|539, 744104|546, 744104|620, 744108|624, 744108|880, 744116|882, 744116|889, 744120|893, 744120|933, 744128|935, 744128|994, 744136|996, 744136|1129, 744140|1132, 744148|1133, 744148|1193, 744152|1194, 744152|1197, 744156|1198, 744156|1250, 744160|1252, 744164|1254, 744164|1351, 744172|1353, 744172|1407, 744180|1408, 744180|1570, 744184|1572, 744184|1581, 744188|1584, 744188|1633, 744192|1635, 744188|1637, 744188|1647, 744192|1649, 744192|1662, 744196|1663, 744196|1704, 744204|1705, 744204|1825, 744208|1826, 744208|1852, long_swipe, 
744208|1, 744208|303, 744228|306, 744228|375, 744244|377, 744244|432, 744248|433, 744248|780, 744276|790, 744276|857, 744288|859, 744288|927, 744296|929, 744296|1053, 744300|1054, 744300|1105, 744308|1106, 744308|1207, 744312|1219, 744312|1406, 744328|1408, 744328|1412, 744332|1415, 744332|1522, 744336|1523, 744336|1621, 744352|1623, 744352|1688, 744356|1689, 744356|1737, 744360|1739, 744360|1797, 744372|1800, 744372|1829, 744376|1830, 744376|1850, tap_shift, 
744376|1, 744376|319, 744372|320, 744392|322, 744392|383, 744400|386, 744400|415, 744408|417, 744408|563, 744420|565, 744420|796, 744440|797, 744440|903, 744448|904, 744448|978, 744452|979, 744452|1043, 744460|1044, 744460|1078, 744464|1080, 744464|1121, 744468|1123, 744468|1128, 744464|1129, 744464|1167, 744476|1168, 744476|1181, 744480|1182, 744480|1255, 744484|1262, 744484|1395, 744488|1397, 744488|1430, 744496|1432, 744496|1480, 744500|1482, 744500|1530, 744504|1532, 744504|1635, 744512|1638, 744512|1687, 744516|1689, 744516|1753, 744524|1754, 744524|1834, 744532|1836, 744532|1853, tap_shift, 
744532|1, 744532|369, 744528|380, 744528|529, 744548|532, 744548|567, 744564|570, 744564|768, 744628|776, 744628|782, 744624|785, 744624|789, 744568|800, 744568|875, 744572|877, 744572|879, 744576|882, 744576|1043, 744584|1045, 744584|1142, 744592|1143, 744592|1587, 744636|1589, 744636|1636, 744640|1637, 744640|1639, 744648|1640, 744648|1642, 744660|1643, 744660|1645, 744664|1646, 744664|1651, 744676|1653, 744676|1660, 744680|1662, 744680|1687, 744692|1688, 744692|1699, 744704|1706, 744716|1708, 744724|1710, 744728|1712, 744728|1717, 744732|1718, 744732|1901, short_swipe, 
744732|1, 744732|322, 744728|323, 744724|325, 744724|329, 744720|331, 744716|332, 744716|353, 744712|362, 744712|371, 744708|373, 744704|374, 744704|386, 744804|386, 744804|391, 744800|393, 744800|426, 744832|427, 744832|463, 744820|479, 744820|551, 744828|554, 744828|712, 744832|716, 744832|868, 744836|869, 744836|980, 744840|982, 744840|1030, 744848|1031, 744848|1079, 744852|1081, 744852|1085, 744856|1087, 744856|1135, 744860|1137, 744860|1193, 744864|1194, 744864|1203, 744868|1205, 744868|1247, 744872|1249, 744872|1304, 744876|1305, 744876|1364, 744884|1365, 744884|1425, 744892|1426, 744892|1484, 744896|1486, 744896|1547, 744900|1548, 744900|1580, 744904|1584, 744900|1585, 744900|1608, 744904|1609, 744904|1666, 744924|1667, 744924|1772, 744928|1777, 744928|1849, long_swipe, 
744928|1, 744928|315, 744924|324, 744924|401, 744932|402, 744932|419, 744960|422, 744960|593, 744964|594, 744964|659, 744968|668, 744968|792, 744972|794, 744972|842, 744976|844, 744976|959, 744984|961, 744984|968, 744988|969, 744988|1015, 744996|1017, 744996|1063, 745000|1065, 745000|1192, 745004|1194, 745004|1242, 745008|1243, 745008|1267, 745012|1269, 745012|1320, 745020|1321, 745020|1328, 745024|1330, 745024|1336, 745028|1337, 745028|1423, 745032|1425, 745032|1477, 745040|1478, 745040|1486, 745044|1488, 745044|1589, 745056|1590, 745056|1651, 745064|1653, 745064|1714, 745068|1715, 745068|1768, 745072|1770, 745072|1830, long_swipe, 
745072|1, 745072|324, 745064|331, 745064|407, 745108|408, 745108|486, 745112|488, 745112|601, 745120|610, 745120|786, 745124|791, 745128|793, 745128|840, 745132|842, 745132|997, 745140|998, 745140|1044, 745144|1046, 745144|1092, 745148|1094, 745148|1206, 745168|1207, 745168|1209, 745172|1212, 745172|1281, 745176|1284, 745176|1299, 745180|1301, 745180|1457, 745192|1458, 745192|1508, 745196|1509, 745196|1559, 745200|1561, 745200|1654, 745204|1657, 745204|1672, 745208|1673, 745208|1724, 745212|1725, 745212|1733, 745216|1736, 745216|1791, 745220|1792, 745220|1857, long_swipe, 
745220|1, 745220|26, 745228|28, 745228|49, 745232|59, 745232|228, 745224|239, 745224|330, 745216|331, 745216|375, 745264|382, 745264|584, 745268|593, 745268|715, 745272|722, 745272|802, 745276|805, 745276|843, 745284|845, 745284|964, 745288|965, 745288|972, 745292|977, 745292|1033, 745296|1035, 745296|1158, 745308|1159, 745308|1207, 745312|1209, 745312|1248, 745316|1249, 745316|1307, 745324|1309, 745324|1316, 745328|1319, 745328|1362, 745332|1364, 745332|1366, 745336|1370, 745336|1516, 745344|1517, 745344|1571, 745348|1573, 745348|1628, 745352|1629, 745352|1646, 745356|1649, 745356|1753, 745368|1755, 745368|1768, 745372|1770, 745372|1774, 745376|1776, 745376|1854, long_swipe, 
745376|1, 745376|46, 745380|47, 745380|325, 745412|328, 745412|434, 745416|435, 745416|444, 745420|449, 745420|655, 745428|660, 745428|687, 745436|689, 745436|802, 745440|804, 745440|811, 745444|813, 745444|889, 745452|891, 745452|899, 745456|904, 745456|955, 745460|958, 745460|1088, 745464|1097, 745464|1134, 745468|1136, 745464|1138, 745464|1174, 745476|1176, 745476|1225, 745480|1227, 745480|1277, 745484|1278, 745484|1292, 745488|1293, 745488|1408, 745496|1409, 745496|1460, 745500|1461, 745500|1470, 745504|1471, 745504|1482, 745508|1484, 745508|1522, 745512|1523, 745512|1568, 745516|1569, 745516|1624, 745520|1625, 745520|1635, 745516|1640, 745516|1643, 745520|1644, 745520|1686, 745524|1687, 745524|1762, 745528|1763, 745528|1801, 745540|1802, 745540|1811, 745544|1815, 745544|1855, 745548|1856, 745548|1864, short_swipe, 
745548|1, 745548|322, 745544|323, 745544|424, 745548|427, 745548|443, 745588|446, 745588|629, 745592|630, 745592|664, 745600|672, 745600|786, 745604|789, 745604|826, 745608|833, 745608|842, 745612|843, 745612|849, 745616|853, 745616|876, 745624|877, 745624|1109, 745632|1110, 745632|1171, 745640|1172, 745640|1266, 745644|1268, 745644|1320, 745648|1321, 745648|1374, 745656|1375, 745656|1384, 745660|1385, 745660|1504, 745664|1510, 745664|1527, 745660|1529, 745668|1531, 745668|1567, 745672|1569, 745672|1591, 745680|1592, 745680|1702, 745684|1707, 745684|1721, 745688|1722, 745688|1782, 745692|1783, 745692|1875, long_press_character, 
745692|1, 745692|114, 745696|123, 745696|187, 745700|196, 745700|311, 745708|320, 745708|327, 745700|332, 745700|402, 745712|404, 745712|450, 745728|452, 745728|722, 745756|723, 745756|803, 745760|804, 745760|820, 745764|823, 745764|901, 745772|903, 745772|976, 745780|978, 745780|1035, 745784|1040, 745784|1074, 745792|1076, 745792|1187, 745796|1189, 745796|1308, 745816|1309, 745816|1482, 745820|1483, 745820|1492, 745824|1498, 745824|1534, 745832|1536, 745832|1595, 745836|1598, 745836|1620, 745840|1621, 745840|1643, 745844|1644, 745844|1688, 745848|1690, 745848|1794, 745856|1795, 745856|1855, tap_shift, 
745856|1, 745856|334, 745892|338, 745892|538, 745904|542, 745904|647, 745908|649, 745908|710, 745916|712, 745916|779, 745920|782, 745920|820, 745928|822, 745928|919, 745932|921, 745932|968, 745940|969, 745940|1019, 745944|1021, 745944|1029, 745948|1034, 745948|1140, 745952|1146, 745952|1153, 745956|1155, 745956|1262, 745960|1265, 745960|1309, 745964|1310, 745964|1335, 745968|1336, 745968|1409, 745976|1411, 745976|1468, 745980|1473, 745980|1509, 745984|1510, 745984|1560, 745988|1562, 745988|1614, 745992|1615, 745992|1700, 745996|1701, 745996|1755, 746012|1756, 746012|1819, short_swipe, 
746012|1, 746012|326, 746004|329, 746004|386, 746040|388, 746040|393, 746044|394, 746044|454, 746052|455, 746052|613, 746056|614, 746056|645, 746068|647, 746068|712, 746072|714, 746072|774, 746076|775, 746076|782, 746080|785, 746080|868, 746088|869, 746088|986, 746072|997, 746072|1010, 746088|1012, 746088|1031, 746096|1032, 746096|1123, 746104|1125, 746104|1132, 746108|1135, 746108|1160, 746112|1162, 746116|1164, 746112|1165, 746112|1228, 746116|1229, 746116|1346, 746128|1347, 746128|1397, 746132|1398, 746132|1427, 746136|1434, 746136|1492, 746140|1494, 746140|1575, 746144|1580, 746144|1625, 746152|1627, 746152|1700, 746156|1703, 746156|1747, 746160|1748, 746160|1825, 746164|1836, 746164|1871, long_press_character, 
746164|1, 746164|73, 746168|75, 746168|148, 746176|152, 746176|323, 746172|324, 746172|424, 746176|426, 746176|485, 746196|488, 746196|631, 746208|636, 746208|701, 746212|704, 746212|776, 746216|782, 746216|974, 746220|975, 746220|1026, 746232|1027, 746232|1126, 746240|1127, 746240|1229, 746256|1231, 746256|1430, 746272|1432, 746272|1466, 746280|1467, 746280|1596, 746284|1597, 746284|1650, 746288|1651, 746288|1705, 746292|1706, 746292|1715, 746296|1718, 746296|1770, 746300|1774, 746308|1829, long_swipe, 
746308|1, 746308|319, 746324|320, 746324|429, 746344|431, 746344|865, 746376|866, 746376|924, 746384|926, 746384|934, 746388|939, 746388|977, 746392|978, 746392|985, 746396|991, 746396|1134, 746404|1135, 746404|1140, 746408|1141, 746408|1189, 746412|1190, 746412|1200, 746416|1203, 746416|1245, 746420|1246, 746420|1302, 746428|1303, 746428|1362, 746436|1364, 746436|1372, 746440|1374, 746440|1501, 746444|1502, 746444|1535, 746456|1536, 746456|1606, 746460|1608, 746460|1650, 746464|1663, 746464|1667, 746460|1668, 746460|1748, 746472|1750, 746472|1758, 746476|1760, 746476|1808, 746480|1809, 746480|1833, tap_regular_character, 
746480|1, 746480|321, 746476|323, 746476|412, 746480|413, 746480|472, 746468|473, 746468|506, 746520|512, 746520|777, 746548|780, 746548|806, 746556|808, 746556|913, 746564|915, 746564|977, 746568|978, 746568|1039, 746572|1041, 746572|1100, 746580|1101, 746580|1215, 746584|1217, 746584|1284, 746588|1287, 746588|1336, 746596|1338, 746596|1449, 746600|1450, 746600|1493, 746608|1495, 746608|1511, 746612|1516, 746612|1551, 746616|1553, 746616|1682, 746624|1684, 746624|1692, 746628|1694, 746628|1841, 746636|1849, 746636|1854, tap_regular_character, 
746636|1, 746636|274, 746656|275, 746656|315, 746652|316, 746652|342, 746660|343, 746660|387, 746668|389, 746668|428, 746672|429, 746672|545, 746684|546, 746684|597, 746692|598, 746692|645, 746700|646, 746700|746, 746704|747, 746704|796, 746712|797, 746712|804, 746716|805, 746716|846, 746720|847, 746720|901, 746724|906, 746724|940, 746728|941, 746728|1009, 746732|1011, 746732|1071, 746740|1072, 746740|1125, 746736|1128, 746736|1130, 746740|1131, 746740|1152, 746744|1156, 746744|1236, 746756|1238, 746756|1305, 746764|1307, 746764|1312, 746768|1314, 746768|1434, 746772|1439, 746772|1534, 746776|1536, 746776|1585, 746780|1586, 746780|1595, 746784|1597, 746784|1628, 746788|1630, 746784|1632, 746784|1639, 746788|1640, 746788|1704, 746792|1706, 746792|1785, 746800|1787, 746800|1795, 746804|1798, 746804|1842, long_press_character, 
746804|1, 746804|333, 746852|335, 746836|336, 746836|802, 746872|803, 746872|853, 746876|857, 746876|861, 746880|862, 746880|907, 746888|908, 746888|1067, 746900|1068, 746900|1077, 746904|1078, 746904|1145, 746908|1147, 746908|1262, 746912|1266, 746912|1315, 746916|1318, 746916|1358, 746920|1360, 746920|1419, 746932|1420, 746932|1478, 746936|1480, 746936|1540, 746948|1541, 746948|1673, 746952|1674, 746952|1727, 746956|1728, 746956|1742, 746960|1743, 746960|1780, 746968|1782, 746968|1790, 746964|1791, 746964|1825, 746968|1827, 746968|1841, tap_regular_character, 
746968|1, 746968|63, 746980|64, 746980|325, 746976|329, 746976|444, 747012|445, 747016|451, 747016|536, 747020|540, 747020|850, 747024|853, 747024|899, 747032|903, 747032|941, 747036|943, 747036|991, 747040|993, 747040|1093, 747044|1095, 747044|1103, 747052|1107, 747052|1139, 747048|1147, 747048|1150, 747056|1155, 747056|1229, 747060|1230, 747064|1232, 747064|1276, 747072|1277, 747072|1285, 747076|1290, 747076|1325, 747088|1327, 747088|1520, 747100|1521, 747100|1530, 747104|1531, 747104|1637, 747108|1638, 747108|1653, 747100|1655, 747100|1657, 747108|1658, 747108|1703, 747116|1704, 747116|1705, 747120|1706, 747120|1763, 747128|1765, 747128|1780, 747132|1781, 747132|1828, 747136|1829, 747136|1862, long_swipe, 
747136|1, 747136|69, 747140|72, 747140|321, 747132|324, 747132|373, 747136|375, 747136|422, 747168|430, 747168|478, 747172|479, 747172|491, 747180|492, 747180|512, 747184|516, 747184|601, 747188|602, 747188|612, 747200|613, 747200|718, 747204|719, 747204|822, 747220|823, 747220|880, 747224|882, 747224|925, 747228|927, 747228|1039, 747232|1040, 747232|1048, 747236|1051, 747236|1096, 747240|1097, 747240|1107, 747244|1108, 747244|1172, 747248|1175, 747248|1229, 747252|1230, 747252|1269, 747264|1270, 747264|1343, 747268|1345, 747268|1447, 747276|1449, 747276|1482, 747284|1483, 747284|1706, 747288|1707, 747288|1773, 747300|1775, 747300|1823, long_press_character, 
747300|1, 747300|284, 747320|290, 747320|321, 747316|328, 747316|427, 747332|428, 747332|781, 747360|783, 747360|911, 747368|916, 747368|963, 747376|965, 747376|1046, 747380|1047, 747380|1114, 747388|1116, 747388|1288, 747396|1290, 747396|1357, 747408|1359, 747408|1469, 747416|1470, 747416|1519, 747420|1521, 747420|1569, 747428|1571, 747428|1659, 747424|1662, 747428|1663, 747428|1684, 747432|1687, 747432|1729, 747440|1730, 747440|1779, 747448|1780, 747448|1845, tap_shift, 
747448|1, 747448|320, 747444|321, 747484|323, 747484|374, 747488|378, 747488|476, 747492|476, 747492|590, 747500|591, 747500|604, 747504|606, 747504|656, 747508|658, 747508|791, 747516|792, 747516|838, 747528|839, 747528|951, 747532|953, 747532|1033, 747536|1035, 747536|1095, 747544|1097, 747544|1248, 747556|1249, 747556|1299, 747560|1300, 747560|1307, 747564|1308, 747564|1356, 747568|1358, 747568|1442, 747572|1443, 747572|1558, 747588|1559, 747588|1617, 747592|1618, 747592|1619, 747596|1620, 747596|1798, 747604|1800, 747604|1842, long_press_character, 
747604|1, 747608|33, 747608|98, 747624|99, 747624|102, 747628|105, 747628|323, 747632|326, 747632|384, 747648|387, 747648|493, 747664|497, 747664|603, 747668|607, 747668|873, 747680|883, 747680|1091, 747688|1093, 747688|1116, 747696|1120, 747696|1140, 747700|1143, 747696|1144, 747696|1169, 747708|1170, 747708|1324, 747716|1326, 747716|1348, 747720|1349, 747720|1381, 747724|1385, 747724|1478, 747728|1480, 747728|1551, 747740|1553, 747740|1594, 747744|1595, 747744|1717, 747748|1718, 747748|1768, 747760|1772, 747760|1828, 747764|1830, 747764|1890, long_swipe, 
747764|1, 747764|167, 747772|168, 747772|300, 747768|303, 747764|304, 747764|377, 747776|380, 747776|461, 747804|464, 747804|483, 747808|490, 747808|686, 747812|687, 747812|810, 747816|816, 747816|854, 747820|855, 747820|908, 747832|909, 747832|987, 747836|988, 747836|1041, 747840|1044, 747840|1100, 747844|1101, 747844|1108, 747852|1112, 747852|1149, 747860|1151, 747860|1208, 747864|1210, 747864|1346, 747880|1347, 747880|1395, 747884|1400, 747884|1520, 747892|1523, 747892|1562, 747900|1563, 747900|1614, 747904|1616, 747904|1720, 747912|1722, 747912|1734, 747916|1736, 747916|1801, 747924|1804, 747924|1818, long_swipe, 
747924|1, 747924|458, 747960|465, 747960|664, 747976|669, 747976|868, 747996|869, 747996|875, 748000|876, 748000|985, 748004|987, 748004|995, 748008|1000, 748008|1059, 748012|1060, 748012|1130, 748016|1131, 748016|1199, 748020|1209, 748020|1303, 748024|1305, 748024|1348, 748028|1349, 748028|1413, 748032|1414, 748032|1468, 748036|1470, 748036|1518, 748044|1519, 748044|1652, 748036|1656, 748036|1669, 748040|1671, 748040|1687, 748056|1688, 748056|1736, 748060|1737, 748060|1788, 748064|1790, 748064|1868, tap_regular_character, 
748064|1, 748064|39, 748068|40, 748068|48, 748072|53, 748072|305, 748068|306, 748076|308, 748076|400, 748088|402, 748088|420, 748100|422, 748100|484, 748104|489, 748104|525, 748108|527, 748108|534, 748112|535, 748112|575, 748116|576, 748116|581, 748120|586, 748120|714, 748124|715, 748124|762, 748140|763, 748140|809, 748144|810, 748144|931, 748152|933, 748152|994, 748164|995, 748164|1048, 748168|1050, 748168|1101, 748176|1103, 748176|1110, 748180|1113, 748180|1159, 748184|1163, 748184|1203, 748188|1204, 748188|1292, 748192|1294, 748192|1310, 748196|1311, 748196|1352, 748200|1353, 748200|1411, 748216|1412, 748216|1524, 748220|1526, 748220|1594, 748224|1596, 748224|1647, 748228|1649, 748228|1661, 748232|1663, 748232|1699, 748244|1701, 748244|1853, long_press_character, 
748244|1, 748256|41, 748256|215, 748252|217, 748252|314, 748248|315, 748248|345, 748252|350, 748252|371, 748284|374, 748284|505, 748288|506, 748292|507, 748292|789, 748324|792, 748324|855, 748328|857, 748328|1008, 748336|1009, 748336|1017, 748340|1020, 748340|1058, 748344|1060, 748344|1124, 748348|1126, 748348|1158, 748352|1160, 748352|1217, 748360|1219, 748360|1267, 748364|1269, 748364|1319, 748368|1321, 748368|1398, 748372|1400, 748372|1454, 748384|1456, 748384|1465, 748388|1468, 748388|1511, 748392|1512, 748392|1627, 748400|1629, 748396|1630, 748396|1690, 748408|1691, 748408|1774, 748412|1781, 748412|1816, tap_regular_character, 
748412|1, 748412|53, 748420|55, 748420|367, 748444|369, 748444|865, 748484|868, 748484|914, 748492|923, 748492|968, 748496|970, 748496|1040, 748504|1041, 748504|1134, 748508|1136, 748508|1184, 748516|1187, 748516|1209, 748520|1210, 748520|1257, 748524|1264, 748524|1363, 748528|1364, 748528|1372, 748532|1375, 748532|1418, 748540|1419, 748540|1428, 748544|1432, 748544|1538, 748548|1539, 748548|1565, 748556|1568, 748556|1630, 748564|1632, 748564|1701, 748568|1703, 748568|1760, 748580|1761, 748580|1825, 748588|1826, 748588|1829, 748592|1832, 748592|1857, tap_regular_character, 
748592|1, 748692|28, 748692|316, 748688|320, 748688|405, 748736|407, 748736|424, 748740|426, 748740|433, 748744|440, 748744|515, 748748|516, 748748|593, 748752|596, 748752|655, 748760|658, 748760|709, 748764|712, 748764|761, 748776|762, 748776|844, 748780|844, 748780|897, 748784|898, 748784|968, 748788|970, 748788|1046, 748796|1047, 748796|1135, 748800|1137, 748800|1184, 748804|1185, 748804|1227, 748808|1228, 748808|1286, 748820|1287, 748820|1373, 748824|1375, 748824|1437, 748832|1442, 748832|1494, 748840|1496, 748840|1606, 748844|1609, 748844|1641, 748852|1643, 748848|1645, 748848|1666, 748856|1668, 748856|1852, short_swipe, 
748856|1, 748856|329, 748848|331, 748848|439, 748900|442, 748900|606, 748908|607, 748908|644, 748912|645, 748912|847, 748928|850, 748928|929, 748932|932, 748932|1055, 748936|1056, 748936|1120, 748940|1121, 748940|1192, 748956|1195, 748956|1239, 748960|1241, 748960|1293, 748968|1295, 748968|1360, 748976|1362, 748976|1424, 748984|1426, 748984|1489, 748988|1490, 748988|1535, 748996|1536, 748996|1592, 749000|1593, 749000|1655, 749004|1656, 749004|1714, 749012|1715, 749012|1723, 749016|1724, 749016|1784, 749020|1788, 749020|1836, 749032|1837, 749032|1852, tap_shift, 
749032|1, 749032|331, 749040|333, 749040|469, 749048|474, 749048|804, 749084|805, 749084|871, 749092|877, 749092|878, 749096|888, 749096|947, 749104|949, 749104|994, 749116|996, 749116|1136, 749112|1137, 749120|1140, 749116|1141, 749116|1170, 749120|1171, 749120|1215, 749124|1216, 749124|1288, 749128|1289, 749128|1346, 749132|1347, 749132|1379, 749136|1381, 749136|1431, 749148|1432, 749148|1489, 749156|1490, 749156|1607, 749160|1609, 749160|1640, 749168|1643, 749168|1664, 749172|1666, 749172|1719, 749176|1720, 749176|1800, 749180|1807, 749180|1836, tap_regular_character, 
749180|1, 749180|316, 749172|320, 749172|484, 749220|486, 749220|674, 749228|675, 749228|732, 749236|733, 749236|838, 749240|839, 749240|902, 749248|904, 749248|921, 749252|922, 749252|999, 749256|1000, 749256|1091, 749264|1093, 749264|1155, 749272|1157, 749272|1217, 749280|1219, 749280|1272, 749284|1273, 749284|1332, 749288|1336, 749288|1376, 749296|1377, 749296|1428, 749300|1432, 749300|1537, 749312|1538, 749312|1554, 749316|1555, 749316|1597, 749324|1598, 749324|1612, 749328|1613, 749328|1746, 749340|1747, 749340|1773, 749344|1775, 749344|1830, 749348|1831, 749348|1861, short_swipe, 
749348|1, 749348|333, 749344|334, 749344|362, 749348|363, 749348|428, 749380|439, 749380|514, 749388|515, 749388|590, 749392|591, 749392|642, 749396|644, 749396|690, 749404|692, 749404|742, 749412|743, 749412|844, 749416|845, 749416|859, 749420|860, 749420|895, 749424|897, 749424|902, 749428|904, 749428|950, 749432|952, 749432|1016, 749440|1018, 749440|1142, 749444|1144, 749444|1149, 749448|1152, 749448|1206, 749452|1207, 749452|1252, 749456|1255, 749456|1264, 749460|1267, 749460|1378, 749464|1379, 749464|1421, 749476|1423, 749476|1499, 749480|1501, 749480|1688, 749484|1691, 749484|1759, 749492|1761, 749492|1767, 749496|1774, 749500|1850, short_swipe, 
749500|1, 749500|144, 749508|163, 749508|210, 749512|212, 749512|263, 749520|265, 749520|332, 749516|341, 749516|678, 749520|687, 749520|763, 749552|765, 749552|809, 749556|810, 749556|961, 749564|964, 749564|1002, 749568|1003, 749568|1014, 749572|1017, 749572|1062, 749584|1064, 749584|1075, 749588|1076, 749588|1193, 749592|1195, 749592|1283, 749596|1286, 749596|1352, 749600|1354, 749600|1470, 749604|1472, 749604|1543, 749616|1545, 749616|1620, 749620|1622, 749620|1685, 749624|1686, 749624|1740, 749628|1741, 749632|1861, long_press_character, 
749632|1, 749632|54, 749644|55, 749644|73, 749648|78, 749648|176, 749652|177, 749652|182, 749656|193, 749656|312, 749648|315, 749648|381, 749672|384, 749672|391, 749676|398, 749676|467, 749688|468, 749688|810, 749708|821, 749708|864, 749716|865, 749716|873, 749724|878, 749724|1049, 749736|1054, 749736|1091, 749740|1092, 749740|1132, 749736|1133, 749736|1157, 749740|1158, 749740|1264, 749748|1265, 749748|1309, 749756|1311, 749756|1330, 749760|1331, 749760|1462, 749768|1464, 749768|1472, 749772|1473, 749772|1538, 749776|1539, 749776|1637, 749780|1639, 749776|1640, 749776|1694, 749780|1696, 749780|1749, 749788|1750, 749788|1856, tap_regular_character, 
749788|1, 749788|49, 749792|50, 749792|317, 749812|320, 749812|386, 749824|387, 749824|428, 749832|431, 749832|510, 749836|511, 749836|515, 749840|516, 749840|549, 749844|550, 749844|600, 749848|602, 749848|645, 749852|646, 749852|686, 749856|687, 749856|793, 749860|794, 749860|799, 749864|803, 749864|840, 749872|841, 749872|907, 749880|908, 749880|1019, 749884|1020, 749884|1144, 749940|1146, 749940|1211, 749956|1213, 749956|1344, 749964|1345, 749964|1407, 749972|1408, 749972|1619, 749980|1622, 749980|1647, 749984|1648, 749984|1687, 749988|1690, 749988|1800, 749992|1802, 749992|1827, long_press_character, 
749992|1, 749992|31, 750000|32, 750000|209, 750012|212, 750012|224, 750016|225, 750016|331, 750040|334, 750040|724, 750056|725, 750056|848, 750072|858, 750072|923, 750076|924, 750076|1044, 750084|1046, 750084|1051, 750088|1056, 750088|1132, 750096|1135, 750096|1177, 750100|1179, 750100|1229, 750104|1231, 750104|1282, 750108|1283, 750108|1342, 750112|1347, 750112|1382, 750120|1384, 750120|1444, 750124|1446, 750124|1532, 750132|1534, 750132|1593, 750140|1594, 750140|1602, 750144|1603, 750144|1665, 750136|1672, 750136|1675, 750144|1677, 750144|1766, 750160|1767, 750160|1777, 750164|1782, 750164|1848, tap_regular_character, 
750164|1, 750164|324, 750160|327, 750156|329, 750156|405, 750168|411, 750168|605, 750180|606, 750180|788, 750212|791, 750212|800, 750228|803, 750228|878, 750232|880, 750232|913, 750236|914, 750236|924, 750240|938, 750240|984, 750244|986, 750244|1075, 750248|1081, 750248|1189, 750252|1191, 750252|1241, 750260|1243, 750260|1251, 750264|1255, 750264|1347, 750268|1348, 750268|1378, 750272|1379, 750272|1402, 750276|1404, 750276|1474, 750288|1476, 750288|1575, 750292|1576, 750292|1641, 750300|1643, 750300|1696, 750304|1697, 750304|1699, 750308|1701, 750308|1756, 750312|1757, 750312|1766, 750316|1770, 750316|1819, 750320|1829, 750320|1838, tap_shift, 
750320|1, 750320|79, 750328|81, 750328|318, 750324|319, 750320|320, 750320|414, 750312|417, 750312|480, 750364|481, 750364|510, 750368|511, 750368|556, 750372|557, 750372|601, 750376|603, 750376|637, 750380|639, 750380|701, 750384|703, 750384|709, 750392|711, 750392|713, 750396|718, 750396|855, 750400|856, 750400|911, 750416|912, 750416|913, 750420|915, 750420|997, 750428|998, 750428|1115, 750436|1116, 750436|1127, 750440|1131, 750440|1148, 750444|1150, 750440|1151, 750440|1191, 750452|1192, 750452|1258, 750456|1259, 750456|1306, 750464|1308, 750464|1365, 750472|1366, 750472|1545, 750492|1549, 750492|1651, 750500|1655, 750500|1657, 750496|1658, 750496|1729, 750500|1732, 750500|1774, 750504|1776, 750504|1841, long_press_character, 
750504|1, 750504|17, 750508|22, 750508|213, 750520|214, 750520|326, 750516|336, 750516|579, 750548|585, 750548|635, 750552|637, 750552|649, 750556|654, 750556|690, 750560|691, 750560|809, 750564|811, 750564|839, 750568|841, 750568|885, 750572|886, 750572|979, 750576|981, 750576|1028, 750580|1029, 750580|1036, 750588|1040, 750588|1074, 750592|1075, 750592|1139, 750596|1141, 750596|1192, 750600|1194, 750600|1299, 750612|1301, 750612|1414, 750616|1415, 750616|1523, 750628|1525, 750628|1587, 750632|1589, 750632|1717, 750636|1720, 750636|1762, 750644|1764, 750644|1832, 750652|1834, 750652|1855, short_swipe, 
750652|1, 750652|310, 750648|324, 750648|347, 750676|348, 750676|434, 750684|435, 750684|487, 750688|488, 750692|489, 750692|785, 750720|786, 750720|823, 750728|826, 750728|909, 750732|911, 750732|919, 750736|922, 750736|965, 750740|966, 750740|978, 750744|980, 750744|1129, 750756|1130, 750756|1185, 750760|1186, 750760|1252, 750768|1254, 750768|1310, 750776|1312, 750776|1347, 750784|1349, 750784|1364, 750788|1366, 750788|1516, 750792|1517, 750792|1530, 750796|1531, 750796|1570, 750804|1571, 750804|1646, 750800|1648, 750800|1760, 750812|1761, 750812|1841, tap_shift, 
750812|1, 750812|334, 750844|337, 750844|401, 750852|403, 750852|422, 750860|424, 750860|472, 750868|473, 750868|490, 750872|491, 750872|910, 750896|912, 750896|933, 750900|934, 750900|978, 750908|981, 750908|1126, 750920|1130, 750920|1277, 750928|1279, 750928|1326, 750932|1327, 750932|1366, 750936|1370, 750936|1415, 750940|1417, 750940|1457, 750944|1459, 750948|1464, 750948|1509, 750952|1512, 750952|1554, 750956|1556, 750956|1686, 750964|1688, 750964|1754, 750968|1755, 750968|1835, tap_shift, 
750968|1, 750972|26, 750972|172, 750996|174, 750996|381, 751016|382, 751016|512, 751020|520, 751020|622, 751024|623, 751024|630, 751028|635, 751028|668, 751032|669, 751032|820, 751040|823, 751040|861, 751056|862, 751056|881, 751060|882, 751060|1053, 751064|1059, 751064|1090, 751068|1092, 751068|1139, 751072|1141, 751072|1198, 751076|1201, 751076|1240, 751084|1241, 751084|1293, 751088|1295, 751088|1349, 751092|1350, 751092|1414, 751096|1415, 751096|1466, 751100|1468, 751100|1536, 751112|1537, 751112|1545, 751120|1546, 751120|1656, 751124|1658, 751128|1660, 751128|1673, 751124|1674, 751124|1765, 751128|1769, 751128|1826, 751132|1827, 751132|1845, short_swipe, 
751132|1, 751132|317, 751148|318, 751152|320, 751152|328, 751156|330, 751156|393, 751160|395, 751160|446, 751168|448, 751168|505, 751172|510, 751172|586, 751176|588, 751176|682, 751180|685, 751180|888, 751184|890, 751184|926, 751192|928, 751192|935, 751196|938, 751196|975, 751200|976, 751200|1126, 751212|1128, 751212|1229, 751216|1230, 751216|1278, 751224|1279, 751224|1343, 751236|1343, 751236|1409, 751240|1413, 751240|1460, 751248|1461, 751248|1487, 751252|1489, 751252|1540, 751256|1542, 751264|1549, 751264|1644, 751268|1645, 751268|1653, 751272|1654, 751272|1752, 751276|1753, 751276|1761, 751280|1762, 751280|1841, long_swipe, 
751280|1, 751280|313, 751276|320, 751276|392, 751316|393, 751316|451, 751320|452, 751320|489, 751324|490, 751324|556, 751328|557, 751328|561, 751332|564, 751332|643, 751344|645, 751344|703, 751348|704, 751348|853, 751356|854, 751356|900, 751368|901, 751368|1030, 751372|1031, 751372|1125, 751388|1127, 751388|1143, 751392|1144, 751388|1145, 751388|1273, 751396|1278, 751396|1319, 751404|1320, 751404|1401, 751408|1402, 751408|1487, 751412|1490, 751412|1537, 751420|1539, 751420|1546, 751424|1551, 751424|1588, 751428|1589, 751428|1645, 751432|1647, 751428|1649, 751428|1710, 751436|1711, 751436|1766, 751448|1767, long_press_character, 
