74340|1, 74340|8, 74372|10, 74372|35, 74340|37, 74340|49, 74372|59, 74372|79, 74340|80, 74340|320, 74372|321, 74372|346, 75360|351, 76380|352, 76380|369, 74340|370, 74340|584, 74372|585, 74372|599, 74340|606, 74340|621, 74372|622, 74372|650, 74340|651, 74340|736, 75360|737, 75360|740, 76380|741, 76380|767, 74340|769, 74340|861, 74372|862, 74372|886, 74340|888, 74340|1159, 74372|1161, 74372|1181, 74340|1183, 74340|1196, 74372|1198, 74372|1212, 74340|1213, 74340|1392, 74372|1394, 74372|1424, 74340|1426, 74340|1733, 74372|1741, 74372|1766, 74340|1768, 74340|1776, 75392|1789, 74372|1792, 74372|1837, tap_regular_character, 
74372|1, 74340|4, 74340|96, 74372|97, 74372|132, 74340|134, 74340|353, 75360|354, 75360|357, 76380|358, 76380|386, 74340|392, 74340|496, 74372|500, 74372|530, 74340|531, 74340|545, 74372|546, 74372|574, 74340|575, 74340|662, 74372|663, 74372|698, 74340|700, 74340|763, 75360|765, 75360|770, 76380|775, 76380|798, 74340|810, 74340|1081, 74372|1082, 74372|1101, 74340|1102, 74340|1112, 74372|1113, 74372|1130, 74340|1132, 74340|1204, 74372|1206, 74372|1224, 74340|1226, 74340|1644, 74372|1645, 74372|1662, 74340|1664, 74340|1678, 74372|1679, 74372|1694, 74340|1695, 74340|1734, 74372|1735, 74372|1758, 74340|1765, 74340|1833, tap_shift, 
74340|1, 74340|350, 75360|352, 75360|378, 75392|382, 75392|403, 75360|404, 75360|417, 75392|422, 75392|457, 76412|467, 76412|495, 74340|504, 74340|979, 74372|980, 74372|999, 74340|1000, 74340|1005, 74372|1006, 74372|1012, 74404|1014, 74404|1042, 74372|1044, 74340|1046, 74340|1121, 75360|1123, 75360|1154, 74340|1155, 74340|1561, 74372|1562, 74372|1568, 74404|1569, 74404|1598, 74372|1599, 74372|1611, 74340|1615, 74340|1624, 74372|1626, 74372|1640, 74340|1641, 74340|1785, 75360|1787, 75360|1804, 74340|1805, 74340|1833, short_swipe, 
74340|1, 74340|285, 74372|285, 74372|350, 74340|351, 74340|352, 75360|353, 75360|357, 76380|358, 76380|369, 76412|370, 76412|377, 74372|397, 74340|400, 74340|817, 75360|819, 75360|822, 76380|823, 76380|833, 76412|835, 76412|855, 74372|856, 74372|871, 74340|873, 74340|899, 74372|900, 74372|913, 74340|914, 74340|930, 74372|930, 74372|947, 74340|948, 74340|1378, 74372|1379, 74372|1408, 74340|1410, 74340|1460, 74372|1462, 74372|1474, 74340|1476, 74340|1491, 74372|1493, 74372|1509, 74340|1510, 74340|1792, 75360|1793, 75360|1845, tap_shift, 
75360|1, 74340|7, 74340|89, 74372|96, 74372|124, 74340|126, 74340|194, 74372|195, 74372|207, 74340|208, 74340|218, 74372|219, 74372|247, 74340|255, 74340|382, 75360|383, 75360|480, 76380|481, 76380|501, 74340|506, 74340|632, 74372|633, 74372|657, 74340|659, 74340|753, 74372|756, 74372|769, 74340|770, 74340|789, 74372|794, 74372|815, 74340|817, 74340|1163, 74372|1165, 74372|1185, 74340|1186, 74340|1316, 74372|1317, 74372|1331, 74340|1332, 74340|1346, 74372|1347, 74372|1361, 74340|1362, 74340|1699, 74372|1701, 74372|1715, 74340|1716, 74340|1799, 75360|1802, 74340|1850, short_swipe, 
74340|1, 74340|23, 74372|42, 74372|46, 74340|49, 74340|59, 74372|60, 74372|77, 74340|78, 74340|357, 75360|360, 75360|384, 75392|389, 75392|429, 75360|432, 75360|599, 75392|601, 75392|643, 75360|648, 75360|667, 75392|669, 75392|680, 76412|682, 76412|723, 74340|728, 74340|947, 74372|948, 74372|968, 74340|970, 74340|1226, 74372|1228, 74372|1251, 74340|1254, 74340|1263, 74372|1264, 74372|1273, 74340|1275, 74340|1478, 74372|1480, 74372|1499, 74340|1502, 74340|1788, 75360|1789, 75360|1799, 75392|1804, 74372|1848, long_swipe, 
74372|1, 74372|29, 74340|30, 74340|161, 74372|169, 74372|201, 74340|202, 74340|348, 75360|349, 75360|353, 76380|355, 76380|370, 74340|372, 74340|538, 74372|539, 74372|570, 74340|571, 74340|584, 74372|585, 74372|610, 74340|611, 74340|708, 74372|710, 74372|718, 75392|719, 75392|732, 76380|733, 76380|758, 74340|769, 74340|1125, 74372|1126, 74372|1140, 74340|1141, 74340|1155, 74372|1156, 74372|1169, 74340|1171, 74340|1243, 74372|1245, 74372|1258, 74340|1260, 74340|1686, 74372|1687, 74372|1700, 74340|1701, 74340|1717, 74372|1718, 74372|1737, 74340|1738, 74340|1779, 74372|1780, 74372|1804, 75392|1805, 75392|1807, 75360|1808, 75360|1818, 74340|1823, 74340|1848, tap_shift, 
74340|1, 74340|341, 75360|342, 75360|347, 76380|349, 76380|364, 74340|366, 74340|400, 74372|401, 74372|423, 74340|424, 74340|436, 74372|437, 74372|457, 74340|458, 74340|468, 74372|469, 74372|505, 74340|506, 74340|763, 75360|764, 75360|766, 76380|767, 76380|789, 74340|791, 74340|967, 74372|970, 74372|981, 74340|982, 74340|997, 74372|999, 74372|1013, 74340|1014, 74340|1030, 74372|1031, 74372|1058, 74340|1060, 74340|1528, 74372|1529, 74372|1543, 74340|1544, 74340|1564, 74372|1566, 74372|1571, 74404|1572, 74404|1593, 74372|1594, 74372|1606, 74340|1609, 74340|1804, 75360|1808, 75360|1859, tap_shift, 
75360|1, 74340|3, 74340|73, 75360|75, 75360|135, 74340|138, 74340|239, 74372|250, 74372|268, 74340|270, 74340|272, 74404|279, 74404|309, 74372|310, 74372|330, 74340|331, 74340|540, 75360|541, 75360|643, 76380|646, 76380|683, 74340|686, 74340|819, 74372|820, 74372|829, 74404|830, 74404|878, 74340|880, 74340|889, 74372|891, 74372|920, 74340|921, 74340|1385, 74372|1386, 74372|1424, 74340|1426, 74340|1430, 74372|1431, 74372|1466, 74340|1468, 74340|1480, 74372|1482, 74372|1516, 74340|1517, 74340|1834, 75360|1843, 75360|1899, short_swipe, 
75360|1, 74340|2, 74340|32, 74372|34, 74372|59, 74340|60, 74340|128, 74372|129, 74372|159, 74340|160, 74340|177, 74372|178, 74372|201, 74340|202, 74340|396, 75360|397, 75360|563, 75392|570, 75392|601, 75360|604, 75360|708, 75392|731, 76412|736, 76412|755, 74372|758, 74372|765, 74340|770, 74340|785, 74372|790, 74372|797, 74340|802, 74340|1120, 74372|1127, 74372|1141, 74340|1142, 74340|1318, 74372|1319, 74372|1333, 74340|1334, 74340|1354, 74372|1355, 74372|1371, 74340|1372, 74340|1652, 74372|1653, 74372|1680, 74340|1682, 74340|1799, 75360|1801, 74340|1859, long_swipe, 
74340|1, 74340|32, 74372|32, 74372|59, 74340|60, 74340|68, 74372|78, 74372|99, 74340|100, 74340|329, 74372|330, 74372|348, 75392|366, 75392|372, 75360|382, 75360|609, 75392|614, 75392|632, 75360|634, 75360|651, 75392|654, 75392|680, 76412|687, 76412|710, 76380|712, 76380|724, 74340|727, 74340|880, 74372|882, 74372|894, 74340|895, 74340|1211, 74372|1213, 74372|1235, 74340|1236, 74340|1252, 74372|1253, 74372|1268, 74340|1269, 74340|1412, 74372|1413, 74372|1432, 74340|1433, 74340|1774, 75360|1775, 75360|1787, 75392|1788, 75392|1817, long_swipe, 
75392|1, 74340|5, 74340|26, 74372|27, 74372|53, 74340|54, 74340|130, 74372|132, 74372|168, 74340|169, 74340|372, 75360|373, 75360|563, 75392|564, 75392|587, 75360|595, 75360|599, 75392|607, 75392|647, 75360|649, 75360|681, 76412|685, 76412|718, 74372|720, 74372|721, 74340|727, 74340|1159, 74372|1161, 74372|1176, 74340|1177, 74340|1192, 74372|1194, 74372|1202, 74340|1203, 74340|1238, 74372|1239, 74372|1253, 74340|1254, 74340|1726, 74372|1727, 74372|1741, 74340|1742, 74340|1757, 74372|1759, 74372|1770, 74404|1779, 74372|1781, 74372|1790, 74340|1792, 74340|1812, 75360|1813, 75360|1852, long_swipe, 
75360|1, 74340|3, 74340|365, 75360|366, 75360|441, 75392|446, 75392|467, 75424|474, 75424|514, 75360|516, 75360|533, 75392|534, 75392|559, 75360|564, 75360|679, 76380|680, 76380|718, 74340|720, 74340|1039, 74372|1040, 74372|1070, 74404|1071, 74404|1073, 74372|1074, 74372|1088, 74340|1090, 74340|1099, 74372|1100, 74372|1114, 74340|1114, 74340|1581, 74372|1583, 74372|1602, 74340|1603, 74340|1632, 74372|1634, 74372|1646, 74340|1647, 74340|1660, 74372|1662, 74372|1676, 74340|1677, 74340|1820, 75360|1823, 75360|1847, long_swipe, 
75360|1, 75360|6, 74340|7, 74340|270, 74372|271, 74372|306, 74340|307, 74340|345, 74372|348, 74372|369, 74340|371, 74340|386, 74372|387, 74372|413, 74340|414, 74340|422, 75360|425, 75360|507, 76380|508, 76380|542, 74340|545, 74340|775, 75360|776, 75360|806, 74372|814, 74372|851, 74340|852, 74340|923, 74372|925, 74372|948, 74340|949, 74340|954, 74372|955, 74372|969, 74340|971, 74340|1372, 74372|1373, 74372|1393, 74340|1394, 74340|1484, 74372|1485, 74372|1499, 74340|1500, 74340|1515, 74372|1525, 74372|1529, 74340|1530, 74340|1836, 75360|1837, 75360|1869, short_swipe, 
75360|1, 74340|3, 74340|34, 74372|36, 74372|67, 74340|68, 74340|182, 74372|183, 74372|208, 74340|209, 74340|223, 74372|224, 74372|248, 74340|249, 74340|408, 75360|410, 75360|596, 75392|596, 75392|608, 75360|612, 75360|760, 75392|762, 75392|774, 75360|778, 75360|795, 75392|796, 75392|817, 75360|819, 75360|963, 76380|968, 76380|987, 74340|989, 74340|1132, 74372|1133, 74372|1144, 74340|1146, 74340|1341, 74372|1342, 74372|1355, 74340|1356, 74340|1376, 74372|1377, 74372|1392, 74340|1393, 74340|1662, 74372|1663, 74372|1691, 74340|1693, 74340|1836, 75360|1838, 75360|1900, long_press_character, 
75360|1, 74340|3, 74340|9, 74372|11, 74372|34, 74340|35, 74340|58, 74372|70, 74372|74, 74340|84, 74340|304, 74372|305, 74372|348, 74340|349, 74340|350, 75360|351, 75360|357, 76380|360, 76380|385, 74340|387, 74340|590, 74372|591, 74372|619, 74340|620, 74340|631, 74372|632, 74372|656, 74340|657, 74340|809, 75360|811, 75360|816, 76380|818, 76380|840, 75360|841, 74340|842, 74340|878, 74372|879, 74372|901, 74340|902, 74340|1172, 74372|1174, 74372|1186, 74340|1188, 74340|1207, 74372|1219, 74372|1222, 74340|1222, 74340|1409, 74372|1410, 74372|1431, 74340|1433, 74340|1743, 74372|1744, 74372|1753, 74340|1755, 74340|1773, 74372|1774, 74372|1789, 75392|1790, 75392|1798, 74340|1801, 74340|1857, tap_shift, 
74340|1, 74340|84, 74372|85, 74372|114, 74340|116, 74340|345, 75360|346, 75360|438, 76380|440, 76380|463, 75392|468, 74372|470, 74372|486, 74340|490, 74340|499, 74372|503, 74372|528, 74340|532, 74340|626, 74372|627, 74372|640, 74340|642, 74340|1035, 74372|1037, 74372|1051, 74340|1053, 74340|1067, 74372|1069, 74372|1082, 74340|1083, 74340|1156, 74372|1158, 74372|1182, 74340|1183, 74340|1597, 74372|1598, 74372|1617, 74340|1618, 74340|1634, 74372|1636, 74372|1651, 74340|1652, 74340|1687, 74372|1688, 74372|1709, 74340|1710, 74340|1761, 75360|1764, 75360|1818, short_swipe, 
75360|1, 74340|3, 74340|340, 75360|341, 75360|351, 75392|352, 75392|368, 75360|369, 75360|387, 75392|389, 75392|423, 75360|424, 75360|910, 76380|911, 76380|925, 76412|928, 76412|937, 76444|939, 76444|944, 74404|955, 74404|984, 74372|985, 74372|991, 74340|993, 74340|1484, 74372|1486, 74372|1498, 74340|1499, 74340|1510, 74372|1512, 74372|1526, 74340|1528, 74340|1545, 74372|1547, 74372|1561, 74340|1562, 74340|1796, 75360|1798, 75360|1808, 74340|1810, 74340|1865, long_press_character, 
74340|1, 74340|155, 74372|157, 74372|186, 74340|189, 74340|218, 74372|220, 74372|257, 74340|258, 74340|288, 74372|289, 74372|306, 74340|308, 74340|392, 75360|396, 75360|692, 75392|701, 75392|717, 76412|724, 76412|740, 74340|745, 74340|824, 74372|828, 74372|842, 74340|845, 74340|855, 74372|856, 74372|872, 74340|873, 74340|1248, 74372|1250, 74372|1281, 74340|1285, 74340|1396, 74372|1398, 74372|1421, 74340|1423, 74340|1438, 74372|1440, 74372|1453, 74340|1454, 74340|1471, 75360|1473, 75360|1516, 74340|1518, 74340|1767, 75360|1768, 75360|1780, 74340|1782, 74372|1852, long_swipe, 
74372|1, 74340|4, 74340|122, 74372|124, 74372|154, 74340|155, 74340|166, 74372|168, 74372|190, 74340|191, 74340|373, 76380|374, 76380|383, 74340|385, 74340|509, 74372|510, 74372|535, 74340|537, 74340|707, 74372|709, 74372|730, 74340|732, 74340|748, 74372|750, 74372|752, 75392|754, 75392|766, 75360|770, 76380|771, 76380|790, 74340|793, 74340|1050, 74372|1051, 74372|1072, 74340|1073, 74340|1285, 74372|1286, 74372|1300, 74340|1301, 74340|1315, 74372|1317, 74372|1335, 74340|1336, 74340|1586, 74372|1587, 74372|1609, 74340|1610, 74340|1745, 75360|1746, 74340|1797, tap_regular_character, 
74340|1, 74340|50, 74372|52, 74372|69, 74340|70, 74340|94, 74372|95, 74372|105, 74340|106, 74340|326, 74372|327, 74372|356, 74340|357, 74340|368, 75360|370, 75360|375, 76380|377, 76380|390, 74340|392, 74340|612, 74372|613, 74372|634, 74340|639, 74340|657, 74372|658, 74372|691, 74340|692, 74340|758, 75360|759, 75360|775, 76380|776, 76380|798, 74340|799, 74340|867, 74372|868, 74372|879, 74340|881, 74340|1198, 74372|1206, 74372|1208, 74340|1209, 74340|1224, 74372|1225, 74372|1239, 74340|1240, 74340|1403, 74372|1404, 74372|1423, 74340|1425, 74340|1763, 74372|1765, 74372|1770, 74340|1772, 74340|1790, 74372|1792, 74372|1813, 75392|1815, 75392|1821, 74372|1828, 74340|1851, tap_regular_character, 
74340|1, 74340|83, 74372|88, 74372|124, 74340|126, 74340|370, 75360|373, 75360|505, 75392|506, 75392|514, 75360|516, 75360|541, 75392|542, 75392|551, 75360|552, 75360|644, 75392|644, 75392|658, 75360|659, 75360|934, 76380|935, 76380|951, 74340|955, 74340|1077, 74372|1079, 74372|1087, 74340|1089, 74340|1107, 74372|1109, 74372|1132, 74340|1133, 74340|1179, 74372|1181, 74372|1192, 74340|1194, 74340|1643, 74372|1645, 74372|1659, 74340|1660, 74340|1679, 74372|1680, 74372|1707, 74340|1712, 74340|1716, 74372|1717, 74372|1744, 74340|1747, 74340|1799, 75360|1801, 75360|1815, 74340|1818, 74340|1840, long_press_character, 
74340|1, 74340|365, 75360|371, 75360|374, 75392|376, 75392|378, 76412|379, 76412|403, 74372|405, 74372|442, 74404|443, 74404|451, 74372|452, 74372|463, 74340|464, 74340|788, 75360|789, 75360|793, 76380|794, 76380|807, 74340|808, 74340|957, 74372|959, 74372|972, 74404|973, 74404|991, 74340|992, 74340|1002, 74372|1003, 74372|1016, 74340|1017, 74340|1488, 74372|1490, 74372|1510, 74340|1511, 74340|1533, 74372|1536, 74372|1554, 74340|1555, 74340|1565, 74372|1567, 74372|1577, 74340|1578, 74340|1809, 75360|1811, 75360|1844, tap_regular_character, 
75360|1, 74340|4, 74340|182, 74372|183, 74372|213, 74340|214, 74340|257, 74372|258, 74372|293, 74340|294, 74340|312, 74372|318, 74372|340, 74340|342, 74340|426, 75360|432, 75360|723, 75392|727, 75392|751, 76412|752, 76412|787, 74340|792, 74340|859, 74372|861, 74372|878, 74340|879, 74340|893, 74372|894, 74372|909, 74340|910, 74340|1310, 74372|1311, 74372|1341, 74340|1342, 74340|1425, 74372|1426, 74372|1439, 74340|1440, 74340|1460, 74372|1461, 74372|1475, 74340|1476, 74340|1856, long_swipe, 
74340|1, 74340|144, 74372|147, 74372|179, 74340|181, 74340|202, 74372|203, 74372|228, 74340|229, 74340|360, 75360|364, 75360|429, 76380|431, 76380|464, 75360|466, 75360|527, 75392|528, 75392|542, 75360|543, 75360|743, 75392|744, 75392|753, 75360|754, 75360|778, 75392|779, 75392|789, 75360|790, 75360|919, 76380|921, 76380|927, 74340|929, 74340|1057, 74372|1058, 74372|1078, 74340|1079, 74340|1309, 74372|1311, 74372|1327, 74340|1329, 74340|1339, 74372|1341, 74372|1356, 74340|1357, 74340|1593, 74372|1594, 74372|1605, 74340|1607, 74340|1789, 75360|1790, 75360|1799, 74340|1801, 74340|1847, long_press_character, 
74340|1, 74340|29, 74372|39, 74372|70, 74340|73, 74340|89, 74372|90, 74372|116, 74340|117, 74340|282, 74372|284, 74372|306, 74340|307, 74340|388, 75360|389, 75360|391, 76380|394, 76380|416, 74340|425, 74340|625, 74372|626, 74372|653, 74340|654, 74340|659, 74372|662, 74372|692, 74340|693, 74340|792, 75360|793, 75360|798, 76380|799, 76380|817, 76412|821, 76412|829, 74372|831, 74372|844, 74340|845, 74340|1203, 74372|1204, 74372|1222, 74340|1223, 74340|1233, 74372|1234, 74372|1249, 74340|1252, 74340|1370, 74372|1383, 74372|1391, 74340|1394, 74340|1768, 74372|1769, 74372|1785, 75392|1790, 75360|1791, 75360|1797, 74340|1798, 74340|1849, tap_shift, 
74340|1, 74340|65, 74372|74, 74340|75, 74340|328, 75360|330, 75360|537, 75392|538, 75392|547, 75360|548, 75360|593, 75392|594, 75392|613, 75360|615, 75360|899, 76380|901, 76380|910, 74340|912, 74340|1073, 74372|1075, 74372|1089, 74340|1090, 74340|1105, 74372|1106, 74372|1128, 74340|1130, 74372|1136, 74372|1153, 74340|1156, 74340|1634, 74372|1636, 74372|1666, 74404|1668, 74404|1705, 74372|1707, 74340|1708, 74340|1784, 75360|1786, 75360|1831, long_press_character, 
75360|1, 74340|3, 74340|349, 75360|350, 75360|388, 75392|389, 75392|402, 75424|404, 75424|447, 75392|452, 75360|454, 75360|471, 75392|476, 75392|520, 75360|521, 75360|667, 76380|668, 76380|710, 74340|713, 74340|969, 74372|970, 74372|990, 74340|991, 74340|1029, 74372|1031, 74372|1045, 74340|1046, 74340|1061, 74372|1063, 74372|1089, 74340|1091, 74340|1499, 74372|1500, 74372|1521, 74340|1525, 74340|1591, 74372|1592, 74372|1606, 74340|1607, 74340|1621, 74372|1622, 74372|1636, 74340|1640, 74340|1822, 75360|1825, 74340|1826, 74340|1869, long_swipe, 
74340|1, 74340|161, 74372|164, 74372|206, 74340|207, 74340|285, 74372|286, 74372|316, 74340|317, 74340|325, 74372|326, 74372|346, 74340|347, 74340|366, 75360|370, 75360|707, 76380|708, 76380|714, 76412|727, 74372|728, 74372|753, 74340|756, 74340|871, 74372|872, 74372|885, 74340|886, 74340|901, 74372|902, 74372|925, 74340|933, 74340|1284, 74372|1285, 74372|1309, 74340|1310, 74340|1438, 74372|1439, 74372|1463, 74340|1464, 74340|1473, 74372|1474, 74372|1487, 74340|1488, 74340|1790, 75360|1793, 75360|1831, long_swipe, 
75360|1, 74372|3, 74372|33, 74340|35, 74340|179, 74372|180, 74372|208, 74340|209, 74340|224, 74372|225, 74372|240, 74340|240, 74340|383, 75360|384, 75360|388, 76380|393, 76380|409, 74340|412, 74340|541, 74372|542, 74372|565, 74340|566, 74340|755, 74372|756, 74372|781, 75360|782, 76380|783, 76380|788, 76412|796, 76412|816, 74372|817, 74372|818, 74340|819, 74340|1081, 74372|1083, 74372|1105, 74340|1107, 74340|1212, 75360|1214, 75360|1246, 74340|1249, 74340|1338, 74372|1343, 74372|1347, 74340|1349, 74340|1374, 74372|1375, 74372|1389, 74340|1390, 74340|1617, 74372|1618, 74372|1647, 74340|1649, 74340|1816, 75360|1817, 74340|1862, tap_regular_character, 
74340|1, 74340|48, 74372|50, 74372|72, 74340|73, 74340|84, 74372|86, 74372|104, 74340|105, 74340|297, 74372|298, 74372|322, 74340|336, 74340|381, 75360|382, 75360|630, 75392|631, 75392|642, 75360|643, 75360|661, 75392|662, 75392|671, 75360|672, 75360|845, 75392|846, 75392|867, 75360|868, 75360|940, 76380|941, 76380|954, 74340|955, 74340|1191, 74372|1193, 74372|1210, 74340|1211, 74340|1222, 74372|1223, 74372|1237, 74340|1238, 74340|1381, 74372|1383, 74372|1411, 74340|1416, 74340|1753, 74372|1754, 74372|1768, 74340|1770, 74340|1789, 74372|1790, 74372|1806, 75392|1807, 75392|1873, long_press_character, 
75392|1, 74340|5, 74340|307, 75360|312, 76380|314, 76380|327, 74340|330, 74340|482, 74372|483, 74372|502, 74340|505, 74340|523, 74372|524, 74372|561, 74340|562, 74340|590, 74372|596, 74372|622, 74340|625, 74340|717, 75360|719, 75360|723, 76380|724, 76380|751, 74340|753, 74340|1069, 74372|1070, 74372|1088, 74340|1090, 74340|1104, 74372|1106, 74372|1120, 74340|1122, 74340|1136, 74372|1137, 74372|1157, 74340|1158, 74340|1640, 74372|1641, 74372|1664, 74340|1668, 74372|1670, 74372|1671, 74404|1672, 74404|1692, 74372|1694, 74372|1701, 74340|1702, 74340|1766, 75360|1767, 75360|1793, tap_regular_character, 
75360|1, 74340|8, 74340|420, 74372|421, 74372|448, 76444|449, 76444|458, 76412|459, 76412|468, 74404|471, 74372|477, 74372|494, 74340|495, 74340|822, 75360|825, 75360|828, 76380|829, 76380|846, 74340|852, 74340|996, 74372|997, 74372|1002, 74404|1004, 74404|1019, 74372|1020, 74372|1021, 74340|1022, 74340|1034, 74372|1035, 74372|1053, 74340|1054, 74340|1526, 74372|1528, 74372|1549, 74340|1550, 74340|1569, 74372|1570, 74372|1584, 74340|1585, 74340|1605, 74372|1606, 74372|1625, 74340|1626, 74340|1827, 75360|1830, 75360|1836, 74340|1839, 74340|1869, tap_regular_character, 
74340|1, 74340|193, 74372|195, 74372|213, 74340|214, 74340|274, 74372|276, 74372|303, 74340|304, 74340|319, 74372|319, 74372|340, 74340|341, 74340|375, 75360|376, 75360|475, 76380|478, 76380|507, 74340|508, 74340|720, 74372|721, 74372|747, 74340|748, 74340|854, 74372|855, 74372|869, 74340|870, 74340|890, 74372|892, 74372|900, 74340|901, 74340|1256, 74372|1257, 74372|1284, 74340|1288, 74340|1421, 74372|1423, 74372|1436, 74340|1437, 74340|1451, 74372|1453, 74372|1466, 74340|1467, 74340|1791, 74372|1793, 74372|1803, 75392|1806, 75392|1855, short_swipe, 
75392|1, 74340|5, 74340|131, 74372|133, 74372|169, 74340|171, 74340|173, 74372|175, 74372|197, 74340|198, 74340|410, 75360|414, 75360|417, 76380|419, 76380|438, 74340|440, 74340|498, 74372|501, 74372|524, 74340|525, 74340|715, 74372|716, 74372|740, 74340|742, 74340|748, 74372|759, 74372|779, 74340|780, 74340|806, 75360|811, 76380|813, 76380|838, 74340|839, 74340|1045, 74372|1046, 74372|1058, 74340|1059, 74340|1291, 74372|1293, 74372|1307, 74340|1308, 74340|1322, 74372|1324, 74372|1347, 74340|1351, 74340|1574, 74372|1577, 74372|1602, 74340|1603, 74340|1798, 75360|1800, 74340|1863, tap_shift, 
74340|1, 74372|3, 74372|18, 74340|22, 74340|27, 74372|28, 74372|50, 74340|51, 74340|104, 75360|105, 75360|162, 74340|163, 74340|244, 74372|246, 74372|269, 74340|270, 74340|428, 75360|430, 75360|437, 76380|441, 76380|460, 74340|463, 74340|570, 74372|572, 74372|599, 74340|600, 74340|608, 74372|609, 74372|639, 74340|640, 74340|774, 74372|775, 74372|803, 74340|805, 74340|830, 75360|832, 76380|838, 76380|853, 74340|856, 74340|1143, 74372|1145, 74372|1161, 74340|1162, 74340|1179, 74372|1180, 74372|1203, 74340|1204, 74340|1316, 74372|1318, 74372|1345, 74340|1346, 74340|1710, 74372|1712, 74372|1729, 74340|1730, 74340|1742, 74372|1747, 74372|1758, 74340|1759, 74340|1778, 75360|1779, 75360|1808, tap_regular_character, 
75360|1, 75360|9, 74340|12, 74340|65, 74372|66, 74372|89, 74340|92, 74340|463, 75360|465, 75360|471, 75392|473, 75392|484, 75360|485, 75360|508, 75392|519, 75392|551, 76412|555, 76412|571, 76380|581, 74340|583, 74340|602, 74372|605, 74372|646, 74340|648, 74340|1099, 74372|1100, 74372|1109, 74340|1111, 74340|1129, 74372|1130, 74372|1148, 74340|1150, 74340|1162, 74372|1164, 74372|1180, 74340|1181, 74340|1660, 74372|1662, 74372|1676, 74340|1677, 74340|1687, 74372|1688, 74372|1690, 74404|1691, 74404|1722, 74372|1723, 74372|1726, 74340|1728, 74340|1873, short_swipe, 
74340|1, 74340|333, 75360|339, 75360|373, 75392|374, 75424|376, 75424|401, 75392|408, 75360|420, 76412|440, 76412|460, 74340|466, 74340|913, 74372|914, 74372|935, 74356|936, 74340|938, 74340|982, 74372|984, 74372|1000, 74340|1002, 74340|1018, 74372|1019, 74372|1032, 74340|1033, 74340|1449, 74372|1450, 74372|1470, 74340|1472, 74340|1553, 74372|1555, 74372|1573, 74340|1578, 74340|1594, 74372|1596, 74372|1615, 74340|1616, 74340|1803, 75360|1810, 74340|1820, 74340|1859, short_swipe, 
74340|1, 74340|129, 74372|131, 74372|171, 74340|172, 74340|267, 74372|268, 74372|290, 74340|292, 74340|312, 74372|314, 74372|345, 74340|347, 74340|645, 75360|653, 75360|692, 75392|694, 75392|709, 75360|710, 75360|851, 75392|853, 75392|873, 75360|875, 75360|890, 75392|891, 75392|907, 75360|908, 75360|1200, 76380|1201, 76380|1219, 74340|1226, 74372|1227, 74372|1247, 74340|1252, 74340|1420, 74372|1422, 74372|1436, 74340|1438, 74340|1450, 74372|1452, 74372|1466, 74340|1468, 74340|1754, 74372|1755, 74372|1790, 75392|1797, 75392|1809, 74340|1810, 74340|1838, long_press_character, 
74340|1, 74340|145, 74372|146, 74372|165, 74340|166, 74340|173, 74372|184, 74372|205, 74340|206, 74340|368, 75360|370, 75360|373, 76380|375, 76380|394, 74340|398, 74340|474, 74372|475, 74372|506, 74340|507, 74340|711, 74372|712, 74372|736, 74340|737, 74340|748, 74372|749, 74372|763, 75392|764, 75392|769, 76380|770, 76380|791, 74340|792, 74340|1009, 74372|1011, 74372|1031, 74340|1033, 74340|1284, 74372|1286, 74372|1300, 74340|1302, 74340|1324, 74372|1325, 74372|1348, 74340|1349, 74340|1542, 74372|1544, 74372|1556, 74340|1558, 74340|1815, 75360|1817, 75360|1871, tap_regular_character, 
75360|1, 74372|5, 74372|18, 74340|19, 74340|26, 74372|27, 74372|52, 74340|54, 74340|201, 74372|202, 74372|234, 74340|235, 74340|357, 75360|359, 75360|562, 75392|563, 75392|571, 75360|572, 75360|597, 75392|598, 75392|606, 75360|607, 75360|746, 75392|747, 75392|760, 75360|762, 75360|850, 76380|851, 76380|880, 75360|881, 75360|914, 76380|915, 76380|929, 74340|931, 74340|1132, 74372|1134, 74372|1142, 74340|1143, 74340|1169, 74372|1170, 74372|1184, 74340|1185, 74340|1282, 74372|1283, 74372|1296, 74340|1297, 74340|1699, 74372|1700, 74372|1711, 74340|1715, 74340|1734, 74372|1735, 74372|1744, 74340|1746, 74340|1787, 75360|1788, 75360|1813, long_press_character, 
75360|1, 74340|13, 74372|20, 74372|29, 74340|37, 74340|388, 75360|390, 75360|398, 76380|399, 76380|418, 74340|420, 74340|453, 74372|454, 74372|511, 74340|512, 74340|519, 74372|520, 74372|536, 74404|537, 74404|549, 74372|550, 74372|562, 74340|567, 74340|806, 75360|807, 75360|811, 76380|812, 76380|833, 74340|835, 74340|1056, 74372|1058, 74372|1069, 74404|1071, 74404|1082, 74372|1083, 74372|1086, 74404|1088, 74404|1105, 74372|1110, 74372|1118, 74340|1119, 74340|1622, 74372|1623, 74372|1629, 74404|1631, 74404|1666, 74340|1667, 74340|1680, 74372|1681, 74372|1698, 74340|1699, 74340|1815, 75360|1819, 75360|1856, tap_regular_character, 
75360|1, 74340|3, 74340|337, 74372|338, 74372|360, 76444|362, 76444|386, 74372|389, 74372|408, 74340|413, 74340|424, 74372|426, 74372|461, 74340|462, 74340|747, 75360|748, 75360|751, 76380|752, 76380|771, 74340|773, 74340|898, 74372|900, 74372|915, 74340|920, 74340|970, 74372|971, 74372|988, 74340|989, 74340|1006, 74372|1008, 74372|1023, 74340|1024, 74340|1428, 74372|1429, 74372|1449, 74340|1450, 74340|1541, 74372|1542, 74372|1564, 74340|1564, 74340|1572, 74372|1573, 74372|1588, 74340|1589, 74340|1797, 75360|1799, 75360|1810, 74340|1811, 74340|1837, tap_shift, 
74340|1, 74340|128, 74372|129, 74372|172, 74340|173, 74340|272, 74372|273, 74372|289, 74340|298, 74340|312, 74372|313, 74372|340, 74340|341, 74340|393, 75360|397, 75360|694, 75392|696, 75392|711, 75360|712, 75360|851, 75392|852, 75392|859, 75360|860, 75360|883, 75392|885, 75392|900, 75360|902, 75360|952, 76380|953, 76380|972, 75360|974, 74340|978, 74340|1231, 74372|1232, 74372|1256, 74340|1257, 74340|1421, 74372|1422, 74372|1438, 74340|1439, 74340|1460, 74372|1461, 74372|1476, 74340|1477, 74340|1761, 74372|1763, 74372|1791, 74340|1793, 74340|1804, 75360|1806, 75360|1819, 74340|1820, 74340|1838, long_press_character, 
74340|1, 74340|159, 74372|160, 74372|198, 74340|200, 74340|215, 74372|216, 74372|238, 74340|239, 74340|429, 75360|434, 75360|481, 75392|483, 75392|529, 76412|536, 76412|562, 76380|569, 74340|571, 74340|745, 74372|746, 74372|761, 74340|762, 74340|776, 74372|777, 74372|793, 74340|796, 74340|1067, 74372|1069, 74372|1089, 74340|1090, 74340|1312, 74372|1313, 74372|1327, 74340|1328, 74340|1348, 74372|1354, 74372|1365, 74340|1366, 74340|1603, 74372|1605, 74372|1617, 74340|1619, 74340|1810, 75360|1813, 75360|1822, 74340|1826, 74340|1854, short_swipe, 
74340|1, 74340|31, 74372|32, 74372|51, 74340|52, 74340|67, 74372|68, 74372|89, 74340|90, 74340|285, 74372|286, 74372|316, 74340|323, 74340|373, 75360|374, 75360|378, 76380|378, 76380|401, 74340|402, 74340|611, 74372|613, 74372|641, 74340|643, 74340|653, 74372|654, 74372|677, 74340|678, 74340|782, 75360|783, 75360|787, 76380|788, 76380|806, 74340|807, 74340|826, 74372|827, 74372|841, 74340|843, 74340|1184, 74372|1185, 74372|1201, 74340|1202, 74340|1220, 74372|1221, 74372|1236, 74340|1237, 74340|1357, 74372|1358, 74372|1377, 74340|1379, 74340|1652, 75360|1654, 75360|1700, 74340|1701, 74340|1751, 74372|1752, 74372|1764, 74340|1765, 74340|1786, 74372|1787, 74372|1810, 75360|1812, 75360|1817, 74340|1819, 74340|1844, tap_shift, 
74340|1, 74340|47, 74372|49, 74372|85, 74340|87, 74340|382, 75360|383, 75360|392, 76380|394, 76380|407, 74340|408, 74340|474, 74372|475, 74372|497, 74340|498, 74340|508, 74372|509, 74372|537, 74340|538, 74340|611, 74372|612, 74372|640, 74340|641, 74340|789, 75360|790, 75360|796, 76380|800, 76380|825, 74340|827, 74340|1049, 74372|1051, 74372|1059, 74340|1061, 74340|1086, 74372|1087, 74372|1108, 74340|1113, 74340|1151, 74372|1152, 74372|1178, 74340|1184, 74340|1615, 74372|1617, 74372|1631, 74340|1632, 74340|1647, 74372|1648, 74372|1661, 74340|1664, 74340|1687, 74372|1689, 74372|1714, 74340|1715, 74340|1796, 75360|1797, 75360|1842, tap_shift, 
75360|1, 74340|3, 74340|329, 75360|330, 75360|341, 75392|342, 75392|357, 75360|358, 75360|376, 75392|386, 75424|389, 75424|420, 75392|422, 75392|429, 76412|430, 76412|455, 76380|458, 74340|463, 74340|938, 74372|940, 74372|955, 74340|964, 74340|980, 74372|981, 74372|994, 74340|996, 74340|1015, 74372|1016, 74372|1029, 74340|1031, 74340|1470, 74372|1472, 74372|1490, 74340|1491, 74340|1550, 74372|1552, 74372|1560, 74340|1561, 74340|1585, 74372|1587, 74372|1607, 74340|1608, 74340|1799, 75360|1801, 75360|1836, short_swipe, 
75360|1, 74340|3, 74340|165, 74372|166, 74372|191, 74340|201, 74340|286, 74372|287, 74372|303, 74340|305, 74340|322, 74372|324, 74372|348, 74340|352, 74340|375, 75360|377, 75360|695, 76380|708, 76412|713, 74372|720, 74372|746, 74340|747, 74340|858, 74372|859, 74372|872, 74340|873, 74340|889, 74372|890, 74372|903, 74340|905, 74340|1272, 74372|1273, 74372|1299, 74340|1300, 74340|1420, 74372|1421, 74372|1435, 74340|1436, 74340|1450, 74372|1451, 74372|1469, 74340|1474, 74340|1804, 75392|1817, 74372|1824, 74372|1844, long_swipe, 
74372|1, 74340|3, 74340|143, 74372|145, 74372|170, 74340|171, 74340|184, 74372|186, 74372|216, 74340|217, 74340|361, 75360|363, 75360|521, 75392|522, 75392|535, 75360|536, 75360|724, 75392|725, 75392|735, 75360|736, 75360|760, 75392|762, 75392|770, 75360|771, 75360|916, 76380|919, 76380|925, 74340|927, 74340|1059, 74372|1060, 74372|1074, 74340|1075, 74340|1291, 74372|1292, 74372|1312, 74340|1314, 74340|1321, 74372|1331, 74372|1340, 74340|1342, 74340|1588, 74372|1590, 74372|1609, 74340|1610, 74340|1802, 75360|1804, 75360|1812, 74340|1817, long_press_character, 
