12140|1, 12168|5, 12168|263, 12196|265, 12196|287, 12296|288, 12296|335, 12396|337, 12396|353, 12348|354, 12348|366, 12248|367, 12248|369, 12148|370, 12104|372, 12104|394, 12204|395, 12204|421, 12216|425, 12216|712, 12316|713, 12316|739, 12328|742, 12328|760, 12228|766, 12128|769, 12088|771, 12088|775, 12116|778, 12116|1414, 12136|1416, 12136|1428, 12104|1429, 12104|1465, 12116|1469, 12116|1778, 12152|1791, 12152|1830, tap_regular_character, 
12152|1, 12088|13, 12088|17, 12188|18, 12188|189, 12192|191, 12192|307, 12292|308, 12292|333, 12328|342, 12328|373, 12360|376, 12360|386, 12260|387, 12260|390, 12160|395, 12116|401, 12116|423, 12216|424, 12216|734, 12316|735, 12316|774, 12364|776, 12364|786, 12368|789, 12368|799, 12268|801, 12268|807, 12116|818, 12116|1233, 12088|1235, 12088|1247, 12116|1249, 12116|1796, 12120|1799, 12148|1840, tap_shift, 
12148|1, 12148|285, 12248|286, 12248|327, 12348|327, 12348|356, 12360|357, 12360|475, 12260|477, 12260|490, 12160|491, 12160|497, 12116|505, 12116|1001, 12100|1002, 12100|1046, 12116|1048, 12116|1832, short_swipe, 
12116|1, 12116|7, 12216|8, 12216|286, 12316|287, 12316|375, 12216|377, 12216|380, 12160|400, 12144|402, 12144|458, 12132|460, 12132|753, 12232|755, 12232|789, 12332|794, 12332|822, 12364|823, 12364|844, 12264|845, 12264|855, 12164|856, 12164|874, 12116|876, 12116|1500, 12128|1510, 12128|1512, 12116|1513, 12116|1812, 12096|1819, 12096|1846, tap_shift, 
12096|1, 12124|9, 12124|21, 12128|22, 12128|46, 12192|47, 12192|323, 12292|325, 12292|365, 12392|366, 12392|389, 12384|390, 12384|495, 12284|496, 12284|503, 12144|507, 12144|576, 12116|579, 12116|659, 12084|661, 12084|729, 12116|733, 12116|771, 12088|772, 12088|903, 12116|906, 12116|1849, short_swipe, 
12116|1, 12116|13, 12216|15, 12216|334, 12316|335, 12316|363, 12332|364, 12332|520, 12360|525, 12360|604, 12388|617, 12388|714, 12288|718, 12288|724, 12144|730, 12144|757, 12116|761, 12116|1791, 12152|1792, 12152|1849, long_swipe, 
12152|1, 12152|178, 12252|179, 12252|203, 12152|204, 12152|284, 12168|286, 12168|289, 12268|289, 12268|331, 12368|332, 12368|355, 12364|357, 12364|368, 12264|368, 12264|372, 12164|374, 12116|376, 12116|401, 12216|401, 12216|657, 12316|658, 12316|698, 12416|699, 12416|747, 12364|749, 12364|754, 12264|755, 12264|758, 12164|759, 12164|760, 12116|771, 12116|1789, 12216|1790, 12216|1820, 12116|1825, 12116|1848, tap_shift, 
12116|1, 12116|7, 12216|12, 12216|305, 12316|306, 12316|358, 12216|360, 12216|366, 12116|367, 12116|391, 12216|392, 12216|720, 12316|721, 12316|788, 12216|788, 12216|791, 12116|792, 12116|1032, 12144|1033, 12144|1060, 12116|1061, 12116|1579, 12144|1581, 12144|1618, 12116|1619, 12116|1806, 12148|1810, 12148|1859, tap_shift, 
12148|1, 12164|5, 12164|241, 12264|252, 12264|504, 12244|508, 12244|516, 12344|517, 12344|543, 12356|546, 12356|676, 12256|677, 12256|685, 12116|688, 12116|836, 12216|838, 12216|880, 12116|882, 12116|972, 12144|974, 12144|1019, 12116|1021, 12116|1563, 12144|1565, 12144|1836, 12148|1845, 12148|1860, 12128|1861, 12128|1899, short_swipe, 
12128|1, 12128|30, 12228|35, 12228|367, 12328|368, 12328|403, 12364|405, 12364|752, 12264|753, 12264|757, 12128|759, 12128|767, 12116|772, 12116|1143, 12112|1144, 12112|1171, 12116|1172, 12116|1671, 12092|1673, 12092|1678, 12116|1684, 12116|1855, long_swipe, 
12116|1, 12116|294, 12216|296, 12216|335, 12416|336, 12416|372, 12408|374, 12408|391, 12360|395, 12360|712, 12260|716, 12260|724, 12160|730, 12116|733, 12116|1780, 12152|1781, 12152|1821, long_swipe, 
12152|1, 12104|6, 12104|15, 12204|16, 12204|169, 12104|171, 12104|310, 12204|311, 12204|353, 12304|354, 12276|355, 12276|379, 12304|380, 12304|388, 12364|389, 12364|572, 12380|573, 12380|589, 12364|596, 12364|601, 12392|607, 12392|616, 12380|617, 12380|649, 12360|651, 12360|700, 12260|701, 12260|714, 12160|720, 12160|728, 12112|732, 12112|772, 12116|774, 12116|1820, 12124|1821, 12124|1852, long_swipe, 
12124|1, 12116|5, 12116|12, 12144|13, 12144|18, 12128|22, 12128|291, 12228|292, 12228|332, 12328|334, 12328|364, 12356|368, 12356|448, 12384|450, 12384|469, 12412|476, 12412|516, 12356|517, 12356|691, 12256|694, 12256|701, 12252|711, 12152|720, 12152|739, 12116|744, 12116|1041, 12144|1042, 12144|1090, 12116|1092, 12116|1648, 12088|1649, 12088|1687, 12116|1688, 12116|1822, 12128|1825, 12128|1847, long_swipe, 
12128|1, 12128|7, 12156|9, 12156|38, 12144|40, 12144|272, 12244|273, 12244|319, 12212|320, 12212|347, 12312|350, 12312|426, 12352|428, 12352|523, 12252|525, 12252|539, 12152|541, 12152|544, 12116|546, 12116|776, 12132|778, 12132|795, 12136|796, 12136|853, 12168|854, 12168|882, 12116|883, 12116|938, 12104|940, 12104|950, 12116|951, 12116|1531, 12128|1532, 12128|1560, 12116|1562, 12116|1841, 12152|1843, 12152|1869, short_swipe, 
12152|1, 12116|5, 12116|26, 12216|32, 12216|370, 12316|371, 12316|412, 12356|415, 12356|776, 12328|778, 12356|782, 12356|819, 12352|821, 12352|830, 12356|831, 12356|970, 12256|971, 12256|985, 12156|986, 12156|1041, 12116|1043, 12116|1846, 12124|1847, 12124|1852, 12088|1855, 12088|1900, long_press_character, 
12088|1, 12188|5, 12188|60, 12288|72, 12288|76, 12244|86, 12244|330, 12344|331, 12344|365, 12360|368, 12360|384, 12160|386, 12116|389, 12116|430, 12216|432, 12216|759, 12316|760, 12316|782, 12328|788, 12332|789, 12332|813, 12360|815, 12360|836, 12260|837, 12260|842, 12160|843, 12116|844, 12116|1757, 12144|1759, 12116|1765, 12116|1800, 12088|1802, 12088|1856, tap_shift, 
12088|1, 12144|6, 12144|293, 12244|293, 12244|298, 12292|299, 12292|329, 12392|330, 12392|351, 12364|352, 12364|458, 12264|460, 12264|466, 12164|469, 12164|489, 12116|492, 12116|1161, 12144|1166, 12144|1185, 12116|1186, 12116|1620, 12088|1621, 12088|1634, 12116|1637, 12116|1764, 12152|1766, 12152|1818, short_swipe, 
12152|1, 12180|6, 12180|282, 12280|283, 12280|324, 12380|325, 12380|348, 12360|349, 12360|355, 12388|357, 12388|371, 12360|372, 12360|925, 12260|928, 12260|942, 12160|946, 12060|958, 12060|962, 12160|969, 12160|993, 12116|995, 12116|1563, 12088|1565, 12088|1588, 12116|1590, 12116|1779, 12128|1786, 12128|1797, 12144|1799, 12144|1801, 12156|1805, 12156|1809, 12116|1811, 12144|1866, long_press_character, 
12144|1, 12144|174, 12244|175, 12244|188, 12144|191, 12144|341, 12244|342, 12244|381, 12344|382, 12344|392, 12312|393, 12312|453, 12356|459, 12356|733, 12256|740, 12256|742, 12156|746, 12144|753, 12144|761, 12116|765, 12116|874, 12084|875, 12084|888, 12116|890, 12116|1415, 12128|1422, 12116|1424, 12116|1507, 12172|1509, 12172|1520, 12116|1525, 12116|1769, 12156|1770, 12156|1778, 12116|1784, 12116|1841, long_swipe, 
12116|1, 12192|17, 12192|323, 12292|324, 12292|365, 12392|374, 12392|388, 12396|390, 12396|393, 12296|394, 12296|396, 12196|398, 12148|400, 12148|427, 12248|428, 12248|724, 12348|725, 12348|743, 12360|745, 12360|778, 12364|783, 12364|798, 12264|799, 12264|803, 12116|805, 12116|1605, 12140|1618, 12140|1622, 12128|1623, 12128|1654, 12116|1655, 12116|1762, 12152|1763, 12152|1772, 12128|1776, 12128|1808, tap_regular_character, 
12128|1, 12156|5, 12156|7, 12144|17, 12144|294, 12244|294, 12244|329, 12344|330, 12344|383, 12244|383, 12244|392, 12144|394, 12144|418, 12244|419, 12244|491, 12216|492, 12216|683, 12316|685, 12316|759, 12356|761, 12356|793, 12256|795, 12256|798, 12156|800, 12116|801, 12116|1848, tap_regular_character, 
12116|1, 12128|21, 12128|91, 12228|94, 12228|260, 12256|262, 12256|349, 12356|352, 12356|374, 12364|378, 12364|950, 12264|951, 12264|956, 12164|960, 12116|962, 12116|1114, 12144|1115, 12144|1138, 12116|1144, 12116|1720, 12144|1722, 12144|1749, 12116|1751, 12116|1806, 12148|1808, 12128|1844, long_press_character, 
12128|1, 12156|11, 12156|283, 12256|284, 12256|318, 12288|319, 12288|347, 12336|348, 12336|400, 12236|401, 12236|404, 12136|405, 12136|442, 12236|444, 12236|452, 12136|453, 12136|721, 12236|727, 12236|766, 12336|767, 12336|787, 12348|788, 12348|803, 12248|804, 12248|807, 12148|808, 12148|809, 12116|810, 12116|992, 12076|993, 12076|999, 12116|1000, 12116|1511, 12088|1512, 12088|1525, 12116|1526, 12116|1566, 12144|1567, 12144|1576, 12128|1578, 12112|1579, 12112|1606, 12116|1608, 12116|1784, 12144|1787, 12144|1810, 12156|1812, 12156|1843, tap_regular_character, 
12156|1, 12116|6, 12116|33, 12216|34, 12216|324, 12116|325, 12116|353, 12216|354, 12216|403, 12316|404, 12300|407, 12300|427, 12356|428, 12356|439, 12360|440, 12360|773, 12260|780, 12260|789, 12164|793, 12116|797, 12116|861, 12144|863, 12144|882, 12116|886, 12116|1856, long_swipe, 
12116|1, 12116|51, 12132|53, 12132|296, 12232|297, 12232|342, 12332|343, 12332|362, 12328|366, 12328|416, 12356|419, 12384|429, 12384|431, 12376|432, 12376|466, 12356|467, 12356|545, 12328|546, 12328|551, 12356|553, 12356|921, 12360|922, 12360|924, 12260|925, 12260|928, 12160|929, 12116|931, 12116|1844, long_press_character, 
12116|1, 12216|9, 12216|257, 12200|258, 12200|337, 12300|338, 12300|394, 12348|396, 12348|416, 12248|421, 12116|429, 12116|448, 12216|448, 12216|739, 12316|740, 12316|749, 12300|750, 12300|797, 12364|798, 12364|805, 12368|811, 12368|825, 12268|829, 12268|834, 12168|835, 12168|849, 12116|850, 12116|1805, 12096|1809, 12096|1850, tap_shift, 
12096|1, 12144|8, 12144|263, 12244|266, 12244|285, 12276|286, 12276|318, 12376|319, 12376|339, 12360|341, 12360|517, 12344|519, 12344|548, 12360|550, 12360|617, 12332|618, 12360|621, 12360|910, 12260|911, 12260|913, 12160|914, 12160|920, 12116|923, 12116|1356, 12100|1357, 12100|1358, 12116|1359, 12116|1674, 12216|1676, 12216|1709, 12116|1710, 12116|1788, 12152|1790, 12152|1828, long_press_character, 
12152|1, 12152|75, 12128|76, 12128|120, 12228|121, 12228|321, 12328|322, 12328|363, 12360|364, 12360|431, 12460|435, 12460|459, 12360|461, 12360|462, 12392|464, 12392|470, 12360|476, 12360|689, 12364|691, 12364|705, 12264|707, 12264|714, 12164|715, 12164|719, 12120|725, 12120|1829, 12156|1832, 12136|1874, long_swipe, 
12136|1, 12136|192, 12236|193, 12236|208, 12136|209, 12136|288, 12236|288, 12236|327, 12336|328, 12336|372, 12364|373, 12364|712, 12264|714, 12264|729, 12164|730, 12164|758, 12120|760, 12120|1465, 12092|1466, 12092|1515, 12120|1517, 12120|1776, 12152|1787, 12152|1790, 12156|1795, 12160|1796, 12160|1832, long_swipe, 
12160|1, 12160|293, 12136|294, 12136|330, 12236|338, 12236|366, 12336|367, 12336|388, 12308|394, 12308|403, 12208|404, 12208|408, 12108|410, 12060|412, 12060|437, 12120|444, 12220|445, 12220|729, 12320|730, 12320|757, 12420|758, 12420|800, 12320|801, 12320|804, 12120|806, 12120|1105, 12084|1108, 12084|1109, 12120|1110, 12120|1212, 12108|1214, 12108|1262, 12136|1264, 12136|1282, 12120|1284, 12120|1800, 12108|1805, 12108|1817, 12120|1818, 12112|1862, tap_regular_character, 
12112|1, 12112|11, 12096|13, 12096|17, 12196|18, 12196|291, 12224|293, 12224|341, 12324|342, 12324|385, 12360|387, 12360|951, 12260|951, 12260|954, 12160|955, 12160|958, 12120|960, 12120|1870, long_press_character, 
12120|1, 12136|9, 12136|241, 12236|248, 12236|283, 12336|284, 12336|316, 12360|317, 12360|328, 12260|329, 12260|331, 12120|334, 12120|362, 12220|363, 12220|675, 12320|676, 12320|723, 12360|727, 12360|746, 12260|752, 12120|757, 12120|1687, 12148|1689, 12148|1705, 12124|1706, 12124|1747, 12120|1750, 12148|1760, 12148|1774, 12160|1777, 12160|1794, tap_regular_character, 
12160|1, 12120|11, 12120|46, 12220|48, 12220|396, 12320|397, 12320|416, 12336|417, 12336|462, 12236|463, 12236|465, 12136|470, 12136|764, 12236|765, 12236|806, 12336|807, 12336|844, 12236|845, 12236|849, 12136|855, 12120|858, 12120|1005, 12220|1006, 12220|1022, 12156|1023, 12156|1024, 12140|1025, 12140|1029, 12120|1030, 12120|1050, 12132|1052, 12132|1056, 12120|1057, 12120|1870, tap_regular_character, 
12120|1, 12220|5, 12220|314, 12320|315, 12320|354, 12420|356, 12420|382, 12364|384, 12364|401, 12360|402, 12360|499, 12260|501, 12260|507, 12160|509, 12120|510, 12120|892, 12148|894, 12148|902, 12120|903, 12120|1811, 12184|1825, 12184|1851, short_swipe, 
12184|1, 12172|10, 12172|363, 12272|363, 12272|396, 12372|406, 12372|416, 12368|419, 12368|437, 12268|437, 12268|443, 12168|444, 12120|445, 12120|469, 12220|470, 12220|754, 12320|765, 12320|817, 12368|819, 12368|838, 12268|840, 12268|844, 12168|845, 12120|847, 12120|1806, 12156|1807, 12156|1819, 12136|1826, 12136|1867, tap_shift, 
12136|1, 12164|5, 12164|246, 12264|247, 12264|295, 12236|296, 12236|403, 12336|404, 12336|432, 12360|438, 12360|444, 12364|444, 12364|454, 12264|460, 12164|462, 12120|465, 12120|484, 12220|485, 12220|776, 12320|777, 12320|834, 12392|840, 12392|842, 12264|851, 12264|853, 12164|854, 12120|857, 12120|1162, 12092|1164, 12092|1178, 12120|1179, 12120|1807, tap_regular_character, 
12120|1, 12120|34, 12220|34, 12220|423, 12320|424, 12320|470, 12368|471, 12368|571, 12268|573, 12268|583, 12120|585, 12120|1697, 12220|1698, 12220|1723, 12120|1725, 12120|1822, 12148|1823, 12148|1843, 12156|1849, 12120|1869, short_swipe, 
12120|1, 12120|11, 12220|12, 12220|298, 12320|299, 12320|346, 12360|347, 12360|388, 12460|408, 12460|415, 12416|426, 12316|447, 12344|448, 12344|457, 12244|465, 12104|472, 12104|498, 12120|500, 12120|1477, 12092|1479, 12092|1483, 12120|1485, 12120|1864, short_swipe, 
12120|1, 12120|18, 12220|20, 12220|570, 12320|571, 12320|629, 12420|631, 12420|655, 12396|658, 12396|733, 12368|735, 12368|875, 12356|877, 12356|931, 12368|934, 12368|1211, 12268|1213, 12268|1221, 12120|1227, 12120|1792, 12220|1799, 12220|1803, 12120|1811, 12112|1812, 12120|1838, long_press_character, 
12120|1, 12220|5, 12220|175, 12248|186, 12248|243, 12220|244, 12220|329, 12320|330, 12320|375, 12360|376, 12360|384, 12260|394, 12260|396, 12160|398, 12120|402, 12120|421, 12220|422, 12220|706, 12320|707, 12320|741, 12384|742, 12384|762, 12284|764, 12284|766, 12340|768, 12340|788, 12204|790, 12204|791, 12104|793, 12100|794, 12100|805, 12120|814, 12120|1033, 12164|1035, 12164|1042, 12120|1047, 12120|1295, 12104|1296, 12104|1302, 12120|1304, 12120|1560, 12092|1561, 12092|1564, 12120|1565, 12120|1871, tap_regular_character, 
12120|1, 12192|7, 12192|218, 12292|219, 12292|235, 12192|237, 12192|292, 12292|293, 12292|296, 12264|298, 12264|337, 12364|341, 12364|852, 12384|853, 12384|882, 12364|883, 12364|926, 12264|927, 12264|930, 12164|931, 12164|932, 12120|934, 12120|1713, 12108|1716, 12120|1718, 12120|1813, long_press_character, 
12120|1, 12120|22, 12144|25, 12144|39, 12136|40, 12136|200, 12164|204, 12164|324, 12264|326, 12264|369, 12364|370, 12364|415, 12264|416, 12264|420, 12120|422, 12120|451, 12220|451, 12220|773, 12320|773, 12320|829, 12220|830, 12220|832, 12120|836, 12120|1088, 12220|1090, 12220|1107, 12120|1112, 12120|1821, 12152|1822, 12152|1852, tap_regular_character, 
12152|1, 12180|9, 12180|290, 12280|291, 12280|337, 12380|339, 12380|378, 12280|380, 12280|391, 12180|394, 12136|399, 12136|680, 12236|681, 12236|725, 12336|725, 12336|771, 12236|772, 12236|775, 12136|777, 12120|779, 12120|980, 12136|986, 12136|994, 12120|995, 12120|1805, 12152|1815, 12152|1840, tap_shift, 
12152|1, 12148|20, 12148|65, 12196|66, 12196|321, 12296|325, 12296|373, 12396|381, 12396|400, 12368|403, 12368|854, 12396|855, 12396|862, 12368|863, 12368|966, 12268|967, 12268|970, 12168|972, 12168|977, 12120|981, 12120|1779, 12220|1781, 12220|1794, 12148|1796, 12148|1839, long_press_character, 
12148|1, 12144|5, 12132|10, 12132|200, 12160|202, 12160|364, 12260|365, 12260|409, 12360|411, 12360|559, 12260|563, 12228|568, 12120|572, 12120|1812, 12156|1815, 12156|1855, short_swipe, 
12156|1, 12156|68, 12256|69, 12256|334, 12228|336, 12228|343, 12328|344, 12328|397, 12228|398, 12228|401, 12128|402, 12120|403, 12120|438, 12220|438, 12220|755, 12320|755, 12320|772, 12348|773, 12348|788, 12360|789, 12360|803, 12260|803, 12260|807, 12160|808, 12120|809, 12120|1378, 12136|1380, 12136|1424, 12120|1426, 12120|1843, tap_shift, 
12120|1, 12132|5, 12132|49, 12232|50, 12232|348, 12332|353, 12332|387, 12368|394, 12368|402, 12268|403, 12268|406, 12168|409, 12168|412, 12120|415, 12120|436, 12220|437, 12220|726, 12320|727, 12320|798, 12388|802, 12388|808, 12392|813, 12392|821, 12292|822, 12292|826, 12192|827, 12192|828, 12148|830, 12148|896, 12120|901, 12120|1088, 12148|1089, 12148|1115, 12120|1116, 12120|1180, 12092|1186, 12092|1263, 12120|1265, 12120|1798, 12152|1799, 12120|1842, tap_shift, 
12120|1, 12132|4, 12132|257, 12232|258, 12232|298, 12332|299, 12332|332, 12368|334, 12368|404, 12468|412, 12468|438, 12368|439, 12368|441, 12268|442, 12268|459, 12168|464, 12120|466, 12120|1801, 12160|1802, 12160|1836, short_swipe, 
12160|1, 12188|5, 12188|311, 12288|312, 12288|365, 12388|366, 12388|434, 12360|437, 12360|710, 12260|714, 12160|722, 12120|726, 12120|743, 12124|748, 12124|768, 12120|773, 12120|1301, 12124|1302, 12124|1330, 12120|1331, 12120|1792, 12136|1797, 12136|1845, long_swipe, 
12136|1, 12136|185, 12236|187, 12236|305, 12336|307, 12336|366, 12396|368, 12396|376, 12368|377, 12368|737, 12352|738, 12352|740, 12368|746, 12368|921, 12268|921, 12268|924, 12168|926, 12120|928, 12120|1068, 12164|1075, 12136|1076, 12136|1108, 12120|1111, long_press_character, 
