4171|1, 4171|4009, tv.danmaku.bili, 
4493|1, 4493|4006, tv.danmaku.bili, 
3845|1, 3845|4027, tv.danmaku.bili, 
4169|1, 4169|4007, tv.danmaku.bili, 
4493|1, 4493|4002, tv.danmaku.bili, 
3845|1, 3845|4007, tv.danmaku.bili, 
4169|1, 4169|4003, tv.danmaku.bili, 
3845|1, 3845|4006, tv.danmaku.bili, 
4169|1, 4169|4002, tv.danmaku.bili, 
3845|1, 3845|4001, tv.danmaku.bili, 
7145|1, 7145|617, 7530|624, 7640|628, 7640|637, 7695|641, 8080|646, 8080|654, 7915|662, 8630|668, 9620|672, 10610|678, 10665|682, 10665|729, 11490|734, 12315|738, 12590|743, 11875|748, 9400|753, 8135|757, 8135|894, 8154|899, 8154|1033, 8176|1037, 8176|1093, 8179|1096, 8179|1122, 8165|1126, 8165|1154, 8183|1157, 8183|1193, 8173|1196, 8173|2605, 6743|2612, 4158|2619, 4158|4004, com.scb.breezebanking.hk, 
4144|1, 4144|606, 4419|610, 4639|615, 4639|626, 5079|636, 5079|722, 5849|726, 6949|731, 7884|736, 8104|741, 8104|749, 7994|756, 9479|761, 10634|770, 10634|817, 11514|823, 12284|827, 12614|831, 12614|847, 9204|860, 7939|865, 7939|968, 7930|971, 7930|1036, 7949|1040, 7949|1086, 7947|1092, 7947|1258, 7943|1262, 7943|1376, 7914|1380, 7914|1938, 7911|1942, 7911|2599, 6206|2607, 3896|2619, 3896|4004, com.scb.breezebanking.hk, 
3882|1, 3882|567, 3937|571, 3937|587, 4212|591, 4377|596, 4377|600, 4652|606, 4817|610, 4817|703, 5422|707, 6412|711, 7347|717, 7842|721, 7842|729, 7457|735, 8447|740, 9437|745, 10537|756, 10592|765, 10592|812, 11032|816, 11747|821, 12572|827, 12572|843, 12132|849, 9492|853, 7897|857, 7897|872, 7912|875, 7912|900, 7904|904, 7904|992, 7917|995, 7917|1022, 7911|1026, 7911|2573, 5271|2579, 3896|2586, 3896|2941, 3883|2950, 3883|4004, com.scb.breezebanking.hk, 
3882|1, 3882|597, 3937|602, 3937|617, 4377|625, 4377|643, 4322|647, 4762|652, 4762|734, 5367|743, 6467|749, 7512|753, 7787|757, 7787|765, 7457|770, 8392|774, 9767|785, 10592|795, 10592|847, 11142|851, 11857|855, 12598|860, 12598|874, 12158|879, 10508|883, 8418|888, 7868|891, 7868|965, 7870|969, 7870|995, 7878|1001, 7878|1007, 7891|1010, 7891|1825, 7911|1828, 7911|2607, 5656|2618, 3896|2625, 3896|4004, com.scb.breezebanking.hk, 
3882|1, 3882|33, 3992|37, 4212|42, 4212|192, 3882|201, 3882|579, 3937|583, 3937|601, 4377|606, 4377|630, 4707|635, 4817|640, 4817|729, 5807|734, 6635|738, 7570|743, 7790|747, 7790|755, 7515|759, 8505|764, 9330|773, 10650|779, 10650|794, 10623|799, 10623|823, 10618|829, 10618|842, 11168|848, 11993|853, 12582|858, 12582|871, 12472|876, 11262|881, 9392|885, 7852|889, 7852|892, 7870|896, 7870|1004, 7906|1010, 7906|1762, 7919|1766, 7919|1842, 7911|1847, 7911|2591, 6371|2597, 3896|2612, 3896|3083, 3883|3089, 3883|4001, com.scb.breezebanking.hk, 
3882|1, 3882|573, 3937|577, 3937|611, 4377|619, 4377|630, 4542|634, 4817|639, 4817|692, 4844|695, 4844|722, 4870|725, 4870|732, 5420|736, 6355|741, 7345|745, 7840|749, 7840|754, 7842|762, 8117|767, 9217|773, 10262|778, 10647|782, 10702|793, 10671|798, 10671|814, 10688|818, 10688|839, 11238|843, 12008|848, 12613|852, 12613|866, 12173|872, 9973|879, 7993|882, 7993|1046, 7964|1052, 7964|1694, 7939|1698, 7939|1754, 7942|1757, 7942|1832, 7911|1836, 7911|2586, 6976|2592, 4831|2600, 3896|2608, 3896|3092, 3883|3099, 3883|4006, com.scb.breezebanking.hk, 
3882|1, 3882|577, 3937|587, 3937|605, 4322|611, 4377|616, 4377|621, 4707|625, 4817|629, 4823|633, 4823|653, 4824|672, 4824|689, 4842|692, 4842|717, 5220|721, 6265|726, 7310|731, 7805|735, 7805|744, 7640|749, 8685|755, 9620|759, 10390|764, 10665|773, 10665|833, 11380|838, 12260|845, 12590|852, 12590|861, 11875|869, 9345|874, 7915|877, 7915|993, 7908|997, 7908|1570, 7941|1573, 7941|1720, 7932|1723, 7932|1751, 7936|1755, 7936|1770, 7911|1776, 7911|2571, 7895|2582, 6685|2588, 3880|2596, 3880|4005, com.scb.breezebanking.hk, 
3882|1, 3882|574, 3937|578, 3937|586, 4159|620, 4379|624, 4819|630, 4819|645, 4812|651, 4812|715, 5252|720, 6242|725, 7177|730, 7782|735, 7782|748, 7892|753, 9817|763, 10587|768, 10642|780, 10642|824, 10807|829, 11632|833, 12622|838, 12622|858, 12127|863, 9432|867, 7892|871, 7892|979, 7898|983, 7898|1524, 7913|1530, 7913|1556, 7920|1559, 7920|1605, 7918|1608, 7918|1616, 7911|1619, 7911|2582, 6811|2590, 4336|2598, 3896|2605, 3896|3566, 3883|3576, 3883|4004, com.scb.breezebanking.hk, 
3882|1, 3882|568, 3937|575, 3937|593, 4157|598, 4377|603, 4817|608, 4817|693, 4927|697, 5917|701, 6962|707, 7842|712, 7842|724, 8392|731, 9987|738, 10592|743, 10592|753, 10647|759, 10647|806, 11472|811, 12572|817, 12627|823, 12627|837, 12517|842, 12187|846, 9327|849, 7897|853, 7897|879, 8117|883, 8117|892, 8172|896, 8172|1016, 8154|1022, 8154|1475, 8158|1481, 8158|1534, 8145|1541, 8145|1578, 8144|1581, 8144|1619, 8171|1622, 8171|2573, 7566|2579, 4541|2586, 4156|2593, 4156|2606, 4149|2612, 4149|3504, 4161|3510, 4161|3618, 4145|3627, 4145|4008, com.scb.breezebanking.hk, 
4144|1, 4144|580, 4199|584, 4199|609, 4254|614, 4639|619, 4639|627, 5134|635, 5134|722, 5629|726, 6619|731, 7554|736, 8104|740, 8104|752, 7994|757, 9589|765, 10469|770, 10689|775, 10689|828, 10744|833, 11679|838, 12449|843, 12669|848, 12669|863, 12174|868, 10194|871, 7939|875, 7939|1223, 7926|1228, 7926|1391, 7922|1394, 7922|1422, 7925|1425, 7925|1478, 7927|1483, 7927|1521, 7907|1524, 7907|1532, 7911|1538, 7911|2591, 6811|2598, 3896|2608, 3896|4001, com.scb.breezebanking.hk, 
4220|1, 4220|4003, com.lenovo.anyshare.gps, 
4220|1, 4220|4003, com.lenovo.anyshare.gps, 
4557|1, 4557|4004, com.lenovo.anyshare.gps, 
4894|1, 4894|4002, com.lenovo.anyshare.gps, 
4220|1, 4220|4001, com.lenovo.anyshare.gps, 
4557|1, 4557|4001, com.lenovo.anyshare.gps, 
4894|1, 4894|4001, com.lenovo.anyshare.gps, 
4220|1, 4220|4001, com.lenovo.anyshare.gps, 
4557|1, 4557|4003, com.lenovo.anyshare.gps, 
4894|1, 4894|4003, com.lenovo.anyshare.gps, 
4565|1, 4565|626, 4620|630, 4620|633, 4840|642, 4840|650, 4895|654, 4895|660, 5005|663, 5005|724, 5023|728, 5023|754, 5026|761, 5026|780, 5046|787, 5046|1634, 5048|1637, 5048|1754, 5049|1758, 5049|1785, 5048|1789, 5048|2621, 4883|2628, 4883|2634, 4874|2641, 4874|4003, com.sometimeswefly.littlealchemy, 
4873|1, 4873|574, 4928|578, 4983|581, 4983|590, 5038|600, 5038|610, 5042|615, 5042|898, 5051|905, 5051|1610, 5039|1617, 5039|1681, 5048|1685, 5048|2559, 4883|2567, 4883|2620, 4874|2632, 4874|4002, com.sometimeswefly.littlealchemy, 
5197|1, 5197|604, 5252|609, 5252|612, 5307|617, 5307|623, 5362|632, 5362|842, 5363|847, 5363|1384, 5364|1387, 5364|1532, 5379|1537, 5379|1603, 5372|1607, 5372|2600, 5207|2607, 5207|4002, com.sometimeswefly.littlealchemy, 
5521|1, 5521|606, 5741|617, 5796|633, 5796|1263, 5788|1267, 5788|1324, 5782|1328, 5782|1361, 5783|1365, 5783|1383, 5782|1387, 5782|2319, 5771|2326, 5771|2381, 5782|2389, 5782|2604, 5562|2611, 5507|2618, 5507|4001, com.sometimeswefly.littlealchemy, 
4873|1, 4873|33, 5203|43, 5203|136, 5197|144, 5197|165, 4867|172, 4867|196, 4873|200, 4873|605, 4983|611, 4983|616, 5093|621, 5093|1004, 5108|1011, 5108|1084, 5109|1089, 5109|1196, 5132|1200, 5132|1225, 5134|1231, 5134|2604, 4859|2610, 4859|4006, com.sometimeswefly.littlealchemy, 
5197|1, 5197|580, 5307|583, 5362|587, 5417|593, 5417|597, 5472|600, 5472|1140, 5473|1143, 5473|1237, 5456|1241, 5456|1307, 5458|1310, 5458|2584, 5183|2591, 5183|3804, 5198|3813, 5198|4007, com.sometimeswefly.littlealchemy, 
5521|1, 5521|581, 5686|594, 5741|615, 5741|953, 5760|956, 5760|1005, 5761|1008, 5761|1032, 5782|1038, 5782|2569, 5507|2575, 5507|4001, com.sometimeswefly.littlealchemy, 
4873|1, 4873|617, 5038|622, 5038|631, 5093|635, 5093|781, 5102|785, 5102|839, 5103|844, 5103|890, 5111|893, 5111|901, 5112|905, 5112|1750, 5134|1753, 5134|1902, 5135|1905, 5135|1910, 5134|1914, 5134|2621, 4859|2628, 4859|4002, com.sometimeswefly.littlealchemy, 
5197|1, 5197|636, 5418|646, 5418|701, 5448|705, 5448|778, 5449|783, 5449|1100, 5461|1106, 5461|1610, 5458|1613, 5458|2627, 5183|2633, 5183|3726, 5184|3733, 5184|3931, 5183|3940, 5183|4006, com.sometimeswefly.littlealchemy, 
5521|1, 5521|583, 5631|589, 5686|599, 5741|605, 5741|936, 5742|941, 5742|1586, 5743|1590, 5743|1747, 5756|1750, 5756|1974, 5782|1979, 5782|2589, 5507|2596, 5507|4004, com.sometimeswefly.littlealchemy, 
4830|1, 4830|4005, io.silvrr.silvrrwallet.hk, 
4830|1, 4830|4008, io.silvrr.silvrrwallet.hk, 
5154|1, 5154|4007, io.silvrr.silvrrwallet.hk, 
5478|1, 5478|4005, io.silvrr.silvrrwallet.hk, 
4830|1, 4830|4002, io.silvrr.silvrrwallet.hk, 
5154|1, 5154|4006, io.silvrr.silvrrwallet.hk, 
5478|1, 5478|4003, io.silvrr.silvrrwallet.hk, 
4830|1, 4830|4011, io.silvrr.silvrrwallet.hk, 
5154|1, 5154|4010, io.silvrr.silvrrwallet.hk, 
5478|1, 5478|33, 5808|43, 5808|92, 5802|104, 5802|206, 5692|213, 5472|218, 5472|1189, 5478|1195, 5478|4006, io.silvrr.silvrrwallet.hk, 
5186|1, 5186|3130, 5187|3140, 5187|3163, 5189|3168, 5189|4004, com.ted.android, 
5186|1, 5186|4001, com.ted.android, 
5510|1, 5510|4004, com.ted.android, 
5834|1, 5834|48, 6164|54, 6164|1022, 6158|1026, 6158|4007, com.ted.android, 
5510|1, 5510|137, 5511|142, 5511|167, 5507|172, 5507|198, 5509|203, 5509|228, 5510|233, 5510|4002, com.ted.android, 
5834|1, 5834|4003, com.ted.android, 
6158|1, 6158|1651, 6157|1656, 6157|1700, 6158|1706, 6158|4005, com.ted.android, 
6482|1, 6482|4003, com.ted.android, 
5510|1, 5510|4005, com.ted.android, 
5834|1, 5834|4003, com.ted.android, 
5769|1, 5769|4003, com.isis_papyrus.raiffeisen_pay_eyewdg, 
6093|1, 6093|4004, com.isis_papyrus.raiffeisen_pay_eyewdg, 
6417|1, 6417|4006, com.isis_papyrus.raiffeisen_pay_eyewdg, 
6741|1, 6741|4009, com.isis_papyrus.raiffeisen_pay_eyewdg, 
5769|1, 5769|4003, com.isis_papyrus.raiffeisen_pay_eyewdg, 
6093|1, 6093|4006, com.isis_papyrus.raiffeisen_pay_eyewdg, 
6417|1, 6417|4003, com.isis_papyrus.raiffeisen_pay_eyewdg, 
6741|1, 6741|4003, com.isis_papyrus.raiffeisen_pay_eyewdg, 
5769|1, 5769|4001, com.isis_papyrus.raiffeisen_pay_eyewdg, 
6093|1, 6093|4003, com.isis_papyrus.raiffeisen_pay_eyewdg, 
6164|1, 6164|957, 6166|962, 6166|1004, 6167|1009, 6167|1991, 6169|1997, 6169|2016, 6167|2022, 6167|4010, com.paypal.android.p2pmobile, 
6167|1, 6167|1267, 6172|1272, 6172|1296, 6170|1301, 6170|1788, 6169|1798, 6169|2329, 6171|2339, 6171|4001, com.paypal.android.p2pmobile, 
6170|1, 6170|1491, 6165|1495, 6165|1603, 6163|1608, 6163|1651, 6160|1656, 6160|1664, 6167|1668, 6167|1842, 6168|1847, 6168|2632, 6167|2642, 6167|4004, com.paypal.android.p2pmobile, 
6167|1, 6167|923, 6169|929, 6169|1823, 6163|1829, 6163|1833, 6167|1838, 6167|1973, 6168|1984, 6170|1990, 6170|4004, com.paypal.android.p2pmobile, 
6170|1, 6170|1099, 6171|1105, 6171|1186, 6173|1193, 6173|2069, 6178|2079, 6178|2173, 6171|2185, 6172|2192, 6172|4003, com.paypal.android.p2pmobile, 
6173|1, 6173|1340, 6177|1347, 6177|1401, 6174|1406, 6174|1440, 6176|1446, 6176|2337, 6175|2344, 6175|2430, 6176|2437, 6176|4002, com.paypal.android.p2pmobile, 
6176|1, 6176|1737, 6174|1745, 6174|1829, 6181|1839, 6179|1858, 6179|4005, com.paypal.android.p2pmobile, 
6176|1, 6176|1691, 6172|1696, 6172|1709, 6176|1714, 6176|1822, 6179|1827, 6179|4002, com.paypal.android.p2pmobile, 
6179|1, 6179|953, 6181|960, 6181|1076, 6182|1082, 6182|1925, 6177|1931, 6177|1953, 6182|1959, 6182|2036, 6180|2042, 6180|2078, 6182|2085, 6182|4004, com.paypal.android.p2pmobile, 
6179|1, 6179|1304, 6185|1311, 6185|1322, 6187|1327, 6187|2302, 6186|2310, 6186|2322, 6187|2328, 6187|2701, 6182|2709, 6182|4005, com.paypal.android.p2pmobile, 
5801|1, 5801|2251, 5797|2260, 5797|2275, 5804|2287, 5804|3193, 5802|3201, 5802|3220, 5801|3226, 5801|4004, com.google.android.music, 
6125|1, 6125|4001, com.google.android.music, 
6449|1, 6449|4003, com.google.android.music, 
6773|1, 6773|4004, com.google.android.music, 
5801|1, 5801|4006, com.google.android.music, 
6125|1, 6125|4003, com.google.android.music, 
6449|1, 6449|4005, com.google.android.music, 
6773|1, 6773|4003, com.google.android.music, 
5801|1, 5801|4002, com.google.android.music, 
6125|1, 6125|2213, 6124|2224, 6124|2243, 6126|2251, 6126|3281, 6125|3290, 6125|3307, 6126|3314, 6126|4003, com.google.android.music, 
6255|1, 6255|1042, 6475|1049, 6475|1139, 6468|1145, 6468|1170, 6469|1177, 6469|1230, 6472|1236, 6472|1331, 6471|1339, 6471|4003, com.android.chrome, 
6579|1, 6579|889, 6634|897, 6799|903, 6799|1317, 6802|1331, 6802|1485, 6795|1491, 6795|4001, com.android.chrome, 
6903|1, 6903|920, 7123|926, 7123|1544, 7128|1550, 7128|1684, 7119|1695, 7119|4002, com.android.chrome, 
7227|1, 7227|889, 7228|894, 7228|899, 7448|904, 7448|928, 7474|938, 7474|1841, 7476|1845, 7476|1911, 7451|1916, 7451|1932, 7445|1936, 7445|4006, com.android.chrome, 
7551|1, 7551|874, 7771|879, 7771|1036, 7773|1041, 7773|1127, 7769|1131, 7769|1596, 6944|1602, 6504|1607, 6504|2064, 6473|2073, 6473|4006, com.android.chrome, 
6255|1, 6255|921, 6475|928, 6475|1367, 6476|1372, 6476|1415, 6475|1420, 6475|1465, 6466|1470, 6466|1565, 6470|1571, 6470|2417, 6473|2422, 6473|4005, com.android.chrome, 
6579|1, 6579|892, 6799|899, 6799|1538, 6793|1543, 6793|1686, 6794|1694, 6794|1798, 6797|1806, 6797|4012, com.android.chrome, 
6903|1, 6903|905, 7013|914, 7068|920, 7071|927, 7071|949, 7094|955, 7094|1849, 7117|1854, 7117|1859, 7119|1865, 7119|1941, 7121|1947, 7121|4004, com.android.chrome, 
6255|1, 6255|865, 6310|873, 6475|880, 6475|1194, 6479|1200, 6479|1207, 6472|1214, 6473|1219, 6473|4002, com.android.chrome, 
6579|1, 6579|893, 6799|900, 6799|1327, 6787|1333, 6787|1505, 6793|1510, 6793|1639, 6796|1645, 6796|1675, 6797|1680, 6797|4002, com.android.chrome, 
7065|1, 7065|1353, 7067|1359, 7067|1419, 7068|1426, 7068|1483, 7064|1488, 7064|1522, 7066|1533, 7066|1793, 7065|1798, 7065|4006, com.google.android.apps.photos, 
6417|1, 6417|1569, 6420|1574, 6420|1629, 6419|1635, 6419|1692, 6416|1697, 6416|1849, 6417|1855, 6417|4003, com.google.android.apps.photos, 
6741|1, 6741|834, 6721|842, 6721|869, 6723|875, 6723|896, 6740|902, 6740|922, 6741|939, 6741|1805, 6754|1810, 6754|1837, 6746|1842, 6746|1926, 6741|1931, 6741|1935, 6757|1941, 6757|1971, 6742|1980, 6742|1986, 6741|1992, 6741|4005, com.google.android.apps.photos, 
7097|1, 7097|959, 7096|965, 7096|990, 7098|997, 7098|1018, 7097|1024, 7097|1072, 7100|1082, 7100|1089, 7099|1097, 7099|1111, 7101|1117, 7101|1958, 7097|1963, 7097|2048, 7098|2055, 7098|2080, 7097|2087, 7097|4004, com.google.android.apps.photos, 
7421|1, 7421|1188, 7416|1193, 7416|1275, 7414|1280, 7414|1313, 7415|1321, 7415|1328, 7420|1336, 7420|1347, 7426|1353, 7426|4005, com.google.android.apps.photos, 
7745|1, 7745|1440, 7748|1445, 7748|1551, 7745|1556, 7745|1602, 7749|1608, 7749|1831, 7745|1837, 7746|1845, 7746|4002, com.google.android.apps.photos, 
6449|1, 6449|1639, 6454|1645, 6454|1751, 6450|1758, 6450|1767, 6451|1774, 6451|1780, 6450|1785, 6450|1899, 6449|1905, 6449|4007, com.google.android.apps.photos, 
6773|1, 6773|881, 6774|894, 6774|919, 6776|925, 6776|980, 6775|985, 6775|1836, 6783|1846, 6783|1919, 6782|1924, 6782|1980, 6776|1987, 6772|1995, 6772|2011, 6773|2020, 6773|4004, com.google.android.apps.photos, 
7097|1, 7097|1126, 7098|1131, 7098|1165, 7096|1170, 7096|1217, 7097|1223, 7097|4007, com.google.android.apps.photos, 
7421|1, 7421|1234, 7422|1243, 7422|1262, 7419|1267, 7419|1361, 7420|1366, 7420|1413, 7421|1418, 7421|4005, com.google.android.apps.photos, 
6801|1, 6801|4005, com.google.android.gm, 
7125|1, 7125|4001, com.google.android.gm, 
7449|1, 7449|4002, com.google.android.gm, 
7773|1, 7773|1017, 7772|1023, 7772|1267, 7773|1276, 7773|4006, com.google.android.gm, 
8097|1, 8097|4006, com.google.android.gm, 
6801|1, 6801|1202, 6802|1211, 6802|1668, 6801|1673, 6801|4006, com.google.android.gm, 
7125|1, 7125|4007, com.google.android.gm, 
7449|1, 7449|1013, 7448|1018, 7448|1083, 7449|1088, 7449|4003, com.google.android.gm, 
7773|1, 7773|4001, com.google.android.gm, 
8097|1, 8097|4003, com.google.android.gm, 
7097|1, 7097|4002, com.android.vending, 
7421|1, 7421|4001, com.android.vending, 
7745|1, 7745|4003, com.android.vending, 
6773|1, 6773|4004, com.android.vending, 
7097|1, 7097|33, 7427|43, 7427|202, 7097|208, 7097|4011, com.android.vending, 
7421|1, 7421|4006, com.android.vending, 
7745|1, 7745|4004, com.android.vending, 
8069|1, 8069|4005, com.android.vending, 
6773|1, 6773|2104, 6770|2114, 6770|2425, 6771|2431, 6771|3359, 6773|3366, 6773|4002, com.android.vending, 
7097|1, 7097|4003, com.android.vending, 
7820|1, 7820|1583, 7854|1588, 7854|1957, 7855|1968, 7855|4006, at.DiTronic.androidgroup.randomgallery, 
6835|1, 6835|841, 6849|848, 6849|863, 6835|869, 6835|1860, 6870|1867, 6870|4005, at.DiTronic.androidgroup.randomgallery, 
7159|1, 7159|975, 7160|979, 7160|1124, 7194|1130, 7194|1152, 7180|1158, 7180|1421, 7194|1426, 7194|3121, 7160|3128, 7160|4001, at.DiTronic.androidgroup.randomgallery, 
7486|1, 7486|1373, 7520|1378, 7520|2242, 7519|2251, 7519|2300, 7520|2306, 7520|3421, 7486|3435, 7486|4004, at.DiTronic.androidgroup.randomgallery, 
7808|1, 7808|30, 8138|36, 8138|184, 7808|191, 7808|1638, 7842|1644, 7842|1658, 7843|1663, 7843|4002, at.DiTronic.androidgroup.randomgallery, 
8132|1, 8132|853, 8133|864, 8133|1977, 8167|1983, 8167|3859, 8133|3867, 8133|4001, at.DiTronic.androidgroup.randomgallery, 
6836|1, 6836|935, 6822|940, 6822|997, 6823|1003, 6823|1086, 6837|1091, 6837|1111, 6871|1121, 6871|3026, 6873|3034, 6873|3054, 6874|3063, 6876|3074, 6876|3088, 6875|3097, 6875|4003, at.DiTronic.androidgroup.randomgallery, 
7160|1, 7160|1225, 7159|1233, 7159|1596, 7193|1611, 7193|1907, 7208|1921, 7208|2437, 7195|2449, 7195|3349, 7161|3357, 7161|4004, at.DiTronic.androidgroup.randomgallery, 
7484|1, 7484|1459, 7483|1463, 7483|1595, 7484|1600, 7484|1636, 7518|1641, 7518|1967, 7519|1972, 7519|3545, 7485|3552, 7485|4006, at.DiTronic.androidgroup.randomgallery, 
7808|1, 7808|794, 7822|799, 7822|1654, 7837|1660, 7837|1726, 7824|1739, 7824|1995, 7842|2001, 7842|2070, 7843|2077, 7843|3850, 7809|3861, 7809|4009, at.DiTronic.androidgroup.randomgallery, 
7124|1, 7124|4003, com.dropbox.android, 
7448|1, 7448|4006, com.dropbox.android, 
7772|1, 7772|4001, com.dropbox.android, 
8096|1, 8096|4005, com.dropbox.android, 
6800|1, 6800|4006, com.dropbox.android, 
7124|1, 7124|4003, com.dropbox.android, 
7448|1, 7448|4004, com.dropbox.android, 
7772|1, 7772|4003, com.dropbox.android, 
8096|1, 8096|4001, com.dropbox.android, 
6800|1, 6800|4002, com.dropbox.android, 
7446|1, 7446|4007, com.facebook.orca, 
7770|1, 7770|4004, com.facebook.orca, 
6798|1, 6798|4006, com.facebook.orca, 
7122|1, 7122|4002, com.facebook.orca, 
7446|1, 7446|4005, com.facebook.orca, 
7770|1, 7770|4006, com.facebook.orca, 
8094|1, 8094|4006, com.facebook.orca, 
6798|1, 6798|1458, 6830|1464, 6830|2099, 6798|2109, 6798|4004, com.facebook.orca, 
7122|1, 7122|4001, com.facebook.orca, 
7446|1, 7446|4002, com.facebook.orca, 
6766|1, 6766|4003, com.whatsapp, 
7090|1, 7090|4002, com.whatsapp, 
7414|1, 7414|4004, com.whatsapp, 
7738|1, 7738|4001, com.whatsapp, 
8062|1, 8062|4001, com.whatsapp, 
6766|1, 6766|4003, com.whatsapp, 
7090|1, 7090|4002, com.whatsapp, 
7414|1, 7414|853, 7413|860, 7413|1052, 7414|1058, 7414|4003, com.whatsapp, 
7738|1, 7738|4004, com.whatsapp, 
8062|1, 8062|1422, 8061|1427, 8061|1493, 8062|1498, 8062|4005, com.whatsapp, 
7091|1, 7091|1404, 7146|1415, 7146|1424, 7696|1431, 7751|1438, 7751|1444, 7806|1451, 7806|1463, 7861|1471, 7916|1478, 7916|1491, 7971|1497, 7971|1509, 8026|1516, 8026|1542, 8081|1553, 8081|1577, 8136|1590, 8136|1612, 8191|1623, 8356|1634, 8356|1908, 8384|1919, 8384|1935, 8392|1942, 8392|1968, 8412|1978, 8412|2000, 8431|2011, 8431|2024, 8423|2037, 8423|4001, com.snapchat.android, 
7415|1, 7415|1354, 7416|1363, 7416|1383, 7418|1397, 7418|1446, 7422|1455, 7422|1561, 7477|1578, 7697|1593, 8027|1602, 8137|1612, 8137|1634, 8247|1644, 8247|1663, 8302|1672, 8302|1691, 8357|1701, 8412|1715, 8412|1745, 8467|1763, 8467|1779, 8742|1801, 8742|2356, 8730|2365, 8730|2386, 8713|2422, 8713|2441, 8747|2453, 8747|4003, com.snapchat.android, 
7739|1, 7739|1509, 7741|1520, 7741|1596, 7796|1606, 7800|1615, 8570|1625, 8570|1633, 8625|1644, 8625|1665, 8680|1673, 8680|1703, 8735|1716, 8735|1773, 8790|1784, 8790|1794, 8845|1804, 8845|1878, 8900|1895, 8900|1915, 9010|1958, 9010|2510, 9012|2523, 9012|2536, 9021|2547, 9021|2561, 9040|2572, 9040|2590, 9071|2603, 9071|4004, com.snapchat.android, 
6767|1, 6767|1595, 6822|1604, 6822|1611, 7372|1620, 7427|1641, 7427|1650, 7482|1660, 7537|1670, 7537|1680, 7628|1693, 7683|1703, 7683|1719, 7730|1730, 7730|1753, 7735|1771, 7790|1780, 7818|1788, 7818|1798, 7873|1811, 7873|1821, 8038|1833, 8038|2684, 8062|2693, 8062|2716, 8069|2725, 8069|2749, 8099|2757, 8099|4004, com.snapchat.android, 
7091|1, 7091|1606, 7641|1619, 7916|1631, 7916|1662, 7971|1670, 7971|1696, 8026|1707, 8026|1733, 8136|1746, 8136|1772, 8191|1784, 8191|1800, 8246|1813, 8246|1839, 8301|1849, 8292|1869, 8292|1888, 8287|1898, 8287|1907, 8342|1916, 8347|1926, 8347|1954, 8383|1963, 8383|1972, 8438|1980, 8438|2871, 8440|2880, 8440|2952, 8423|2961, 8423|4005, com.snapchat.android, 
7415|1, 7415|1548, 7470|1558, 8020|1570, 8020|1580, 8075|1591, 8185|1617, 8185|1629, 8240|1639, 8240|1651, 8295|1661, 8350|1670, 8350|1679, 8405|1691, 8405|1716, 8460|1731, 8460|1749, 8515|1759, 8570|1774, 8680|1786, 8680|2029, 8688|2064, 8706|2077, 8706|2100, 8738|2110, 8738|2124, 8747|2138, 8747|4006, com.snapchat.android, 
7739|1, 7739|1282, 7743|1299, 7743|1320, 7745|1331, 7745|1622, 7800|1634, 8350|1646, 8570|1659, 8570|1673, 8625|1689, 8625|1719, 8680|1731, 8680|1753, 8735|1764, 8735|1783, 8790|1796, 8790|1814, 8845|1835, 8845|1883, 8900|1904, 8955|1942, 8955|1954, 9010|1967, 9010|1985, 9065|1996, 9065|2256, 9053|2267, 9053|2296, 9051|2309, 9051|2319, 9073|2330, 9073|2356, 9071|2366, 9071|4007, com.snapchat.android, 
8063|1, 8063|1489, 8065|1500, 8065|1529, 8067|1543, 8067|1551, 8069|1578, 8069|1652, 8124|1667, 8674|1686, 8729|1699, 8729|1712, 8784|1722, 8894|1730, 8894|1741, 8949|1753, 8949|1762, 9004|1778, 9004|1787, 9059|1798, 9059|1814, 9114|1826, 9114|1842, 9169|1859, 9169|1878, 9279|1891, 9334|1905, 9334|2464, 9346|2473, 9346|2490, 9369|2499, 9369|2519, 9395|2544, 9395|4001, com.snapchat.android, 
6767|1, 6767|1584, 6769|1592, 6769|1600, 6824|1613, 7264|1623, 7594|1634, 7649|1652, 7645|1660, 7645|1670, 7702|1686, 7702|1701, 7757|1710, 7757|1734, 7812|1749, 7812|1773, 7867|1785, 7867|1828, 7922|1842, 7922|1870, 7977|1880, 7977|1915, 8032|1927, 8032|2584, 8029|2593, 8029|2604, 8064|2622, 8064|2636, 8094|2651, 8094|2675, 8099|2684, 8099|4005, com.snapchat.android, 
7091|1, 7091|1588, 7085|1598, 7085|1632, 7102|1640, 7102|1650, 7097|1658, 7097|1668, 7152|1680, 7482|1692, 7757|1713, 7757|1732, 7867|1742, 7867|1765, 7977|1775, 7977|1800, 8032|1811, 8032|1830, 8087|1840, 8087|1863, 8142|1880, 8142|1911, 8307|1929, 8307|2591, 8333|2601, 8333|2623, 8361|2632, 8361|2651, 8388|2664, 8388|2678, 8423|2687, 8423|4002, com.snapchat.android, 
7870|1, 7870|4007, org.telegram.messenger, 
6898|1, 6898|4003, org.telegram.messenger, 
7222|1, 7222|4002, org.telegram.messenger, 
7546|1, 7546|4005, org.telegram.messenger, 
7870|1, 7870|4005, org.telegram.messenger, 
8194|1, 8194|4003, org.telegram.messenger, 
6898|1, 6898|4005, org.telegram.messenger, 
7222|1, 7222|4001, org.telegram.messenger, 
7546|1, 7546|4001, org.telegram.messenger, 
7870|1, 7870|4002, org.telegram.messenger, 
8193|1, 8193|171, 7588|178, 6897|183, 6897|4001, com.instagram.android, 
6897|1, 6897|4003, com.instagram.android, 
6897|1, 6897|4004, com.instagram.android, 
6897|1, 6897|4003, com.instagram.android, 
6897|1, 6897|4009, com.instagram.android, 
6897|1, 6897|4008, com.instagram.android, 
6897|1, 6897|4003, com.instagram.android, 
6897|1, 6897|4004, com.instagram.android, 
6897|1, 6897|4006, com.instagram.android, 
6897|1, 6897|4010, com.instagram.android, 
