50574227|1, 50574227|1291, 50574521|1371, 50574597|1486, 50574597|1538, 50574671|1598, 50574803|1681, 50574803|1880, 50575209|1972, 50575409|2032, 50575409|2060, 50575483|2083, 50575483|2203, 50576204|2287, 50576204|2387, 50578308|2557, 50578308|2706, 50578734|2952, 50580438|3041, 50580839|3257, 50584550|3379, 50584550|3532, 50584678|3557, 50584678|3722, 50585193|3782, 50585247|4021, com.ebay.mobile, 
50593557|1, 50593557|788, 50593865|868, 50593939|894, 50594486|962, 50594712|1040, 50595182|1062, 50595182|1125, 50595523|1258, 50595685|1506, 50595685|1541, 50595901|1612, 50595901|2052, 50595955|2064, 50595955|2275, 50596213|2288, 50596213|2597, 50597857|2667, 50597857|2872, 50597985|2906, 50598039|2940, 50598039|3091, 50598487|3137, 50598487|3736, 50599122|3749, 50599122|4004, com.sololearn.cplusplus, 
50599446|1, 50599446|213, 50599500|240, 50599500|262, 50599584|279, 50599668|299, 50599668|328, 50599796|355, 50599796|380, 50600156|401, 50600210|420, 50600349|442, 50600349|466, 50600958|483, 50601012|502, 50601012|4005, com.ted.android.conference, 
50603647|1, 50603647|1263, 50603701|1282, 50603776|1318, 50603851|1380, 50603851|1398, 50603925|1423, 50603925|1441, 50603979|1473, 50604053|1487, 50604388|1512, 50604550|1536, 50605102|1597, 50605496|1635, 50606169|1737, 50606809|1796, 50607182|1826, 50607290|1848, 50607364|1865, 50607364|1878, 50607438|1891, 50607754|1909, 50607754|1921, 50608178|1938, 50608232|1978, 50608232|2008, 50608340|2026, 50609240|2055, 50609456|2083, 50615145|2264, 50615145|2381, 50616114|2458, 50616276|2700, 50616276|2763, 50616494|2845, 50616568|2881, 50616568|3132, 50617426|3146, 50617426|3166, 50617660|3178, 50617660|3331, 50617768|3345, 50617876|3356, 50618056|3367, 50618056|3670, 50618786|3680, 50618786|3888, 50618840|3928, 50619508|3944, 50619508|4002, com.dropbox.android, 
50625937|1, 50625937|902, 50626066|933, 50626066|970, 50626141|1003, 50626141|1086, 50626363|1161, 50626491|1207, 50627330|1293, 50627646|1351, 50629294|1448, 50629294|1490, 50630258|1611, 50630258|2132, 50630960|2196, 50631998|2213, 50633220|2226, 50633328|2262, 50634483|2294, 50634663|2306, 50634843|2332, 50634843|2383, 50636642|2401, 50636642|2411, 50637449|2423, 50637449|2468, 50638032|2491, 50638086|2519, 50638086|2537, 50638998|2558, 50639052|2587, 50639052|2682, 50639126|2694, 50639126|2711, 50639848|2753, 50639848|2768, 50640678|2786, 50640786|2806, 50641128|2827, 50641128|2864, 50641182|2887, 50641182|2997, 50641849|3019, 50642137|3045, 50642137|3077, 50642921|3102, 50642975|3114, 50642975|3172, 50644510|3183, 50644510|3255, 50645117|3269, 50645117|3449, 50645171|3464, 50645171|3477, 50646719|3504, 50646719|3860, 50646773|3877, 50646827|3890, 50647448|3902, 50647448|4007, com.dropbox.android, 
50652432|1, 50652432|2193, 50652486|2248, 50652486|2370, 50652574|2426, 50652574|2702, 50652662|2721, 50652662|2936, 50652790|2948, 50652790|3141, 50653405|3156, 50653405|3343, 50653533|3356, 50653533|3551, 50653853|3565, 50653853|3746, 50654015|3758, 50654411|4005, com.bankofamerica.cashpromobile, 
50655566|1, 50655566|1801, 50657066|1905, 50657066|1944, 50657582|1962, 50657582|2048, 50657662|2060, 50657662|4001, com.android.chrome, 
50657799|1, 50657799|592, 50657931|628, 50658005|655, 50658083|687, 50659536|841, 50659536|928, 50659752|1140, 50659752|1238, 50659914|1270, 50659914|1341, 50659968|1459, 50659968|1637, 50660172|1688, 50660226|1722, 50660226|1998, 50661095|2024, 50661095|2288, 50661890|2313, 50661890|2329, 50662209|2346, 50662209|2600, 50662446|2647, 50662446|3142, 50663081|3151, 50663081|4007, com.sololearn.cplusplus, 
50663405|1, 50663405|4008, com.google.android.gm, 
50663405|1, 50663405|2242, 50663459|2254, 50663545|2284, 50663545|2294, 50663631|2304, 50663631|2343, 50663705|2353, 50663759|2364, 50663759|2384, 50664177|2401, 50664177|2506, 50665212|2521, 50665266|2555, 50665266|2597, 50665320|2621, 50665403|2639, 50665560|2650, 50665560|2685, 50665742|2706, 50665993|2720, 50665993|2731, 50666460|2748, 50666460|2773, 50667187|2795, 50668644|2811, 50668898|2838, 50668898|2880, 50669422|2913, 50669422|3171, 50669601|3212, 50669601|3222, 50669680|3233, 50669680|3269, 50669808|3280, 50669808|3309, 50670110|3321, 50670110|3342, 50670218|3352, 50670218|3386, 50687584|3401, 50687584|3595, 50688342|3607, 50688342|3676, 50688504|3696, 50688504|4142, com.google.android.music, 
50734307|1, 50734307|1813, 50734361|1835, 50734361|1884, 50734449|1932, 50734449|2061, 50734577|2084, 50734577|2275, 50735192|2289, 50735192|2475, 50735320|2487, 50735320|2686, 50735802|2700, 50735802|2915, 50736198|2925, 50736198|3095, 50736801|3114, 50736801|3854, 50736855|3869, 50736855|3917, 50736932|3947, 50737060|3969, 50737060|4023, com.bankofamerica.cashpromobile, 
50739481|1, 50739481|2342, 50739535|2353, 50739535|2395, 50739663|2405, 50739663|2426, 50739951|2446, 50739951|2458, 50740847|2480, 50740847|2537, 50741183|2548, 50741183|2815, 50741291|2851, 50741291|4001, com.google.android.keep, 
50741399|1, 50741399|4005, com.ted.android.conference, 
50741399|1, 50741399|1253, 50741453|1329, 50741531|1355, 50741609|1383, 50742305|1479, 50742843|1531, 50742843|1639, 50742897|1662, 50742897|4005, org.catrobat.catroid, 
50743005|1, 50743005|1103, 50743134|1155, 50743134|1220, 50743361|1263, 50744739|1348, 50745689|1382, 50746187|1410, 50746187|1432, 50746955|1465, 50747382|1538, 50747382|1552, 50747806|1574, 50747860|1619, 50748400|1654, 50749066|1692, 50749967|1763, 50750757|1833, 50750811|1886, 50751786|1959, 50752792|2019, 50753609|2053, 50753789|2081, 50754457|2104, 50754457|2140, 50756148|2157, 50756148|2169, 50756328|2179, 50757132|2234, 50757132|2346, 50757186|2360, 50757186|2372, 50757294|2390, 50757294|2405, 50757402|2422, 50758069|2440, 50758745|2456, 50759658|2473, 50759712|2489, 50759868|2536, 50759868|2768, 50761014|2793, 50761621|2810, 50761675|2825, 50762347|2838, 50762347|2965, 50763331|2978, 50763331|2988, 50763439|3000, 50763619|3016, 50763619|3046, 50764349|3059, 50764349|3186, 50764457|3210, 50764511|3231, 50765477|3247, 50765477|3556, 50766152|3570, 50766152|3590, 50766314|3603, 50766314|4005, com.dropbox.android, 
50773498|1, 50773498|1066, 50774094|1246, 50774252|1425, 50774252|2153, 50774306|2218, 50776996|2375, 50777640|2483, 50777720|2568, 50779264|2617, 50780570|2701, 50780984|2801, 50780984|4006, com.android.chrome, 
50781200|1, 50781200|4011, at.DiTronic.androidgroup.randomgallery, 
50787694|1, 50787694|846, 50788214|1002, 50788900|1123, 50788900|1434, 50789176|1461, 50789230|1490, 50789230|3119, 50789284|3138, 50789354|3175, 50789892|3245, 50790288|3353, 50790342|3382, 50790961|3442, 50790961|3504, 50791123|3517, 50791123|3564, 50791850|3594, 50791850|4004, com.scb.breezebanking.hk, 
50791958|1, 50791958|1193, 50792236|1477, 50792927|1649, 50792927|2371, 50792981|2473, 50793109|2509, 50793109|2530, 50795229|2565, 50796031|2599, 50796115|2667, 50796169|2836, 50798074|2958, 50798323|3032, 50798323|3799, 50798400|3826, 50798400|3856, 50799420|3881, 50799420|4007, com.android.chrome, 
50800500|1, 50800500|1062, 50800554|1214, 50800608|1284, 50800608|1307, 50800662|1384, 50800662|2117, 50800716|2135, 50800716|2178, 50800844|2192, 50800844|2222, 50801132|2241, 50801132|2251, 50802028|2262, 50802028|2312, 50802364|2325, 50802364|2489, 50802472|2508, 50802472|4007, com.google.android.keep, 
50802742|1, 50802742|3106, 50802796|3137, 50802796|3159, 50802890|3171, 50802890|3183, 50802984|3199, 50802984|3241, 50803058|3259, 50803112|3277, 50803112|3308, 50803600|3325, 50803600|3380, 50803654|3411, 50803654|3450, 50804548|3479, 50804797|3501, 50804797|3536, 50804881|3552, 50804935|3564, 50804935|3594, 50805362|3609, 50805362|3679, 50805903|3693, 50805903|3787, 50805957|3808, 50805957|4006, com.google.android.apps.photos, 
50807092|1, 50807092|1798, 50807221|1877, 50807424|1947, 50807978|2081, 50808405|2182, 50808405|2221, 50809109|2257, 50809109|2409, 50809201|2438, 50809278|2479, 50809483|2574, 50810051|2769, 50810051|3545, 50810105|3583, 50810105|3625, 50810496|3655, 50810496|4016, com.sometimeswefly.littlealchemy, 
50810838|1, 50810838|2186, 50810892|2218, 50811020|2250, 50811020|2535, 50811588|2567, 50811588|3901, 50811642|3921, 50811642|4017, com.sometimeswefly.littlealchemy, 
50811858|1, 50811858|1860, 50811912|1931, 50812244|2017, 50812751|2063, 50812751|2094, 50813218|2106, 50813218|2116, 50813485|2135, 50814769|2151, 50815456|2162, 50815656|2173, 50815656|2217, 50815748|2227, 50815802|2239, 50815802|2253, 50816234|2280, 50816234|3148, 50816442|3182, 50816442|4004, com.google.android.music, 
50817985|1, 50817985|1760, 50818039|1788, 50818117|1805, 50818117|1837, 50818245|1850, 50818245|1870, 50818533|1880, 50818641|1895, 50818641|1909, 50819429|1930, 50819429|2302, 50819765|2318, 50819765|4002, com.google.android.keep, 
50819873|1, 50819873|1707, 50819927|1739, 50820015|1774, 50820015|1956, 50820217|1971, 50820217|2099, 50820886|2110, 50820886|2237, 50821014|2247, 50821014|2412, 50821388|2432, 50821388|2614, 50821496|2627, 50821496|2834, 50821892|2845, 50821892|3029, 50822495|3040, 50822495|3713, 50822549|3741, 50822549|3776, 50822626|3812, 50822754|3888, 50823107|4059, com.bankofamerica.cashpromobile, 
50826336|1, 50826336|3027, 50826390|3041, 50826390|4006, com.ted.android.conference, 
50826444|1, 50826444|739, 50826572|880, 50826720|955, 50826720|1003, 50827481|1083, 50827609|1115, 50828113|1151, 50828393|1204, 50829036|1217, 50829036|1348, 50829090|1360, 50829090|1932, 50831350|1945, 50831350|2045, 50831430|2070, 50831652|2135, 50831652|2268, 50831780|2379, 50831780|2470, 50832236|2492, 50832236|2503, 50832290|2539, 50832290|2680, 50832524|2693, 50832524|2917, 50833547|2930, 50833547|2948, 50833678|2985, 50833678|3002, 50833755|3047, 50833755|3081, 50834211|3167, 50834211|3264, 50835749|3277, 50835749|3297, 50835983|3326, 50835983|3352, 50836037|3372, 50836037|3429, 50837359|3441, 50837487|3473, 50837487|3523, 50838878|3567, 50838932|3594, 50838932|3603, 50839028|3613, 50839028|4003, com.mxtech.videoplayer.ad, 
50839683|1, 50839683|634, 50839934|685, 50840062|697, 50840424|734, 50840424|871, 50841282|1009, 50841515|1067, 50841677|1099, 50841677|1223, 50841893|1317, 50841893|1471, 50841947|1495, 50841947|1690, 50842205|1703, 50842205|2022, 50843074|2046, 50843074|2303, 50843869|2345, 50843977|2383, 50843977|2601, 50844425|2622, 50844425|3268, 50845060|3280, 50845060|4008, com.sololearn.cplusplus, 
50845438|1, 50845438|4007, com.ted.android.conference, 
50845438|1, 50845438|1293, 50845492|1352, 50845643|1417, 50845721|1447, 50845721|1487, 50845849|1516, 50845849|1539, 50846136|1589, 50846136|1606, 50846652|1647, 50846907|1699, 50846907|1786, 50847269|1849, 50847269|1873, 50847503|1906, 50848368|1962, 50848368|1989, 50849715|2035, 50850118|2077, 50850784|2147, 50850784|2170, 50851000|2205, 50851000|2234, 50851054|2290, 50851480|2320, 50851480|2373, 50852052|2398, 50852052|2426, 50852478|2463, 50852478|2502, 50853102|2560, 50854859|2621, 50858128|2679, 50858128|2693, 50858740|2794, 50858902|2968, 50858902|3007, 50859676|3056, 50860374|3132, 50861012|3180, 50861012|3202, 50866064|3238, 50866064|3399, 50866118|3435, 50866118|3479, 50867230|3498, 50867230|3600, 50867284|3617, 50867284|4019, com.ebay.mobile, 
50867824|1, 50867824|1655, 50867878|1675, 50867878|1716, 50868006|1727, 50868006|1750, 50868294|1767, 50868294|1784, 50869190|1803, 50869190|1856, 50869526|1867, 50869526|2146, 50869688|2161, 50869688|4011, com.google.android.keep, 
50869796|1, 50869796|1044, 50870382|1338, 50870382|1962, 50870509|2055, 50870892|2090, 50873425|2160, 50875169|2273, 50875169|2302, 50875685|2368, 50875685|2409, 50875765|2443, 50875765|4002, com.android.chrome, 
50875905|1, 50875905|4009, at.DiTronic.androidgroup.randomgallery, 
50882475|1, 50882475|542, 50882759|612, 50883175|667, 50883337|770, 50884212|903, 50884266|945, 50884536|1006, 50884536|1163, 50884698|1254, 50884698|1462, 50884956|1496, 50884956|1792, 50885825|1808, 50885825|2081, 50886674|2098, 50886674|2133, 50886939|2145, 50886939|2280, 50887047|2307, 50887176|2331, 50887176|2939, 50887811|2949, 50887811|4014, com.sololearn.cplusplus, 
50888135|1, 50888135|850, 50888273|899, 50888273|924, 50888401|953, 50888401|970, 50888761|989, 50888954|1008, 50888954|1068, 50890231|1079, 50890231|1156, 50890285|1174, 50890285|1216, 50891472|1236, 50891472|4010, com.ted.android.conference, 
50891472|1, 50891472|656, 50891526|752, 50891600|783, 50891600|798, 50891728|817, 50891728|844, 50892847|895, 50892847|931, 50893490|982, 50893706|1006, 50893706|1029, 50893760|1061, 50893760|1812, 50896018|1848, 50896018|2050, 50896098|2083, 50896098|3196, 50896152|3226, 50896247|3263, 50896247|3301, 50896375|3317, 50896375|3336, 50896842|3357, 50896896|3381, 50896896|3467, 50898218|3484, 50898398|3500, 50898526|3518, 50899551|3558, 50901313|3587, 50901313|3618, 50902696|3630, 50902696|3655, 50903110|3666, 50903218|3680, 50903218|3702, 50903398|3718, 50903398|3748, 50906928|3771, 50906928|3799, 50908910|3814, 50908910|3858, 50910892|3876, 50910892|3924, 50912906|3936, 50912906|4015, com.mxtech.videoplayer.ad, 
50913585|1, 50913585|520, 50913639|537, 50913716|634, 50913794|701, 50913794|746, 50914416|925, 50915112|1003, 50915112|1032, 50915220|1113, 50915453|1141, 50915453|1403, 50915723|1420, 50915723|2002, 50915885|2014, 50915885|2042, 50915939|2055, 50915939|2599, 50916143|2625, 50916197|2728, 50916197|2955, 50917787|2973, 50917787|3178, 50917915|3194, 50917915|3205, 50918180|3218, 50918180|3421, 50918417|3432, 50918417|4005, com.sololearn.cplusplus, 
50919376|1, 50919376|3516, 50919500|3604, 50919698|3689, 50920570|3790, 50920570|3811, 50921249|3836, 50922039|3969, 50922039|4027, air.com.hypah.io.slither, 
50926348|1, 50926348|2886, 50926456|2911, 50926456|3121, 50930500|3139, 50930500|3479, 50930554|3494, 50930554|3531, 50930682|3543, 50930682|3576, 50931537|3603, 50932330|3615, 50932330|3640, 50932502|3654, 50932502|3767, 50932594|3812, 50932682|3847, 50932844|3863, 50933368|3905, 50933422|3940, 50933828|3960, 50933967|3974, 50933967|4012, at.DiTronic.androidgroup.randomgallery, 
50936424|1, 50936424|734, 50936640|901, 50937100|1007, 50937100|1068, 50937602|1247, 50937602|1646, 50937710|1736, 50937764|1844, 50937764|3194, 50937818|3227, 50938426|3335, 50938876|3435, 50938876|3485, 50939603|3518, 50939603|3592, 50939657|3633, 50940384|3662, 50940384|4014, com.scb.breezebanking.hk, 
50940546|1, 50940546|4009, com.ted.android.conference, 
50940546|1, 50940546|2223, 50940600|2257, 50940600|4009, com.ted.android.conference, 
50940654|1, 50940654|4003, com.android.vending, 
50942760|1, 50942760|1048, 50943084|1109, 50943084|1133, 50943354|1188, 50943596|1281, 50943596|2798, 50943920|2810, 50943920|4001, com.whatsapp, 
50944232|1, 50944232|1781, 50944556|1813, 50944644|1853, 50944644|2026, 50944846|2037, 50944846|2160, 50945515|2183, 50945515|2366, 50945643|2379, 50945643|2566, 50945963|2578, 50945963|2762, 50946071|2781, 50946125|2792, 50946125|3010, 50946521|3033, 50946575|3051, 50946575|3186, 50947232|3202, 50947232|3832, 50947286|3863, 50947286|3917, 50947363|3934, 50947363|3951, 50947491|3990, 50947491|4016, com.bankofamerica.cashpromobile, 
50950560|1, 50950560|1824, 50950614|1841, 50950614|2068, 50950742|2080, 50950742|2278, 50951357|2290, 50951357|2487, 50951485|2500, 50951485|2689, 50951967|2700, 50951967|2916, 50952363|2928, 50952363|3102, 50952966|3127, 50952966|3685, 50953020|3722, 50953148|3763, 50953148|3921, 50953555|3976, 50953555|4028, com.bankofamerica.cashpromobile, 
50956568|1, 50956568|679, 50956622|729, 50956622|3678, 50956712|3690, 50956712|4003, com.whatsapp, 
50956982|1, 50956982|2190, 50957306|2255, 50957434|2287, 50957434|2604, 50958002|2639, 50958002|4022, com.sometimeswefly.littlealchemy, 
50958110|1, 50958110|4002, com.google.android.gm, 
50958110|1, 50958110|1046, 50958250|1170, 50958336|1209, 50958336|1234, 50958592|1272, 50958995|1308, 50958995|1324, 50959344|1348, 50959344|1464, 50961721|1510, 50962458|1532, 50962458|1634, 50962620|1662, 50962620|1948, 50962890|1969, 50962890|2272, 50965026|2430, 50967966|2593, 50968801|2699, 50968801|2827, 50969056|2891, 50971343|2921, 50973504|2956, 50973504|2967, 50973558|3026, 50977996|3078, 50978050|3125, 50980314|3179, 50980854|3227, 50981178|3291, 50981178|3918, 50981232|3940, 50981317|3981, 50981550|4027, com.android.vending, 
50985845|1, 50985845|91, 50985899|105, 50985899|1868, 50985976|1895, 50985976|1933, 50986050|1946, 50986050|1957, 50986104|1974, 50986104|1983, 50986425|1994, 50986522|2006, 50986522|2119, 50987515|2135, 50987515|2202, 50987569|2246, 50987771|2305, 50988359|2327, 50988768|2398, 50990322|2502, 50992310|2534, 50992310|2800, 50992418|2814, 50992418|2989, 50992472|3000, 50992472|3045, 50992600|3056, 50992600|3081, 51001911|3093, 51001911|3122, 51004182|3135, 51004182|3185, 51004452|3204, 51004452|4010, com.google.android.keep, 
51005989|1, 51005989|1605, 51006387|1725, 51007287|1820, 51007287|1840, 51007395|1860, 51008784|1883, 51009671|1899, 51009671|1946, 51009763|1957, 51009763|2016, 51010141|2028, 51010195|2040, 51010195|2913, 51010403|2948, 51010587|4043, com.google.android.music, 
51012639|1, 51012639|635, 51012693|812, 51013051|904, 51013944|959, 51014106|1014, 51015029|1083, 51015029|1200, 51015083|1212, 51015083|1803, 51017341|1828, 51017341|1957, 51017552|2118, 51017552|2214, 51017680|2279, 51017680|2475, 51018183|2487, 51018183|2499, 51018237|2512, 51018237|2672, 51018417|2685, 51018417|2909, 51019808|2933, 51019808|2987, 51019862|3020, 51020031|3085, 51020336|3122, 51021766|3139, 51021766|3199, 51021928|3222, 51021928|3233, 51022162|3251, 51022741|3274, 51022741|3285, 51022849|3303, 51022849|3325, 51024171|3346, 51024267|3390, 51024395|3418, 51024395|3439, 51024863|3462, 51024863|3474, 51024917|3487, 51024917|3508, 51025151|3522, 51025151|3550, 51027133|3568, 51027133|3604, 51029115|3617, 51029115|3742, 51031097|3757, 51031097|3906, 51033111|3916, 51033111|4010, com.mxtech.videoplayer.ad, 
51033813|1, 51033813|602, 51033867|766, 51034489|927, 51034991|996, 51034991|1328, 51035045|1453, 51035153|1526, 51035153|2627, 51035261|2700, 51035459|2770, 51035923|2791, 51035923|2823, 51036319|2871, 51036938|2898, 51036992|2918, 51036992|2990, 51037046|3009, 51037046|3044, 51037773|3071, 51037773|4009, com.scb.breezebanking.hk, 
51037881|1, 51037881|680, 51037935|793, 51038087|835, 51038503|876, 51039108|919, 51039977|973, 51040139|1016, 51040139|1107, 51040247|1124, 51040247|1726, 51042507|1772, 51042507|1893, 51042795|1947, 51042795|2148, 51042923|2192, 51042923|2378, 51043372|2393, 51043372|2429, 51043426|2445, 51043426|2574, 51043660|2589, 51043660|2839, 51045051|2849, 51045051|2927, 51045200|3002, 51045328|3062, 51045795|3087, 51045795|3196, 51047297|3245, 51047405|3274, 51047984|3299, 51047984|3333, 51048166|3368, 51049902|3385, 51049902|3399, 51049956|3413, 51049956|3425, 51050136|3440, 51050136|3511, 51052118|3526, 51052226|3547, 51052226|3570, 51054208|3582, 51054208|3594, 51054262|3610, 51054262|3646, 51056244|3658, 51056244|3717, 51058258|3728, 51058258|4006, com.mxtech.videoplayer.ad, 
51058852|1, 51058852|2200, 51058906|2216, 51058906|2231, 51059034|2346, 51059034|2570, 51059602|2584, 51059602|4001, com.sometimeswefly.littlealchemy, 
51059710|1, 51059710|1127, 51059764|1159, 51059764|1178, 51059838|1209, 51059838|1297, 51059961|1309, 51059961|1499, 51060410|1514, 51060410|1577, 51060464|1595, 51060464|1730, 51060698|1742, 51060698|1889, 51061987|1900, 51061987|2443, 51062114|2513, 51062242|2546, 51062242|2568, 51062687|2637, 51062921|2683, 51063975|2721, 51063975|2917, 51064029|2952, 51064029|4009, com.Slack, 
51064314|1, 51064314|1113, 51064422|1291, 51064650|1410, 51064650|1512, 51065078|1560, 51065078|1598, 51065646|1761, 51065847|1884, 51065847|1992, 51067151|2044, 51067392|2063, 51067500|2087, 51067741|2119, 51067741|2165, 51069035|2230, 51069971|2379, 51071023|2585, 51071503|2658, 51071503|2857, 51076531|2892, 51076531|3034, 51076585|3170, 51076585|4017, com.ebay.mobile, 
51081639|1, 51081639|1213, 51081841|1368, 51082269|1448, 51082269|1486, 51082568|1534, 51083241|1615, 51083241|1688, 51083745|1837, 51084443|1877, 51084623|1921, 51085049|1987, 51085344|2041, 51090093|2061, 51090813|2151, 51091347|2234, 51091973|2287, 51091973|2344, 51093720|2491, 51093828|2620, 51093828|2878, 51095586|2901, 51095586|4024, com.ebay.mobile, 
51099821|1, 51099821|4011, com.android.vending, 
51099821|1, 51099821|4006, com.android.vending, 
51099821|1, 51099821|803, 51100087|904, 51100648|939, 51100648|954, 51101092|971, 51101092|1003, 51101326|1021, 51101326|1039, 51102529|1073, 51102529|1127, 51102920|1138, 51102920|1168, 51103190|1180, 51103352|1203, 51103352|1237, 51103532|1262, 51103532|1311, 51103586|1327, 51103586|1516, 51105051|1531, 51105051|2064, 51105105|2114, 51105233|2164, 51105233|2176, 51105678|2203, 51105678|2298, 51105912|2309, 51105912|2323, 51106966|2337, 51106966|2615, 51107020|2632, 51107020|4006, com.Slack, 
51107452|1, 51107452|664, 51107506|705, 51107806|771, 51108012|852, 51108462|929, 51109774|1013, 51109990|1033, 51109990|1085, 51110044|1097, 51110044|1685, 51112302|1734, 51112302|1834, 51112382|1919, 51112382|2074, 51112436|2124, 51112532|2168, 51112734|2186, 51113148|2237, 51113202|2247, 51113202|2269, 51113382|2282, 51113382|2306, 51115418|2319, 51115418|2332, 51115651|2349, 51115651|2439, 51115921|2462, 51115921|2484, 51116029|2496, 51116029|2617, 51116263|2632, 51116263|2799, 51117657|2838, 51119053|2875, 51119161|2918, 51119520|2933, 51119628|2962, 51119628|2975, 51119808|2986, 51119808|3000, 51119862|3020, 51119862|3044, 51120495|3061, 51120495|3085, 51121925|3105, 51121925|3115, 51122033|3129, 51122033|3159, 51124015|3174, 51124015|3204, 51126051|3215, 51126051|3247, 51126105|3261, 51126159|3279, 51126159|3343, 51128173|3360, 51128173|4002, com.mxtech.videoplayer.ad, 
51128821|1, 51128821|4015, com.ted.android.conference, 
51128821|1, 51128821|1730, 51129031|1810, 51129159|1860, 51129503|1955, 51130059|2122, 51130919|2159, 51130919|2219, 51131011|2278, 51131011|2761, 51131173|2797, 51131173|3316, 51133224|3413, 51133427|3507, 51133768|3569, 51135047|3681, 51135347|3731, 51135347|4075, com.google.android.apps.docs, 
51135609|1, 51135609|4010, com.ted.android.conference, 
51135717|1, 51135717|669, 51136618|821, 51137088|881, 51137088|954, 51137196|985, 51137429|1024, 51137429|1240, 51137753|1266, 51137753|1444, 51137807|1492, 51137807|1564, 51137861|1593, 51137861|1869, 51138119|1882, 51138119|2516, 51138914|2536, 51138914|2550, 51139763|2589, 51139763|2621, 51139837|2680, 51139837|2717, 51139924|2752, 51140086|2787, 51140086|2840, 51140351|2887, 51140351|2954, 51141602|2989, 51143101|3020, 51143641|3051, 51143641|3399, 51154102|3410, 51154102|3528, 51154857|3541, 51154857|4006, com.sololearn.cplusplus, 
51155289|1, 51155289|1253, 51155343|1280, 51155343|1322, 51156259|1356, 51156259|4009, com.google.android.gm, 
51156259|1, 51156259|2533, 51156313|2564, 51156313|2602, 51156367|2636, 51156367|2806, 51156470|2838, 51156470|3150, 51156524|3178, 51156618|3208, 51156712|3235, 51156712|3274, 51156840|3305, 51157382|3344, 51157382|3376, 51157894|3409, 51158380|3436, 51158380|3543, 51158921|3560, 51158921|3606, 51158975|3639, 51158975|3816, 51159186|3843, 51159186|3979, 51159278|3994, 51159278|4006, com.google.android.apps.photos, 
51159597|1, 51159597|4004, com.google.android.gm, 
51159597|1, 51159597|1712, 51159734|1750, 51159900|1778, 51160057|1792, 51160057|1826, 51160185|1840, 51160185|1852, 51160490|1871, 51160490|1881, 51160849|1897, 51160957|1912, 51161065|1932, 51162618|1953, 51163395|1976, 51163395|2035, 51163649|2049, 51163919|2079, 51163973|2121, 51163973|3048, 51164181|3076, 51164181|3864, 51164365|3951, 51164493|4005, com.google.android.music, 
51166255|1, 51166255|2441, 51166363|2498, 51166363|2597, 51166471|2645, 51166471|2976, 51166574|2997, 51166574|3025, 51166702|3037, 51166702|3079, 51167244|3092, 51167244|3115, 51167672|3131, 51168212|3142, 51168837|3154, 51168837|3188, 51168891|3203, 51168891|3421, 51169053|3436, 51169053|3630, 51169145|3641, 51169145|4002, com.google.android.apps.photos, 
51169513|1, 51169513|763, 51169636|876, 51170359|932, 51170593|976, 51171005|992, 51171005|1043, 51171113|1056, 51171113|1132, 51171346|1157, 51171562|1171, 51171562|1189, 51171670|1200, 51171670|1334, 51171850|1348, 51171850|1573, 51173275|1588, 51173275|2013, 51173329|2125, 51173329|4012, com.Slack, 
51173618|1, 51173618|1257, 51173691|1321, 51173843|1440, 51173990|1536, 51174418|1603, 51174418|1707, 51175444|1933, 51175806|2072, 51175806|2128, 51177013|2200, 51177013|2289, 51177601|2356, 51179065|2386, 51183372|2526, 51183480|2589, 51184052|2678, 51185801|2790, 51185801|2950, 51185855|2998, 51187611|3024, 51187611|3190, 51187665|3278, 51187665|4023, com.ebay.mobile, 
51197503|1, 51197503|4002, com.google.android.gm, 
51197503|1, 51197503|3352, 51197771|3482, 51200650|3817, 51201860|3864, 51201988|3888, 51201988|3951, 51202096|3988, 51202150|4006, air.com.hypah.io.slither, 
51212351|1, 51212351|1208, 51212405|1234, 51212405|4009, com.google.android.gm, 
51212405|1, 51212405|4002, com.google.android.gm, 
51212405|1, 51212405|1153, 51212491|1229, 51212775|1338, 51213343|1432, 51213881|1471, 51213881|1589, 51213935|1609, 51213935|4003, org.catrobat.catroid, 
51214043|1, 51214043|823, 51214171|910, 51214245|969, 51214447|1072, 51215340|1132, 51215566|1178, 51216425|1226, 51216425|1312, 51216479|1324, 51216479|1981, 51218737|2008, 51218737|2219, 51218817|2266, 51218817|2316, 51218948|2428, 51218948|2530, 51219076|2552, 51219076|2728, 51219525|2762, 51219525|2807, 51219579|2830, 51219579|2944, 51219813|2958, 51219813|3177, 51221206|3220, 51221260|3257, 51221429|3341, 51221483|3371, 51221483|3383, 51221896|3418, 51221896|3432, 51221950|3451, 51221950|3463, 51222763|3495, 51224085|3524, 51224139|3544, 51224139|3566, 51224235|3597, 51224235|3619, 51224363|3630, 51224615|3643, 51224885|3660, 51224885|3683, 51225173|3705, 51225173|3718, 51226495|3730, 51226495|3786, 51228477|3804, 51228531|3816, 51228531|3837, 51230513|3850, 51230513|3878, 51230567|3894, 51230621|3915, 51230621|3949, 51232603|3966, 51232603|3981, 51232657|3998, 51232657|4012, com.mxtech.videoplayer.ad, 
51235211|1, 51235211|2976, 51235319|2993, 51235319|3198, 51238875|3209, 51238929|3246, 51238983|3318, 51239037|4003, at.DiTronic.androidgroup.randomgallery, 
51242936|1, 51242936|1789, 51242990|1832, 51243064|1858, 51243064|1872, 51243497|1902, 51243497|1915, 51244018|1946, 51244018|1967, 51245515|1986, 51245515|1998, 51246202|2011, 51246310|2022, 51246364|2036, 51246364|2067, 51246548|2079, 51246602|2090, 51246980|2111, 51246980|3014, 51247188|3035, 51247288|4034, com.google.android.music, 
51249232|1, 51249232|1974, 51249286|1987, 51249286|2006, 51249360|2023, 51249468|2042, 51249468|2060, 51249756|2079, 51249756|2101, 51250652|2116, 51250652|2157, 51250988|2176, 51250988|2339, 51251096|2370, 51251096|4011, com.google.android.keep, 
51251204|1, 51251204|1204, 51251332|1378, 51251730|1425, 51251730|1527, 51253146|1611, 51253238|1660, 51253238|1991, 51253500|2063, 51253500|3399, 51255891|3411, 51255891|3461, 51256019|3473, 51256019|3507, 51256360|3520, 51256862|3534, 51256862|3545, 51257423|3556, 51257423|3590, 51257569|3602, 51257569|3625, 51257723|3638, 51257723|4011, com.google.android.apps.docs, 
51259132|1, 51259132|1820, 51259240|1903, 51259240|1948, 51259747|1960, 51259747|2001, 51260214|2012, 51260214|2034, 51260322|2046, 51261875|2059, 51261875|2072, 51262706|2086, 51262706|2142, 51262798|2153, 51262798|2165, 51263122|2177, 51263176|2188, 51263176|2983, 51263384|2996, 51263384|4012, com.google.android.music, 
51265566|1, 51265566|725, 51265697|757, 51265977|839, 51266265|937, 51266545|956, 51267015|972, 51267015|994, 51267123|1038, 51267123|1060, 51267356|1144, 51267680|1236, 51267680|1396, 51267734|1490, 51267734|1611, 51267788|1640, 51267788|1820, 51267992|1835, 51268046|1861, 51268046|2151, 51268915|2171, 51268915|2439, 51269764|2462, 51270029|2489, 51270029|2617, 51270266|2649, 51270266|3191, 51270901|3206, 51270901|4007, com.sololearn.cplusplus, 
51271225|1, 51271225|2500, 51271279|2545, 51271333|2584, 51271436|2615, 51271436|2664, 51271564|2677, 51271564|2710, 51272106|2729, 51272106|2756, 51273104|2769, 51273104|2904, 51273645|2917, 51273699|2928, 51273699|3139, 51273861|3193, 51273861|3537, 51273953|3553, 51273953|4003, com.google.android.apps.photos, 
51274321|1, 51274321|1716, 51274375|1746, 51274375|1788, 51274463|1800, 51274463|1830, 51274551|1844, 51274551|1988, 51274753|2001, 51274753|2114, 51275422|2154, 51275422|2322, 51275550|2335, 51275550|2533, 51275870|2544, 51275870|2729, 51275978|2740, 51276032|2753, 51276032|2970, 51276428|2981, 51276428|3141, 51277031|3155, 51277031|3842, 51277085|3858, 51277162|3903, 51277162|3951, 51277239|3977, 51277367|4016, com.bankofamerica.cashpromobile, 
51279896|1, 51279896|756, 51279950|801, 51280176|882, 51280646|973, 51282066|1033, 51282066|1083, 51282174|1101, 51282174|1152, 51282282|1171, 51282282|1823, 51284540|1836, 51284540|1950, 51284751|2023, 51284751|2169, 51284825|2193, 51284825|2218, 51284879|2253, 51284879|2378, 51285328|2391, 51285328|2437, 51285382|2452, 51285382|2588, 51285616|2603, 51285616|2821, 51287009|2833, 51287009|2909, 51287158|2995, 51287286|3059, 51289021|3101, 51289021|3216, 51289255|3243, 51289363|3276, 51289363|3291, 51289996|3310, 51289996|3323, 51290092|3346, 51291542|3385, 51291542|3411, 51291902|3422, 51291902|3450, 51292064|3468, 51292064|3478, 51292244|3490, 51292244|3502, 51294258|3526, 51294312|3538, 51294312|3568, 51296294|3583, 51296294|3628, 51298276|3640, 51298276|3684, 51300258|3712, 51300258|4010, com.mxtech.videoplayer.ad, 
51300960|1, 51300960|618, 51301088|732, 51301088|749, 51301216|779, 51301612|852, 51302978|954, 51303140|970, 51303140|1036, 51303194|1059, 51303194|1616, 51305452|1669, 51305452|1771, 51305532|1832, 51305532|2052, 51305586|2075, 51305586|2306, 51305714|2323, 51305714|2516, 51306217|2539, 51306217|2560, 51306325|2571, 51306325|2695, 51306579|2744, 51309402|2813, 51309815|2841, 51309815|2887, 51309869|2905, 51309869|2922, 51310103|2933, 51310211|2973, 51310211|3000, 51310898|3037, 51311080|3061, 51311080|3078, 51312456|3095, 51312456|3129, 51312870|3143, 51312924|3155, 51312924|3168, 51313104|3184, 51313104|3197, 51315086|3210, 51315086|3232, 51315140|3246, 51315140|3290, 51317122|3306, 51317122|3349, 51319104|3366, 51319104|3427, 51321118|3438, 51321118|4014, com.mxtech.videoplayer.ad, 
51321766|1, 51321766|1307, 51321895|1405, 51321895|1445, 51321970|1465, 51321970|1500, 51322098|1523, 51322487|1547, 51322845|1627, 51323500|1687, 51324302|1734, 51325267|1815, 51326567|1950, 51326981|2018, 51327647|2052, 51327647|2142, 51328622|2181, 51330117|2218, 51330171|2242, 51330961|2273, 51331805|2299, 51332388|2344, 51333249|2397, 51333249|2497, 51333357|2516, 51333537|2533, 51334341|2572, 51334341|2588, 51335063|2601, 51335063|2626, 51335893|2642, 51335947|2655, 51335947|2676, 51336055|2724, 51336055|2794, 51336668|2806, 51336668|2846, 51336722|2861, 51337526|2874, 51337608|2902, 51337690|2916, 51337764|2947, 51337764|2962, 51337818|2980, 51337818|2989, 51338494|3004, 51338494|3027, 51339353|3046, 51339353|3057, 51339407|3071, 51339407|3103, 51340356|3122, 51340356|3328, 51340626|3360, 51340626|3376, 51340680|3401, 51341406|3413, 51342462|3431, 51342462|3641, 51343192|3654, 51343192|3719, 51343300|3734, 51343300|3749, 51344029|3761, 51344029|4008, com.dropbox.android, 
51349013|1, 51349013|1023, 51349067|1152, 51349387|1382, 51349387|1436, 51349815|1475, 51349815|1550, 51350700|1670, 51350754|1729, 51350934|1775, 51350934|1807, 51351283|1848, 51351927|1924, 51351927|1974, 51352215|1990, 51352323|2015, 51352989|2046, 51354107|2135, 51355346|2219, 51355690|2293, 51355690|2334, 51356415|2391, 51359684|2440, 51359792|2491, 51361703|2567, 51361919|2610, 51362027|2756, 51362027|2800, 51363780|2831, 51363780|2971, 51364122|3036, 51364122|3197, 51365519|3261, 51365519|3710, 51365573|3721, 51365573|4004, com.ebay.mobile, 
51369991|1, 51369991|1561, 51370045|1583, 51370045|1622, 51370173|1632, 51370173|1660, 51370515|1678, 51370515|1704, 51371357|1720, 51371357|1734, 51371692|1744, 51371692|2025, 51371800|2037, 51371800|4012, com.google.android.keep, 
51371908|1, 51371908|968, 51371962|1166, 51371962|1230, 51372164|1328, 51372164|1458, 51372925|1517, 51372925|1553, 51372979|1573, 51373269|1716, 51373269|1773, 51373798|1845, 51376279|2020, 51377610|2155, 51377610|2233, 51377826|2265, 51381775|2449, 51382363|2590, 51382363|2756, 51384068|2787, 51384068|4003, com.ebay.mobile, 
51388302|1, 51388302|2641, 51388426|2707, 51390175|2920, 51390175|3097, 51390229|3129, 51391019|3179, 51391019|3828, 51391073|3851, 51391073|4020, air.com.hypah.io.slither, 
51395329|1, 51395329|2041, 51395520|2070, 51395677|2091, 51395677|2126, 51396110|2138, 51396110|2160, 51396415|2172, 51396631|2185, 51397049|2197, 51397605|2210, 51398961|2235, 51398961|2292, 51399107|2306, 51399107|2317, 51399485|2334, 51399485|3364, 51399693|3380, 51399693|4004, com.google.android.music, 
51403130|1, 51403130|4010, com.android.vending, 
51403400|1, 51403400|702, 51403454|758, 51404130|902, 51404130|1066, 51404184|1196, 51404632|1300, 51404632|2513, 51404794|2597, 51404794|3270, 51404918|3337, 51405510|3391, 51405510|3414, 51405906|3456, 51405906|3479, 51405960|3511, 51406687|3566, 51406687|3641, 51406741|3660, 51406741|3695, 51407468|3718, 51407468|4018, com.scb.breezebanking.hk, 
51407576|1, 51407576|2239, 51407630|2278, 51407784|2341, 51407912|2388, 51407912|2592, 51408480|2666, 51408480|2976, 51408534|3042, 51408758|3091, 51408758|3135, 51409467|3163, 51409467|3182, 51410070|3214, 51410070|4012, com.sometimeswefly.littlealchemy, 
51410394|1, 51410394|674, 51410448|711, 51410600|791, 51411094|862, 51411925|930, 51412568|945, 51412568|975, 51412838|1007, 51412838|1075, 51412892|1095, 51412892|1620, 51415150|1674, 51415150|1843, 51415230|1924, 51415230|2194, 51415284|2240, 51415361|2261, 51415438|2282, 51415438|2419, 51415566|2432, 51415566|2630, 51416069|2644, 51416069|2666, 51416123|2678, 51416123|2780, 51416398|2809, 51416452|2847, 51417975|2896, 51418029|2911, 51418029|2923, 51418496|2940, 51418496|3002, 51418550|3019, 51419926|3042, 51420106|3065, 51420160|3079, 51420160|3092, 51420793|3114, 51420793|3150, 51420847|3177, 51420997|3212, 51420997|3231, 51421125|3279, 51422807|3297, 51422969|3311, 51422969|3330, 51423149|3348, 51423149|3368, 51425131|3394, 51425185|3420, 51425185|3430, 51427167|3448, 51427221|3476, 51427221|3513, 51429203|3526, 51429203|3577, 51431217|3590, 51431217|4009, com.mxtech.videoplayer.ad, 
51431919|1, 51431919|1360, 51432051|1505, 51432469|1651, 51435309|1781, 51435401|1832, 51435401|2192, 51435563|2233, 51435563|2725, 51435738|2797, 51436174|2867, 51438673|2937, 51439628|2968, 51439628|2992, 51439928|3189, 51439928|4003, com.google.android.apps.docs, 
51440190|1, 51440190|586, 51440244|610, 51440244|640, 51440395|678, 51440865|739, 51440865|860, 51441378|912, 51441848|945, 51441848|982, 51442064|1124, 51442064|1234, 51442334|1302, 51442334|1455, 51442388|1521, 51442388|1788, 51442646|1801, 51442646|2112, 51444236|2135, 51444236|2394, 51444364|2412, 51444364|2431, 51444629|2445, 51444629|2610, 51444866|2633, 51444866|3151, 51445501|3164, 51445501|4007, com.sololearn.cplusplus, 
51445825|1, 51445825|1775, 51445879|1799, 51445879|1928, 51445967|1942, 51445967|2035, 51446041|2049, 51446041|2094, 51446169|2108, 51446169|2523, 51446838|2535, 51446838|2781, 51446912|2796, 51446912|2829, 51447040|2842, 51447040|3138, 51447576|3154, 51447576|3449, 51447972|3500, 51447972|3562, 51448026|3602, 51448026|3770, 51448683|3790, 51448683|4014, com.bankofamerica.cashpromobile, 
51451579|1, 51451579|1044, 51451633|1113, 51451917|1208, 51453023|1346, 51453023|1434, 51453077|1505, 51453077|4009, org.catrobat.catroid, 
51453185|1, 51453185|1208, 51453239|1244, 51453391|1344, 51453391|4001, com.whatsapp, 
51453391|1, 51453391|719, 51453565|751, 51453649|845, 51453649|1043, 51453723|1094, 51453777|1109, 51454017|1157, 51454017|1271, 51454194|1286, 51454356|1306, 51454356|1471, 51454536|1483, 51454536|1691, 51455673|1720, 51455673|1875, 51455747|1885, 51455801|1898, 51455801|2084, 51456250|2097, 51456250|2153, 51456304|2173, 51456304|2339, 51456611|2397, 51458134|2468, 51458579|2531, 51458867|2600, 51459921|2647, 51459921|2885, 51459975|2918, 51459975|4002, com.Slack, 
51461102|1, 51461102|597, 51461156|656, 51461156|4003, com.whatsapp, 
51461156|1, 51461156|616, 51461596|744, 51462046|826, 51463358|891, 51463358|910, 51463520|928, 51463520|1019, 51463574|1040, 51463574|1533, 51465832|1595, 51465832|1745, 51465912|1820, 51465912|2046, 51465966|2093, 51465966|2317, 51466094|2330, 51466094|2517, 51466597|2531, 51466597|2582, 51466651|2593, 51466651|2725, 51466885|2763, 51466885|2809, 51468278|2885, 51468657|2918, 51468927|2943, 51468927|2969, 51468981|3001, 51470303|3020, 51470303|3048, 51470537|3062, 51470537|3085, 51471116|3102, 51471170|3138, 51471170|3162, 51471352|3183, 51471352|3195, 51471712|3213, 51471874|3230, 51473196|3245, 51473196|3258, 51473376|3270, 51473376|3319, 51475358|3330, 51475358|3375, 51477340|3387, 51477394|3400, 51477394|3411, 51477448|3429, 51477448|3444, 51479430|3455, 51479484|3472, 51479484|3542, 51481498|3553, 51481498|4002, com.mxtech.videoplayer.ad, 
51482246|1, 51482246|4008, com.ted.android.conference, 
51482246|1, 51482246|4009, com.google.android.gm, 
51482246|1, 51482246|1396, 51483370|1802, 51483370|1997, 51483478|2205, 51486792|2404, 51487712|2488, 51490003|2566, 51490003|2588, 51490829|2622, 51491553|2656, 51491869|2732, 51491946|2773, 51491946|4004, com.android.chrome, 
51492594|1, 51492594|617, 51492955|686, 51493083|714, 51493425|738, 51493425|893, 51494408|1052, 51494678|1202, 51494678|1237, 51494894|1339, 51494894|1568, 51494948|1596, 51494948|1818, 51495206|1833, 51495206|2162, 51496075|2172, 51496075|2441, 51496924|2471, 51497189|2497, 51497189|2636, 51497426|2663, 51497426|3274, 51498061|3347, 51498061|4006, com.sololearn.cplusplus, 
51498385|1, 51498385|658, 51498439|672, 51498513|701, 51498641|727, 51498983|755, 51498983|850, 51499733|896, 51499966|1033, 51500182|1159, 51500182|1311, 51500452|1381, 51500452|1478, 51500506|1519, 51500506|1747, 51500764|1762, 51500764|2075, 51501633|2097, 51501633|2360, 51502482|2380, 51502482|2397, 51502747|2416, 51502747|2565, 51502984|2583, 51502984|3120, 51503619|3131, 51503619|4009, com.sololearn.cplusplus, 
51503997|1, 51503997|829, 51504051|915, 51504127|1024, 51504127|4007, com.whatsapp, 
51504127|1, 51504127|4009, com.google.android.gm, 
51504127|1, 51504127|1675, 51504217|1694, 51504217|1747, 51504305|1774, 51504305|1924, 51504433|1936, 51504433|2139, 51505048|2163, 51505048|2334, 51505176|2346, 51505176|2546, 51505550|2560, 51505550|2747, 51505658|2760, 51505658|2962, 51506054|2988, 51506054|3151, 51506657|3164, 51506657|3843, 51506711|3858, 51506711|3902, 51506788|3919, 51506788|3941, 51506916|3975, 51506916|4013, com.bankofamerica.cashpromobile, 
51510228|1, 51510228|1954, 51510282|1972, 51510282|2019, 51510356|2031, 51510410|2044, 51510410|2063, 51510698|2088, 51511594|2099, 51511594|2147, 51511930|2159, 51511930|2351, 51512038|2362, 51512038|4002, com.google.android.keep, 
51514314|1, 51514314|2011, 51514368|2064, 51514445|2108, 51514573|2151, 51514573|2451, 51515141|2514, 51515141|4038, com.sometimeswefly.littlealchemy, 
51515249|1, 51515249|1648, 51515303|1663, 51515303|1723, 51515431|1734, 51515431|1758, 51515773|1769, 51515827|1779, 51516615|1798, 51516615|1839, 51516951|1851, 51516951|1860, 51517005|1872, 51517005|2123, 51517113|2135, 51517113|4007, com.google.android.keep, 
51517221|1, 51517221|1434, 51517275|1511, 51517403|1578, 51517747|1590, 51518055|1602, 51518055|1613, 51519109|1680, 51519201|1690, 51519201|2326, 51519363|2360, 51519363|3526, 51519537|3560, 51519537|3597, 51521928|3608, 51521928|3628, 51522269|3640, 51522771|3650, 51522771|3690, 51523332|3702, 51523332|3733, 51523478|3745, 51523478|3760, 51523632|3776, 51523632|4010, com.google.android.apps.docs, 
51523894|1, 51523894|4008, at.DiTronic.androidgroup.randomgallery, 
51530496|1, 51530496|4009, com.android.vending, 
51530496|1, 51530496|3085, 51530604|3157, 51530604|3387, 51530707|3415, 51530895|3497, 51531023|3568, 51531565|3605, 51531565|3628, 51532564|3656, 51532564|3804, 51533105|3823, 51533105|3933, 51533213|3973, 51533267|4016, com.google.android.apps.photos, 
51533678|1, 51533678|1447, 51534264|1625, 51534264|2148, 51536404|2264, 51537442|2337, 51538009|2397, 51540608|2454, 51541321|2480, 51542045|2547, 51542546|2614, 51542546|4018, com.android.chrome, 
51543194|1, 51543194|1351, 51543248|1411, 51543720|1588, 51543975|1654, 51545190|1702, 51545190|1784, 51545282|1819, 51545282|2053, 51545336|2066, 51545444|2102, 51545444|3370, 51545544|3400, 51545672|3442, 51545672|3477, 51548350|3509, 51548852|3532, 51549359|3544, 51549413|3559, 51549413|3583, 51549559|3598, 51549559|3692, 51549713|3704, 51549713|4003, com.google.android.apps.docs, 
51549975|1, 51549975|1754, 51550029|1793, 51550029|1817, 51550157|1830, 51550157|1854, 51550499|1879, 51551341|1901, 51551341|1936, 51551677|1958, 51551677|2189, 51551785|2207, 51551785|4003, com.google.android.keep, 
51551893|1, 51551893|1736, 51551947|1774, 51551947|1790, 51552035|1804, 51552035|1972, 51552237|2042, 51552237|2197, 51552906|2209, 51552906|2402, 51553034|2418, 51553034|2599, 51553408|2621, 51553408|2813, 51553516|2825, 51553516|3034, 51553912|3058, 51553912|3227, 51554515|3249, 51554515|3855, 51554569|3872, 51554569|3908, 51554646|3937, 51554774|3959, 51554774|4006, com.bankofamerica.cashpromobile, 
51557303|1, 51557303|1146, 51557357|1260, 51557507|1397, 51557507|1552, 51557639|1602, 51557639|1714, 51558033|1767, 51558160|1859, 51558234|1925, 51558234|2037, 51558955|2091, 51558955|2258, 51560729|2366, 51560729|2572, 51562614|2622, 51562614|2777, 51566315|2977, 51566315|3066, 51566446|3216, 51566446|3267, 51566520|3310, 51566520|3342, 51566628|3386, 51567089|3518, 51567089|3737, 51567143|3781, 51567143|3906, 51567377|3917, 51567377|4001, com.ebay.mobile, 
51569149|1, 51569149|4011, com.google.android.gm, 
51569149|1, 51569149|705, 51569257|786, 51569257|4010, com.whatsapp, 
51569257|1, 51569257|987, 51569416|1054, 51569564|1085, 51569618|1102, 51569618|1114, 51570170|1130, 51570170|1149, 51570404|1163, 51570404|1216, 51571103|1234, 51571103|1313, 51571157|1345, 51571535|1358, 51571535|1370, 51571589|1380, 51571589|1516, 51571769|1530, 51571769|1743, 51573177|1753, 51573177|2225, 51573378|2317, 51573432|2335, 51573823|2353, 51573823|2508, 51574111|2534, 51575165|2553, 51575165|3043, 51575219|3083, 51575219|4002, com.Slack, 
51575597|1, 51575597|2697, 51575651|2900, 51575651|2952, 51577416|3057, 51577416|3218, 51577524|3248, 51577524|4012, air.com.hypah.io.slither, 
51579651|1, 51579651|38, 51579996|67, 51579996|269, 51580176|294, 51580176|319, 51580304|355, 51580613|407, 51580860|463, 51584472|524, 51584472|652, 51584958|686, 51584958|1195, 51585012|1233, 51585087|1307, 51585087|1367, 51585236|1428, 51585236|1445, 51585290|1470, 51585625|1517, 51585625|1569, 51585733|1590, 51585733|1604, 51585811|1617, 51585811|1656, 51585963|1717, 51586908|1774, 51587070|1800, 51587440|1840, 51587440|1898, 51587494|1933, 51587622|1956, 51588354|2015, 51589467|2112, 51591111|2178, 51591319|2198, 51594849|2329, 51595873|2391, 51596510|2421, 51597317|2438, 51597317|2520, 51597425|2537, 51597425|2569, 51597533|2654, 51598655|2716, 51600181|2746, 51600181|2932, 51600794|2944, 51600794|2998, 51601082|3019, 51601082|3036, 51601190|3054, 51601244|3071, 51601298|3090, 51602527|3103, 51602527|3117, 51603494|3131, 51603494|3168, 51603602|3184, 51603782|3200, 51603782|3433, 51604566|3447, 51604728|3467, 51604728|3478, 51605400|3501, 51605400|3807, 51606276|3824, 51606276|3860, 51606330|3882, 51607242|3900, 51607242|4001, com.dropbox.android, 
51608889|1, 51608889|2275, 51608943|2340, 51609071|2431, 51609071|2472, 51610103|2631, 51610211|2721, 51610211|2859, 51610319|2889, 51610319|2901, 51611645|2934, 51611699|2993, 51611699|4012, com.sometimeswefly.littlealchemy, 
51611807|1, 51611807|1314, 51611935|1435, 51611989|1481, 51612279|1580, 51613803|1628, 51613803|1670, 51613895|1700, 51613895|1910, 51614057|1954, 51614057|2910, 51614306|3104, 51614701|3190, 51615710|3251, 51615856|3312, 51615856|3393, 51615956|3405, 51615956|3675, 51618347|3689, 51618347|4004, com.google.android.apps.docs, 
51618663|1, 51618663|727, 51618717|811, 51618717|890, 51618893|1049, 51619427|1187, 51619427|1466, 51619929|1498, 51619929|1925, 51620091|1998, 51620091|2961, 51620145|2987, 51620215|3026, 51620591|3078, 51620807|3108, 51621203|3161, 51621876|3262, 51621876|3284, 51622038|3376, 51622765|3446, 51622765|4028, com.scb.breezebanking.hk, 
51622873|1, 51622873|1787, 51622927|1813, 51622927|1847, 51623015|1866, 51623015|2043, 51623217|2056, 51623217|2209, 51623886|2225, 51623886|2419, 51624014|2431, 51624014|2590, 51624496|2633, 51624496|2851, 51624892|2863, 51624892|3027, 51625495|3049, 51625495|3459, 51625549|3543, 51625831|3722, 51625831|3829, 51626130|3862, 51626238|4028, com.bankofamerica.cashpromobile, 
51629467|1, 51629467|1965, 51629521|2036, 51629844|2084, 51629844|2104, 51629972|2119, 51630277|2140, 51631312|2190, 51632295|2217, 51632982|2232, 51632982|2241, 51633182|2253, 51633182|2275, 51633274|2287, 51633328|2298, 51633544|2310, 51633806|2322, 51633806|3335, 51633914|3348, 51633968|3373, 51633968|4002, com.google.android.music, 
51636288|1, 51636288|1243, 51636342|1310, 51636342|1356, 51636420|1428, 51637298|1556, 51638362|1613, 51638362|1635, 51638454|1667, 51638454|1936, 51638616|1980, 51638616|2817, 51638716|2878, 51638865|2930, 51641256|2953, 51641256|2982, 51641597|3003, 51642099|3017, 51642099|3035, 51642660|3047, 51642660|3070, 51642752|3086, 51642806|3103, 51642806|3160, 51642960|3179, 51642960|4027, com.google.android.apps.docs, 
51643222|1, 51643222|2867, 51643276|2879, 51643276|3115, 51647102|3129, 51647102|3591, 51647460|3640, 51647548|3672, 51647709|3708, 51647924|3728, 51647924|3741, 51648384|3762, 51648788|3774, 51648788|3796, 51650072|3809, 51650500|3821, 51650965|3838, 51651049|3853, 51651191|3872, 51651191|4012, at.DiTronic.androidgroup.randomgallery, 
51652473|1, 51652473|1046, 51652602|1094, 51652677|1129, 51652751|1202, 51652805|1237, 51653346|1278, 51654158|1370, 51654955|1424, 51654955|1435, 51655009|1470, 51655191|1517, 51655797|1578, 51656116|1602, 51656224|1619, 51656552|1642, 51658721|1702, 51660126|1725, 51660916|1799, 51661096|1815, 51661204|1834, 51661204|1846, 51662343|1871, 51662523|1896, 51662577|1917, 51663384|1934, 51663438|1947, 51663438|1962, 51664422|1985, 51664476|2012, 51664476|2093, 51664530|2129, 51664530|2161, 51664584|2198, 51665306|2214, 51666298|2232, 51666298|2301, 51666352|2338, 51666352|2384, 51666911|2406, 51667067|2446, 51667067|2541, 51667925|2553, 51667925|2591, 51667979|2609, 51667979|2623, 51668087|2634, 51669856|2650, 51669856|2708, 51670517|2721, 51670517|2887, 51670679|2902, 51670679|2914, 51670733|2928, 51670787|2946, 51670787|2956, 51671021|2980, 51671021|3012, 51671751|3027, 51671751|3081, 51672423|3111, 51672423|3150, 51673299|3170, 51673299|3402, 51673407|3420, 51673407|3478, 51674319|3501, 51674319|3814, 51674940|3827, 51674994|3843, 51674994|3857, 51675901|3870, 51675901|4004, com.dropbox.android, 
51680703|1, 51680703|2938, 51680971|3094, 51683312|3300, 51684340|3352, 51685080|3414, 51685188|3493, 51685188|3513, 51685296|3544, 51685296|3555, 51685350|3574, 51685404|3592, 51685404|3651, 51685458|3673, 51685512|3685, 51685512|3698, 51685566|3717, 51685566|3741, 51685620|3752, 51685620|4025, air.com.hypah.io.slither, 
51691171|1, 51691171|746, 51691399|832, 51691879|940, 51691879|1117, 51692435|1264, 51692435|1515, 51692489|1586, 51692597|1657, 51692597|2761, 51692651|2775, 51692721|2809, 51693313|2906, 51693763|2991, 51694490|3056, 51694490|3104, 51694544|3118, 51694544|3142, 51695271|3164, 51695271|4008, com.scb.breezebanking.hk, 
51695379|1, 51695379|1783, 51695516|1870, 51695673|1904, 51695673|1938, 51696106|1949, 51696106|1986, 51696519|1999, 51696627|2011, 51696681|2022, 51698124|2036, 51698124|2047, 51699011|2063, 51699011|2120, 51699103|2132, 51699103|2159, 51699535|2171, 51699643|2186, 51699643|3019, 51699851|3032, 51699951|4017, com.google.android.music, 
51701949|1, 51701949|2809, 51702003|2824, 51702003|3049, 51705560|3059, 51706046|3076, 51706046|3558, 51706100|3619, 51706174|3648, 51706302|3671, 51706600|3689, 51706919|3712, 51707617|3736, 51707617|3746, 51708251|3760, 51708251|3771, 51709607|3782, 51709607|3824, 51709661|3839, 51709661|4008, at.DiTronic.androidgroup.randomgallery, 
51711068|1, 51711068|922, 51711208|959, 51711208|972, 51711368|1059, 51711368|1158, 51711422|1191, 51711717|1230, 51711717|1688, 51712026|1870, 51712026|1977, 51712817|2011, 51712817|4006, com.android.vending, 
51712925|1, 51712925|1951, 51712979|1978, 51713056|2025, 51713184|2054, 51713184|2306, 51713752|2359, 51713752|4003, com.sometimeswefly.littlealchemy, 
51713860|1, 51713860|2883, 51715593|3093, 51715593|3226, 51715775|3306, 51716565|3323, 51716565|4004, air.com.hypah.io.slither, 
51720876|1, 51720876|1674, 51721115|1728, 51721115|1759, 51721266|1792, 51721418|1845, 51721491|1879, 51721565|1914, 51721619|1949, 51721906|1972, 51721906|2022, 51722248|2041, 51722464|2068, 51722855|2172, 51722909|2190, 51723089|2229, 51723451|2307, 51723985|2354, 51724609|2388, 51724609|2408, 51725962|2454, 51726385|2526, 51729654|2564, 51729924|2635, 51730170|2720, 51730704|2755, 51730704|2819, 51730992|2915, 51731046|2988, 51732751|3019, 51732805|3090, 51733525|3242, 51733525|3382, 51734151|3607, 51734774|3705, 51734774|3842, 51735440|3858, 51735440|4007, com.ebay.mobile, 
51741227|1, 51741227|983, 51741907|1122, 51742671|1282, 51742671|1361, 51742725|1388, 51742725|4001, org.catrobat.catroid, 
51743529|1, 51743529|1163, 51743658|1243, 51743658|1320, 51744630|1397, 51745240|1428, 51745638|1458, 51746691|1539, 51746907|1568, 51746907|1598, 51747354|1619, 51747408|1633, 51747408|1648, 51747536|1668, 51748114|1694, 51748168|1707, 51748384|1757, 51748384|2067, 51748978|2125, 51751806|2170, 51751806|2290, 51752364|2308, 51752364|2326, 51752724|2345, 51752832|2361, 51755009|2409, 51755009|2425, 51755189|2442, 51755351|2465, 51755405|2481, 51755405|2548, 51756212|2568, 51756880|2588, 51756880|2654, 51757710|2666, 51757710|2708, 51758724|2742, 51758778|2781, 51758778|2825, 51758940|2842, 51758940|2919, 51759661|2936, 51759661|2959, 51760517|2984, 51761376|2996, 51761376|3153, 51761592|3168, 51761592|3180, 51761646|3192, 51761646|3218, 51762433|3229, 51762433|3268, 51763217|3286, 51763217|3300, 51763271|3312, 51763271|3352, 51763325|3368, 51763325|3412, 51764819|3425, 51764819|3437, 51764873|3450, 51764873|3669, 51764927|3682, 51764927|3693, 51765035|3718, 51765035|3729, 51765947|3750, 51765947|4006, com.dropbox.android, 
51772223|1, 51772223|778, 51773589|1101, 51773643|1180, 51773643|4001, org.catrobat.catroid, 
51773751|1, 51773751|1281, 51773805|1336, 51773956|1428, 51774030|1527, 51774372|1589, 51774372|1624, 51775272|1675, 51775272|1720, 51775526|1803, 51775526|1828, 51776625|1902, 51776753|1959, 51776753|1993, 51778291|2045, 51778507|2094, 51778748|2151, 51778856|2202, 51778856|2246, 51779480|2317, 51779534|2363, 51780086|2451, 51786419|2997, 51786419|3141, 51786991|3276, 51786991|4003, com.ebay.mobile, 
51787423|1, 51787423|3035, 51787639|3047, 51787639|3259, 51791206|3277, 51791692|3303, 51791692|3701, 51791922|3744, 51791922|3771, 51792124|3811, 51792124|3841, 51792422|3853, 51792741|3866, 51792741|3878, 51793439|3898, 51793439|3909, 51793850|3922, 51793850|3932, 51794073|3947, 51794073|3958, 51795249|3972, 51795429|3988, 51795429|4002, at.DiTronic.androidgroup.randomgallery, 
51796405|1, 51796405|1140, 51797159|1622, 51797159|1879, 51797359|2165, 51800192|2280, 51801066|2365, 51801362|2405, 51803718|2455, 51804205|2497, 51804380|2569, 51804460|2625, 51804460|4003, com.android.chrome, 
51805137|1, 51805137|2863, 51806870|3087, 51806870|3220, 51806924|3248, 51806924|3269, 51807714|3295, 51807714|4016, air.com.hypah.io.slither, 
51809558|1, 51809558|202, 51809738|238, 51809738|248, 51809866|278, 51809866|320, 51810229|345, 51810229|390, 51814032|440, 51814032|570, 51814518|740, 51814518|1025, 51814572|1097, 51814724|1161, 51815120|1206, 51815120|1272, 51815884|1383, 51815884|1502, 51815938|1571, 51815938|4009, org.catrobat.catroid, 
51816046|1, 51816046|1040, 51816175|1100, 51816250|1155, 51816250|1194, 51816378|1207, 51816977|1270, 51817535|1324, 51819701|1396, 51819701|1407, 51820315|1429, 51820477|1475, 51820847|1568, 51821081|1616, 51822216|1650, 51824217|1715, 51824827|1740, 51825061|1794, 51826058|1838, 51826614|1863, 51826668|1902, 51827475|1940, 51827709|1979, 51827709|2692, 51828513|2706, 51828513|3000, 51828567|3013, 51828567|3084, 51828621|3107, 51829425|3125, 51829425|3149, 51829553|3172, 51829553|3190, 51829607|3206, 51830275|3223, 51830275|3322, 51831105|3341, 51831213|3373, 51831213|3396, 51831447|3409, 51832060|3453, 51832060|3524, 51832114|3541, 51832114|3552, 51832276|3564, 51832276|3575, 51833294|3601, 51834207|3613, 51834207|3723, 51834829|3735, 51834883|3757, 51834883|3807, 51835490|3818, 51835490|4006, com.dropbox.android, 
51839813|1, 51839813|2881, 51839867|2903, 51840118|2961, 51840118|2980, 51840212|2998, 51840212|3044, 51840286|3058, 51840340|3069, 51840340|3088, 51840936|3102, 51840936|3118, 51841850|3130, 51842445|3142, 51842445|3218, 51842529|3228, 51842529|3454, 51842637|3467, 51842691|3479, 51842691|3932, 51842783|3953, 51842783|4004, com.google.android.apps.photos, 
51843151|1, 51843151|715, 51843205|779, 51843293|867, 51843827|1064, 51844053|1155, 51844329|1306, 51844329|1457, 51844437|1578, 51844491|1689, 51844491|2866, 51844545|2895, 51844615|2947, 51845549|3084, 51845603|3146, 51846330|3190, 51846330|3292, 51846384|3321, 51846384|3337, 51847111|3357, 51847111|4041, com.scb.breezebanking.hk, 
51847219|1, 51847219|1524, 51848101|1694, 51848101|2076, 51851116|2311, 51851116|2324, 51852435|2396, 51854871|2461, 51855771|2519, 51856161|2606, 51856161|4003, com.android.chrome, 
51856701|1, 51856701|1064, 51856824|1104, 51856901|1142, 51856901|1304, 51856975|1316, 51857029|1328, 51857029|1506, 51857478|1544, 51857478|1593, 51857532|1607, 51857532|1820, 51857766|1830, 51857766|2069, 51859142|2109, 51859142|2302, 51859397|2400, 51859788|2438, 51859896|2483, 51860130|2524, 51861184|2556, 51861184|2838, 51861238|2872, 51861238|4001, com.Slack, 
51862957|1, 51862957|902, 51863011|936, 51863163|1082, 51863163|4007, com.whatsapp, 
51863163|1, 51863163|4009, com.android.vending, 
51863163|1, 51863163|2748, 51863253|2773, 51863253|2823, 51863327|2835, 51863707|2850, 51863707|2869, 51863810|2881, 51864080|2892, 51864080|2902, 51864219|2914, 51864508|2926, 51865589|2937, 51865589|2997, 51865673|3009, 51865673|3262, 51865835|3275, 51865835|3831, 51865927|3848, 51865927|4009, com.google.android.apps.photos, 
51866295|1, 51866295|702, 51866349|742, 51866492|784, 51866492|799, 51866620|818, 51866620|839, 51867064|861, 51867064|877, 51867352|906, 51867818|924, 51867818|939, 51868051|956, 51868051|1028, 51868321|1043, 51868321|1054, 51868429|1070, 51868429|1143, 51868483|1154, 51868483|1348, 51868663|1360, 51868717|1374, 51868717|1581, 51870182|1598, 51870182|1931, 51870236|1974, 51870309|2011, 51870309|2040, 51870437|2059, 51870437|2069, 51870882|2091, 51870882|2170, 51871116|2191, 51872170|2226, 51872170|2774, 51872224|2808, 51872224|4004, com.Slack, 
51872548|1, 51872548|959, 51872730|1066, 51873820|1136, 51873894|1164, 51873894|1265, 51874002|1276, 51874002|1418, 51874505|1432, 51874505|1450, 51874559|1464, 51874559|1476, 51874613|1486, 51874613|1616, 51874793|1630, 51874847|1647, 51874847|1861, 51876273|1875, 51876273|2236, 51876327|2272, 51876327|2300, 51876455|2321, 51876455|2335, 51876900|2364, 51878188|2457, 51878188|2642, 51878242|2685, 51878242|4002, com.Slack, 
51878566|1, 51878566|2436, 51880439|2787, 51880439|3051, 51880493|3087, 51880572|3144, 51880651|3179, 51880651|3214, 51880779|3226, 51880779|3248, 51881068|3259, 51881068|3399, 51881176|3420, 51881369|3479, 51881369|3562, 51886047|3614, 51886047|4020, air.com.hypah.io.slither, 
51886263|1, 51886263|229, 51886317|329, 51886317|392, 51886404|416, 51886404|522, 51886532|536, 51886797|565, 51886959|600, 51887387|630, 51887387|694, 51887786|714, 51887786|735, 51887870|760, 51887870|840, 51888032|897, 51888032|978, 51888124|1047, 51888178|1101, 51888178|1182, 51888734|1220, 51888734|1353, 51892342|1449, 51892492|1556, 51893899|1644, 51895040|1726, 51895310|1786, 51895438|1822, 51895811|1854, 51895959|1880, 51896791|1932, 51898493|2046, 51898853|2057, 51898853|2070, 51901627|2092, 51901807|2119, 51903404|2166, 51904041|2236, 51904041|2324, 51904095|2343, 51904095|2359, 51905187|2393, 51905295|2431, 51905349|2476, 51906847|2525, 51906847|2552, 51906901|2583, 51906955|2620, 51907568|2638, 51907568|2664, 51907622|2685, 51907622|2702, 51908426|2716, 51908508|2745, 51908590|2758, 51908590|2798, 51908718|2810, 51908718|2856, 51908826|2871, 51908826|2882, 51909502|2923, 51910523|2954, 51911184|2967, 51911184|3242, 51911634|3260, 51911634|3271, 51911688|3288, 51911688|3307, 51913324|3327, 51913324|3544, 51914200|3555, 51914200|3633, 51914308|3646, 51914416|3663, 51915328|3674, 51915328|4014, com.dropbox.android, 
51923241|1, 51923241|2815, 51924920|2984, 51924920|3109, 51925818|3155, 51925818|4014, air.com.hypah.io.slither, 
51930182|1, 51930182|1012, 51930236|1070, 51930236|1116, 51930959|1218, 51931193|1264, 51931605|1304, 51931605|1324, 51931713|1336, 51931713|1437, 51932162|1449, 51932162|1518, 51932270|1532, 51932270|1659, 51932504|1671, 51932504|1900, 51933945|1911, 51933945|2274, 51933999|2315, 51934626|2389, 51934626|2452, 51934680|2531, 51934860|2555, 51935914|2576, 51935914|3302, 51935968|3337, 51935968|4010, com.Slack, 
51936292|1, 51936292|977, 51936346|996, 51936651|1078, 51937561|1139, 51937831|1170, 51937831|1181, 51938255|1219, 51938879|1320, 51939619|1371, 51940157|1411, 51942494|1528, 51944673|1586, 51945682|1745, 51945682|1807, 51946400|1899, 51946634|1922, 51946634|1956, 51947621|1982, 51948533|2019, 51949417|2060, 51949417|2143, 51950085|2157, 51950193|2182, 51950193|2243, 51950806|2270, 51950806|2283, 51950934|2305, 51950934|2362, 51951738|2379, 51951738|2401, 51951792|2414, 51951792|2428, 51951846|2440, 51952468|2453, 51952468|2486, 51953327|2499, 51953435|2512, 51953669|2524, 51953669|2567, 51954330|2581, 51954330|2793, 51954600|2815, 51954834|2848, 51956548|2874, 51956548|3140, 51957166|3153, 51957166|4011, com.dropbox.android, 
51961410|1, 51961410|2918, 51961464|2934, 51961464|3078, 51965507|3094, 51965507|3606, 51965561|3669, 51965723|3718, 51965851|3738, 51965851|3757, 51966149|3769, 51966522|3792, 51966522|3803, 51966738|3815, 51967800|3843, 51967800|3859, 51969031|3874, 51969031|3885, 51969211|3912, 51969211|4010, at.DiTronic.androidgroup.randomgallery, 
51970223|1, 51970223|2481, 51970331|2521, 51970385|2559, 51970488|2588, 51970488|2957, 51970542|2978, 51970542|3036, 51970670|3066, 51971351|3184, 51972264|3251, 51972264|3322, 51972805|3351, 51972805|3520, 51972859|3539, 51972859|3563, 51973070|3586, 51973124|3605, 51973124|4001, com.google.android.apps.photos, 
51973481|1, 51973481|868, 51973535|912, 51973535|4003, com.whatsapp, 
51973535|1, 51973535|1060, 51973625|1100, 51973781|1176, 51974251|1262, 51974251|1295, 51974477|1339, 51975015|1389, 51975015|1455, 51975069|1494, 51975069|4014, org.catrobat.catroid, 
51975177|1, 51975177|2795, 51975231|2849, 51975231|3001, 51979058|3015, 51979328|3029, 51979328|3500, 51979630|3564, 51979704|3589, 51979758|3605, 51980056|3618, 51980056|3628, 51980537|3652, 51982335|3671, 51982335|3681, 51982746|3694, 51982918|3723, 51983064|3745, 51983064|4022, at.DiTronic.androidgroup.randomgallery, 
51984311|1, 51984311|4006, com.android.vending, 
51984419|1, 51984419|664, 51984473|738, 51984561|797, 51985041|971, 51985041|1251, 51985597|1509, 51985597|1937, 51985705|2025, 51985759|2224, 51985759|3186, 51985867|3217, 51985937|3243, 51986583|3335, 51986583|3376, 51986979|3392, 51987033|3442, 51987760|3501, 51987814|3560, 51987814|3578, 51988541|3613, 51988541|4004, com.scb.breezebanking.hk, 
51988649|1, 51988649|815, 51988857|956, 51989000|1043, 51989074|1073, 51989410|1092, 51989410|1107, 51989913|1135, 51989967|1152, 51990147|1164, 51990147|1195, 51990559|1209, 51990829|1226, 51990829|1248, 51990883|1259, 51990883|1304, 51991063|1319, 51991063|1373, 51991117|1385, 51991117|1562, 51992405|1578, 51992405|2254, 51992532|2351, 51992606|2369, 51992660|2382, 51992660|2406, 51992997|2418, 51992997|2506, 51993339|2520, 51993339|2549, 51994393|2592, 51994393|3064, 51994447|3087, 51994447|4004, com.Slack, 
51994771|1, 51994771|3169, 51994899|3310, 51996504|3382, 51996558|3417, 51996632|3454, 51999042|3497, 51999190|3530, 51999244|3592, 51999244|3619, 51999352|3655, 51999460|3680, 51999460|3713, 51999514|3738, 51999514|3772, 51999622|3794, 51999676|3833, 51999730|3854, 51999730|4011, air.com.hypah.io.slither, 
52005336|1, 52005336|1108, 52005390|1327, 52005390|1599, 52005476|1647, 52005682|1748, 52006026|1797, 52006080|1876, 52007496|1942, 52007496|1959, 52007588|2004, 52007588|2336, 52007750|2386, 52007750|3669, 52010187|3716, 52010262|3739, 52010337|3751, 52010337|3786, 52010411|3802, 52010411|3825, 52010752|3837, 52011308|3849, 52011308|3872, 52011869|3886, 52011869|3910, 52011961|3922, 52012015|3934, 52012015|3945, 52012169|3967, 52012169|4006, com.google.android.apps.docs, 
52012377|1, 52012377|1203, 52012485|1317, 52012613|1390, 52014373|1541, 52014427|1626, 52014427|1882, 52014627|1924, 52014627|3077, 52014727|3122, 52014801|3190, 52017479|3251, 52018035|3267, 52018596|3294, 52018596|3320, 52018742|3333, 52018742|3383, 52018896|3396, 52018896|4013, com.google.android.apps.docs, 
52019158|1, 52019158|669, 52019212|744, 52019300|805, 52019888|880, 52019888|1006, 52020390|1129, 52020390|1518, 52020552|1602, 52020552|2732, 52020606|2776, 52020676|2832, 52020804|2859, 52020804|2884, 52021268|2901, 52021268|2929, 52021664|2967, 52022445|3006, 52022445|3084, 52022499|3098, 52022499|3110, 52023226|3136, 52023226|4004, com.scb.breezebanking.hk, 
52023334|1, 52023334|1779, 52023637|1841, 52023720|1854, 52023720|1894, 52024227|1906, 52024227|1940, 52024748|1953, 52024748|1963, 52024802|1975, 52025325|1986, 52026355|1999, 52026355|2177, 52026932|2193, 52026932|2205, 52027078|2228, 52027078|2277, 52027224|2289, 52027224|2301, 52027278|2312, 52027278|2415, 52027440|2427, 52027440|3601, 52027648|3626, 52027648|4064, com.google.android.music, 
52030629|1, 52030629|908, 52030683|956, 52031309|1164, 52032073|1210, 52032073|1328, 52032127|1394, 52032127|4012, org.catrobat.catroid, 
52032235|1, 52032235|712, 52032289|801, 52032985|889, 52033523|944, 52033523|1014, 52033577|1095, 52033577|4003, org.catrobat.catroid, 
52033685|1, 52033685|4004, com.android.vending, 
52033685|1, 52033685|850, 52033793|884, 52034263|967, 52035027|1067, 52035027|1247, 52035081|1333, 52035081|4005, org.catrobat.catroid, 
52035189|1, 52035189|794, 52035331|863, 52035459|905, 52035811|1081, 52036037|1211, 52036313|1258, 52036313|1615, 52036421|1629, 52036421|1639, 52036475|1674, 52036475|2330, 52036529|2394, 52036529|2420, 52036599|2434, 52036599|2464, 52036727|2484, 52037137|2503, 52037137|2548, 52037587|2571, 52037587|2598, 52038206|2618, 52038206|2765, 52038314|2795, 52039041|2852, 52039041|4006, com.scb.breezebanking.hk, 
52039149|1, 52039149|2737, 52039203|2762, 52039257|2773, 52039257|2885, 52039548|2907, 52039548|2956, 52039676|2969, 52039676|2995, 52040218|3038, 52041132|3057, 52041727|3071, 52041727|3132, 52041811|3145, 52041811|3452, 52041973|3464, 52041973|3574, 52042065|3598, 52042065|3752, 52042119|3765, 52042119|4008, com.google.android.apps.photos, 
52042487|1, 52042487|2194, 52042541|2213, 52042541|2229, 52042618|2251, 52042695|2268, 52042695|2308, 52042823|2331, 52042823|2563, 52043391|2581, 52043391|4008, com.sometimeswefly.littlealchemy, 
52043499|1, 52043499|1920, 52043553|1941, 52043637|1954, 52043637|1967, 52044209|2087, 52044209|2117, 52044263|2157, 52044402|2219, 52044456|2282, 52044456|2301, 52045063|2329, 52045117|2392, 52045245|2461, 52045245|2638, 52045813|2669, 52045813|4034, com.sometimeswefly.littlealchemy, 
52045921|1, 52045921|2108, 52046029|2198, 52046029|2508, 52046132|2542, 52046132|2811, 52046186|2834, 52046186|2889, 52046314|2912, 52046314|2939, 52046802|2951, 52046856|2977, 52047770|2988, 52047770|2997, 52048311|3015, 52048311|3067, 52048395|3085, 52048395|3140, 52048449|3152, 52048449|3356, 52048660|3374, 52048714|3386, 52048714|4002, com.google.android.apps.photos, 
52049071|1, 52049071|999, 52049125|1047, 52049125|4002, com.whatsapp, 
52049125|1, 52049125|1278, 52049215|1362, 52049293|1400, 52049421|1435, 52049765|1508, 52051327|1664, 52051327|1849, 52051489|1893, 52051489|2965, 52051589|3030, 52051717|3096, 52052058|3135, 52052560|3163, 52052560|3173, 52053213|3192, 52053213|3223, 52055604|3242, 52055604|3515, 52055758|3526, 52055758|4009, com.google.android.apps.docs, 
52056020|1, 52056020|1397, 52056150|1453, 52056774|1598, 52056774|2191, 52057357|2431, 52060414|2558, 52061779|2661, 52063834|2738, 52063994|2808, 52063994|2853, 52064074|2878, 52064074|4008, com.android.chrome, 
52064643|1, 52064643|1196, 52065215|1388, 52065215|1828, 52065269|1948, 52067044|2000, 52068265|2061, 52069094|2161, 52072042|2239, 52073166|2339, 52073258|2364, 52073258|4008, com.android.chrome, 
52073582|1, 52073582|660, 52073636|671, 52073636|4011, com.whatsapp, 
