265861|1, 265861|1373, 265862|1487, 265862|1600, 265864|1682, 265864|1882, 265868|1971, 265869|2034, 265869|2061, 265870|2084, 265870|2205, 265874|2288, 265874|2388, 265893|2549, 265893|2708, 265896|2896, 265897|3042, 265900|3242, 265906|3379, 265906|3534, 265908|3558, 265908|3722, 265914|3782, 265915|4022, com.ebay.mobile, 
265951|1, 265951|788, 265952|867, 265952|895, 265958|962, 265960|1041, 265961|1062, 265961|1126, 265964|1259, 265970|1504, 265970|1540, 265971|1613, 265971|2052, 265972|2064, 265972|2275, 265974|2289, 265974|2597, 265977|2667, 265977|2871, 265978|2902, 265980|2941, 265980|3091, 265983|3134, 265983|3736, 265984|3750, 265984|4005, com.sololearn.cplusplus, 
265990|1, 265990|279, 265991|300, 265991|329, 265992|355, 265993|380, 265996|402, 265997|421, 265998|442, 265998|467, 265999|484, 266000|503, 266000|4005, com.ted.android.conference, 
266016|1, 266016|1318, 266017|1380, 266017|1398, 266018|1422, 266018|1470, 266020|1486, 266024|1511, 266026|1536, 266033|1597, 266036|1635, 266043|1736, 266052|1778, 266057|1826, 266058|1847, 266059|1865, 266059|1878, 266060|1891, 266063|1909, 266063|1921, 266066|1937, 266070|1977, 266070|2008, 266071|2025, 266076|2055, 266080|2082, 266094|2258, 266094|2381, 266098|2449, 266101|2699, 266101|2762, 266102|2844, 266103|2881, 266103|3131, 266105|3146, 266105|3165, 266106|3178, 266106|3330, 266109|3345, 266110|3355, 266111|3367, 266111|3670, 266112|3680, 266112|3888, 266113|3928, 266115|3943, 266115|4002, com.dropbox.android, 
266149|1, 266149|971, 266150|1004, 266150|1087, 266153|1160, 266155|1204, 266163|1294, 266167|1351, 266185|1446, 266185|1490, 266202|1610, 266202|2132, 266206|2196, 266209|2213, 266212|2226, 266214|2262, 266215|2294, 266217|2307, 266218|2332, 266218|2384, 266225|2402, 266225|2412, 266226|2424, 266226|2469, 266227|2492, 266228|2519, 266228|2537, 266231|2559, 266232|2588, 266232|2683, 266233|2695, 266233|2712, 266236|2753, 266236|2769, 266237|2786, 266239|2807, 266242|2828, 266242|2864, 266243|2888, 266243|2997, 266247|3019, 266249|3045, 266249|3077, 266251|3102, 266253|3114, 266253|3172, 266255|3183, 266255|3256, 266256|3269, 266256|3450, 266257|3464, 266257|3478, 266260|3504, 266260|3861, 266261|3878, 266262|3890, 266263|3903, 266263|4008, com.dropbox.android, 
266290|1, 266290|2702, 266291|2720, 266291|2936, 266293|2948, 266293|3140, 266295|3155, 266295|3343, 266297|3355, 266297|3551, 266300|3564, 266300|3745, 266302|3758, 266303|4004, com.bankofamerica.cashpromobile, 
266312|1, 266312|4002, com.android.chrome, 
266314|1, 266314|600, 266315|636, 266315|663, 266316|694, 266326|848, 266326|930, 266332|1148, 266332|1246, 266333|1278, 266333|1348, 266334|1460, 266334|1644, 266335|1695, 266336|1729, 266336|2005, 266338|2032, 266338|2296, 266340|2319, 266340|2337, 266341|2353, 266341|2607, 266344|2654, 266344|3150, 266345|3159, 266345|4004, com.sololearn.cplusplus, 
266351|1, 266351|4004, com.google.android.gm, 
266351|1, 266351|2310, 266352|2337, 266352|2349, 266353|2359, 266354|2370, 266354|2390, 266357|2406, 266357|2511, 266358|2527, 266359|2560, 266359|2645, 266361|2656, 266361|2690, 266364|2711, 266365|2725, 266365|2737, 266371|2754, 266371|2778, 266377|2800, 266382|2816, 266386|2843, 266386|2885, 266394|2915, 266395|2939, 266395|3228, 266396|3238, 266396|3275, 266398|3286, 266398|3314, 266401|3327, 266401|3347, 266402|3358, 266402|3391, 266415|3407, 266415|3601, 266416|3612, 266416|3682, 266419|3701, 266419|4147, com.google.android.music, 
266474|1, 266474|1889, 266475|1936, 266475|2066, 266477|2088, 266477|2279, 266479|2293, 266479|2479, 266481|2492, 266481|2691, 266486|2704, 266486|2919, 266487|2930, 266487|3100, 266488|3119, 266488|3922, 266489|3945, 266491|3974, 266491|4028, com.bankofamerica.cashpromobile, 
266511|1, 266511|2345, 266512|2356, 266512|2398, 266514|2408, 266514|2429, 266517|2448, 266517|2461, 266520|2483, 266520|2539, 266521|2551, 266521|2817, 266523|2853, 266523|4004, com.google.android.keep, 
266525|1, 266525|4005, com.ted.android.conference, 
266525|1, 266525|1356, 266526|1383, 266533|1479, 266534|1531, 266534|1640, 266535|1662, 266535|4006, org.catrobat.catroid, 
266537|1, 266537|1221, 266538|1263, 266553|1349, 266568|1383, 266573|1410, 266573|1432, 266584|1465, 266589|1539, 266589|1552, 266594|1574, 266595|1619, 266598|1654, 266601|1692, 266603|1762, 266604|1833, 266606|1886, 266607|1959, 266614|2019, 266616|2052, 266618|2080, 266620|2104, 266620|2141, 266622|2155, 266623|2170, 266624|2180, 266625|2234, 266625|2347, 266626|2361, 266626|2373, 266628|2391, 266628|2406, 266630|2422, 266633|2440, 266635|2457, 266637|2473, 266637|2490, 266639|2537, 266639|2768, 266643|2794, 266644|2809, 266645|2825, 266647|2839, 266647|2966, 266651|2978, 266651|2989, 266652|3000, 266653|3017, 266653|3047, 266654|3059, 266654|3187, 266656|3211, 266658|3232, 266660|3248, 266660|3557, 266662|3570, 266662|3591, 266664|3603, 266666|3613, 266666|4006, com.dropbox.android, 
266697|1, 266697|1247, 266699|1426, 266699|2217, 266709|2375, 266712|2483, 266712|2569, 266713|2618, 266722|2702, 266725|2802, 266725|4007, com.android.chrome, 
266729|1, 266729|4001, at.DiTronic.androidgroup.randomgallery, 
266765|1, 266765|847, 266768|1003, 266775|1122, 266775|1434, 266776|1458, 266777|1491, 266777|3139, 266778|3175, 266783|3245, 266785|3338, 266786|3380, 266789|3443, 266789|3505, 266790|3518, 266790|3564, 266793|3595, 266793|4005, com.scb.breezebanking.hk, 
266795|1, 266795|1193, 266796|1478, 266803|1649, 266803|2371, 266804|2474, 266806|2509, 266806|2531, 266810|2565, 266815|2600, 266816|2668, 266816|3800, 266817|3827, 266817|3857, 266818|3882, 266818|4008, com.android.chrome, 
266838|1, 266838|1062, 266839|1213, 266840|1283, 266840|1307, 266841|1383, 266841|2116, 266842|2135, 266842|2178, 266844|2191, 266844|2222, 266847|2240, 266847|2251, 266850|2261, 266850|2312, 266851|2324, 266851|2488, 266853|2508, 266853|4006, com.google.android.keep, 
266858|1, 266858|3184, 266859|3199, 266859|3242, 266860|3260, 266861|3277, 266861|3308, 266866|3325, 266866|3381, 266867|3410, 266867|3450, 266872|3479, 266874|3502, 266875|3514, 266875|3595, 266876|3608, 266877|3623, 266877|3680, 266878|3693, 266878|4006, com.google.android.apps.photos, 
266891|1, 266891|1878, 266894|1947, 266899|2082, 266904|2182, 266904|2222, 266909|2257, 266909|2479, 266912|2574, 266914|2769, 266914|3546, 266915|3583, 266915|3626, 266918|3656, 266918|4017, com.sometimeswefly.littlealchemy, 
266922|1, 266922|2187, 266923|2218, 266925|2251, 266925|2566, 266927|2584, 266927|3902, 266928|3921, 266928|4018, com.sometimeswefly.littlealchemy, 
266932|1, 266932|1933, 266934|2019, 266938|2065, 266938|2096, 266944|2107, 266944|2117, 266946|2137, 266954|2153, 266956|2164, 266959|2174, 266959|2219, 266960|2228, 266961|2241, 266961|2255, 266969|2282, 266969|3150, 266972|3183, 266972|4006, com.google.android.music, 
266988|1, 266988|1789, 266989|1805, 266989|1837, 266991|1849, 266991|1871, 266992|1881, 266995|1896, 266995|1910, 266997|1931, 266997|2302, 266998|2319, 266998|4003, com.google.android.keep, 
267000|1, 267000|1740, 267001|1774, 267001|1957, 267004|1972, 267004|2100, 267007|2111, 267007|2238, 267009|2248, 267009|2413, 267012|2433, 267012|2615, 267014|2628, 267014|2835, 267015|2846, 267015|3029, 267016|3041, 267016|3777, 267017|3812, 267019|3888, 267023|4059, com.bankofamerica.cashpromobile, 
267045|1, 267045|3028, 267046|3042, 267046|4006, com.ted.android.conference, 
267047|1, 267047|879, 267049|956, 267049|1000, 267052|1084, 267054|1115, 267061|1152, 267063|1204, 267064|1218, 267064|1348, 267065|1361, 267065|1932, 267068|1946, 267068|2069, 267070|2136, 267070|2259, 267072|2380, 267072|2471, 267077|2492, 267077|2504, 267078|2540, 267078|2681, 267080|2693, 267080|2917, 267081|2931, 267081|3003, 267082|3048, 267082|3081, 267085|3167, 267085|3264, 267090|3278, 267090|3298, 267092|3326, 267092|3353, 267093|3372, 267093|3442, 267095|3474, 267095|3523, 267096|3567, 267096|3604, 267097|3614, 267097|4003, com.mxtech.videoplayer.ad, 
267105|1, 267105|635, 267106|685, 267108|698, 267112|734, 267112|872, 267117|1009, 267118|1067, 267124|1099, 267124|1224, 267125|1305, 267125|1471, 267126|1494, 267126|1691, 267128|1704, 267128|2022, 267130|2046, 267130|2303, 267131|2338, 267133|2371, 267133|2602, 267135|2622, 267136|2638, 267136|3268, 267137|3280, 267137|4009, com.sololearn.cplusplus, 
267144|1, 267144|4008, com.ted.android.conference, 
267144|1, 267144|1352, 267145|1418, 267146|1448, 267146|1488, 267148|1516, 267148|1540, 267150|1590, 267150|1606, 267155|1647, 267160|1699, 267160|1786, 267163|1850, 267163|1874, 267165|1906, 267168|1959, 267168|1989, 267171|2036, 267175|2075, 267177|2147, 267177|2171, 267181|2206, 267181|2235, 267182|2290, 267184|2320, 267184|2374, 267185|2396, 267185|2427, 267187|2462, 267187|2502, 267190|2560, 267191|2620, 267195|2680, 267195|2693, 267196|2756, 267199|2967, 267199|3008, 267200|3055, 267204|3133, 267212|3181, 267212|3201, 267214|3236, 267214|3399, 267215|3435, 267215|3480, 267226|3498, 267226|3600, 267227|3618, 267227|4015, com.ebay.mobile, 
267237|1, 267237|1655, 267238|1675, 267238|1717, 267239|1728, 267240|1739, 267240|1750, 267243|1768, 267243|1784, 267246|1804, 267246|1856, 267247|1868, 267247|2147, 267250|2161, 267250|4001, com.google.android.keep, 
267252|1, 267252|1044, 267254|1338, 267254|1962, 267255|2056, 267257|2091, 267264|2160, 267267|2274, 267267|4003, com.android.chrome, 
267269|1, 267269|4009, at.DiTronic.androidgroup.randomgallery, 
267305|1, 267305|542, 267307|613, 267312|664, 267314|770, 267317|902, 267318|946, 267324|1003, 267324|1156, 267326|1254, 267326|1463, 267328|1496, 267328|1791, 267330|1809, 267330|2082, 267332|2098, 267332|2134, 267333|2146, 267333|2280, 267335|2307, 267336|2332, 267336|2940, 267337|2950, 267337|4015, com.sololearn.cplusplus, 
267343|1, 267343|849, 267344|897, 267344|924, 267346|952, 267346|970, 267349|989, 267351|1008, 267351|1068, 267353|1078, 267353|1156, 267354|1173, 267354|1216, 267355|1236, 267355|4010, com.ted.android.conference, 
267355|1, 267355|657, 267356|751, 267357|784, 267357|798, 267359|818, 267359|845, 267366|895, 267366|932, 267367|983, 267371|1006, 267371|1062, 267372|1096, 267372|1812, 267375|1848, 267375|2050, 267376|2082, 267376|3227, 267377|3264, 267377|3302, 267379|3317, 267379|3337, 267384|3357, 267385|3382, 267385|3468, 267386|3484, 267387|3501, 267389|3518, 267394|3558, 267402|3587, 267402|3619, 267405|3631, 267405|3656, 267410|3666, 267411|3680, 267411|3703, 267414|3719, 267414|3748, 267417|3771, 267417|3799, 267419|3814, 267419|3859, 267421|3876, 267421|3925, 267422|3937, 267422|4015, com.mxtech.videoplayer.ad, 
267434|1, 267434|745, 267441|924, 267444|1003, 267444|1111, 267447|1141, 267447|1404, 267454|1420, 267454|2002, 267455|2014, 267455|2043, 267456|2055, 267456|2624, 267458|2728, 267458|2956, 267460|2974, 267460|3179, 267462|3195, 267462|3206, 267463|3219, 267463|3421, 267466|3433, 267466|4006, com.sololearn.cplusplus, 
267473|1, 267473|3605, 267476|3688, 267480|3791, 267480|3812, 267481|3836, 267484|3970, 267484|4027, air.com.hypah.io.slither, 
267501|1, 267501|2887, 267504|2912, 267504|3123, 267514|3140, 267514|3480, 267515|3496, 267515|3533, 267517|3545, 267517|3578, 267525|3605, 267527|3616, 267527|3642, 267529|3656, 267529|3848, 267531|3865, 267535|3907, 267536|3942, 267539|3962, 267541|3976, 267541|4014, at.DiTronic.androidgroup.randomgallery, 
267551|1, 267551|735, 267553|902, 267558|1006, 267558|1066, 267561|1247, 267561|1647, 267563|1736, 267564|1845, 267564|3227, 267571|3335, 267573|3434, 267573|3471, 267576|3515, 267576|3592, 267577|3632, 267580|3654, 267580|4014, com.scb.breezebanking.hk, 
267583|1, 267583|4008, com.ted.android.conference, 
267583|1, 267583|2223, 267584|2257, 267584|4009, com.ted.android.conference, 
267585|1, 267585|4004, com.android.vending, 
267629|1, 267629|1047, 267634|1109, 267634|1183, 267640|1280, 267640|4020, com.whatsapp, 
267651|1, 267651|1812, 267652|1853, 267652|2026, 267655|2037, 267655|2160, 267658|2182, 267658|2366, 267660|2378, 267660|2565, 267663|2578, 267663|2780, 267665|2792, 267665|3009, 267666|3033, 267667|3051, 267667|3186, 267669|3201, 267669|3917, 267670|3934, 267670|3951, 267672|3989, 267672|4016, com.bankofamerica.cashpromobile, 
267704|1, 267704|1824, 267705|1841, 267705|2069, 267706|2080, 267707|2099, 267707|2279, 267709|2291, 267709|2488, 267711|2500, 267711|2690, 267716|2701, 267716|2917, 267717|2928, 267717|3103, 267718|3128, 267718|3673, 267719|3721, 267721|3764, 267721|3922, 267725|3977, 267725|4020, com.bankofamerica.cashpromobile, 
267744|1, 267744|3678, 267749|3689, 267749|4003, com.whatsapp, 
267755|1, 267755|2191, 267756|2254, 267758|2287, 267758|2573, 267760|2639, 267760|4022, com.sometimeswefly.littlealchemy, 
267762|1, 267762|4002, com.google.android.gm, 
267762|1, 267762|1166, 267764|1208, 267764|1233, 267767|1271, 267771|1308, 267771|1323, 267774|1348, 267774|1463, 267779|1509, 267781|1532, 267781|1634, 267784|1661, 267784|1947, 267789|1968, 267789|2268, 267793|2429, 267800|2588, 267819|2698, 267819|2826, 267822|2889, 267824|2920, 267827|2956, 267827|2967, 267829|3024, 267835|3078, 267837|3125, 267841|3171, 267851|3226, 267857|3291, 267860|4026, com.android.vending, 
267909|1, 267909|91, 267910|105, 267910|1868, 267911|1896, 267911|1934, 267912|1946, 267912|1958, 267913|1974, 267913|1984, 267915|1995, 267916|2006, 267916|2119, 267917|2135, 267917|2202, 267918|2246, 267921|2306, 267926|2328, 267931|2396, 267943|2502, 267959|2535, 267960|2561, 267960|2800, 267962|2815, 267962|2990, 267963|3001, 267963|3045, 267965|3057, 267965|3082, 267976|3093, 267976|3123, 267981|3135, 267981|3186, 267982|3204, 267982|4010, com.google.android.keep, 
267993|1, 267993|1603, 267995|1726, 268005|1818, 268005|1841, 268006|1860, 268014|1883, 268016|1900, 268019|1914, 268019|1958, 268021|1970, 268021|2016, 268027|2029, 268028|2041, 268028|2913, 268031|2947, 268032|4043, com.google.android.music, 
268060|1, 268060|635, 268061|812, 268064|904, 268069|960, 268073|1011, 268076|1083, 268076|1200, 268077|1213, 268077|1804, 268080|1829, 268080|1957, 268082|2119, 268082|2215, 268084|2279, 268084|2476, 268090|2487, 268090|2500, 268091|2513, 268091|2685, 268092|2698, 268092|2909, 268093|2933, 268093|3021, 268095|3086, 268097|3122, 268102|3140, 268102|3200, 268103|3223, 268103|3234, 268105|3251, 268106|3274, 268106|3286, 268108|3304, 268108|3346, 268109|3391, 268111|3418, 268111|3439, 268116|3462, 268116|3475, 268117|3487, 268117|3509, 268120|3523, 268120|3550, 268122|3568, 268122|3604, 268124|3617, 268124|3742, 268126|3758, 268126|3906, 268127|3917, 268127|4010, com.mxtech.videoplayer.ad, 
268140|1, 268140|767, 268147|928, 268150|990, 268150|1328, 268151|1453, 268154|1527, 268154|2700, 268157|2769, 268162|2791, 268162|2823, 268163|2872, 268164|2898, 268165|2919, 268165|2990, 268166|3010, 268166|3045, 268169|3072, 268169|4010, com.scb.breezebanking.hk, 
268171|1, 268171|681, 268172|786, 268173|835, 268177|877, 268180|920, 268183|974, 268187|1016, 268187|1107, 268188|1125, 268188|1726, 268191|1773, 268191|1893, 268193|1948, 268193|2149, 268195|2192, 268195|2379, 268200|2393, 268200|2430, 268201|2445, 268201|2574, 268203|2589, 268203|2839, 268204|2850, 268204|2928, 268205|3003, 268207|3063, 268212|3088, 268212|3197, 268214|3246, 268216|3274, 268217|3300, 268217|3334, 268220|3368, 268225|3386, 268225|3399, 268226|3413, 268226|3426, 268228|3440, 268228|3512, 268229|3527, 268232|3547, 268232|3571, 268233|3583, 268233|3595, 268235|3611, 268235|3646, 268237|3658, 268237|3718, 268238|3729, 268238|4006, com.mxtech.videoplayer.ad, 
268249|1, 268249|2201, 268250|2217, 268250|2232, 268252|2346, 268252|2571, 268254|2584, 268254|4001, com.sometimeswefly.littlealchemy, 
268256|1, 268256|1127, 268257|1159, 268257|1297, 268259|1310, 268259|1498, 268264|1515, 268264|1578, 268265|1595, 268265|1730, 268267|1742, 268267|1890, 268268|1900, 268268|2444, 268269|2513, 268271|2547, 268271|2568, 268276|2636, 268278|2683, 268279|2720, 268279|2917, 268280|2947, 268280|4009, com.Slack, 
268285|1, 268285|1291, 268287|1410, 268287|1511, 268291|1558, 268291|1599, 268298|1761, 268302|1878, 268302|2044, 268307|2064, 268309|2086, 268310|2109, 268310|2165, 268314|2229, 268321|2379, 268324|2585, 268329|2659, 268329|2858, 268334|2892, 268334|3032, 268335|3170, 268335|4018, com.ebay.mobile, 
268355|1, 268355|1214, 268358|1369, 268362|1448, 268362|1481, 268364|1534, 268373|1613, 268373|1679, 268380|1838, 268383|1877, 268384|1921, 268386|1979, 268388|2036, 268394|2062, 268398|2151, 268401|2234, 268403|2286, 268403|2344, 268407|2483, 268410|2618, 268410|2878, 268411|2902, 268411|4022, com.ebay.mobile, 
268423|1, 268423|4012, com.android.vending, 
268423|1, 268423|4007, com.android.vending, 
268423|1, 268423|804, 268425|904, 268430|939, 268430|954, 268435|971, 268435|1004, 268437|1022, 268437|1039, 268447|1074, 268447|1127, 268448|1139, 268448|1169, 268451|1180, 268456|1204, 268456|1238, 268457|1262, 268457|1312, 268458|1328, 268458|1517, 268459|1532, 268459|2065, 268460|2114, 268462|2164, 268462|2177, 268467|2204, 268467|2298, 268469|2310, 268469|2323, 268470|2338, 268470|2615, 268471|2632, 268471|4007, com.Slack, 
268479|1, 268479|705, 268480|771, 268483|853, 268488|929, 268491|1013, 268495|1034, 268495|1097, 268496|1111, 268496|1684, 268499|1734, 268499|1832, 268500|1920, 268500|2125, 268501|2167, 268504|2186, 268508|2237, 268509|2248, 268509|2270, 268511|2283, 268511|2307, 268513|2320, 268513|2333, 268514|2349, 268514|2440, 268520|2462, 268520|2485, 268521|2496, 268521|2617, 268523|2632, 268523|2800, 268524|2838, 268526|2876, 268528|2919, 268532|2933, 268533|2963, 268533|2976, 268534|2987, 268534|3000, 268535|3021, 268535|3045, 268537|3062, 268537|3086, 268541|3106, 268541|3116, 268543|3129, 268543|3159, 268544|3174, 268544|3204, 268547|3216, 268547|3248, 268548|3261, 268550|3279, 268550|3344, 268551|3361, 268551|4003, com.mxtech.videoplayer.ad, 
268563|1, 268563|4015, com.ted.android.conference, 
268563|1, 268563|1730, 268564|1805, 268566|1860, 268569|1954, 268575|2121, 268576|2158, 268576|2219, 268577|2279, 268577|2761, 268580|2798, 268580|3317, 268582|3400, 268585|3507, 268588|3568, 268599|3682, 268603|3732, 268603|4076, com.google.android.apps.docs, 
268607|1, 268607|4011, com.ted.android.conference, 
268609|1, 268609|668, 268618|820, 268619|880, 268619|954, 268621|977, 268622|1021, 268622|1239, 268628|1265, 268628|1444, 268629|1492, 268629|1563, 268630|1592, 268630|1868, 268632|1882, 268632|2515, 268633|2536, 268633|2549, 268635|2587, 268635|2620, 268636|2677, 268636|2716, 268637|2751, 268640|2785, 268640|2840, 268641|2883, 268641|2952, 268644|2989, 268654|3018, 268671|3051, 268671|3399, 268680|3410, 268680|3527, 268682|3539, 268682|4006, com.sololearn.cplusplus, 
268689|1, 268689|1254, 268690|1281, 268690|1323, 268691|1356, 268691|4010, com.google.android.gm, 
268691|1, 268691|3208, 268692|3234, 268692|3273, 268694|3305, 268700|3343, 268700|3377, 268705|3410, 268706|3436, 268706|3544, 268707|3561, 268707|3816, 268710|3843, 268710|3980, 268711|3995, 268711|4006, com.google.android.apps.photos, 
268713|1, 268713|4003, com.google.android.gm, 
268713|1, 268713|1779, 268715|1792, 268715|1827, 268717|1841, 268717|1853, 268719|1872, 268719|1882, 268722|1898, 268725|1913, 268726|1933, 268735|1954, 268740|1976, 268740|2035, 268743|2050, 268749|2080, 268750|2122, 268750|3049, 268753|3076, 268753|3863, 268754|3951, 268756|4006, com.google.android.music, 
268780|1, 268780|2977, 268781|2998, 268781|3025, 268782|3037, 268783|3050, 268783|3080, 268789|3093, 268789|3116, 268793|3131, 268796|3142, 268797|3155, 268797|3188, 268798|3204, 268798|3422, 268801|3436, 268801|4002, com.google.android.apps.photos, 
268803|1, 268803|764, 268804|876, 268812|933, 268814|976, 268815|993, 268815|1043, 268817|1057, 268817|1132, 268818|1157, 268823|1171, 268823|1190, 268824|1201, 268824|1335, 268825|1349, 268825|1574, 268826|1589, 268826|4013, com.Slack, 
268830|1, 268830|1258, 268831|1322, 268832|1440, 268834|1536, 268837|1603, 268837|1708, 268849|1932, 268854|2073, 268854|2129, 268860|2199, 268860|2290, 268865|2355, 268867|2383, 268873|2524, 268876|2590, 268877|2678, 268881|2791, 268881|2950, 268883|2996, 268884|3025, 268884|3191, 268885|3277, 268885|4024, com.ebay.mobile, 
268911|1, 268911|4004, com.google.android.gm, 
268911|1, 268911|3353, 268913|3482, 268928|3817, 268943|3865, 268944|3888, 268945|3909, 268945|3952, 268947|3989, 268948|4006, air.com.hypah.io.slither, 
269000|1, 269000|4010, com.google.android.gm, 
269000|1, 269000|4003, com.google.android.gm, 
269000|1, 269000|1229, 269003|1338, 269008|1433, 269009|1471, 269009|1590, 269010|1610, 269010|4003, org.catrobat.catroid, 
269012|1, 269012|911, 269013|969, 269016|1072, 269021|1132, 269023|1177, 269028|1227, 269028|1312, 269029|1325, 269029|1982, 269032|2004, 269032|2220, 269033|2259, 269033|2316, 269034|2428, 269034|2531, 269036|2553, 269036|2728, 269041|2763, 269041|2808, 269042|2830, 269042|2945, 269044|2959, 269044|3178, 269045|3220, 269045|3257, 269047|3342, 269048|3371, 269048|3384, 269052|3418, 269052|3433, 269053|3452, 269053|3464, 269056|3495, 269057|3521, 269057|3567, 269058|3597, 269058|3620, 269060|3631, 269061|3644, 269067|3661, 269067|3683, 269069|3705, 269069|3719, 269071|3731, 269071|3787, 269072|3804, 269074|3817, 269074|3838, 269075|3850, 269075|3879, 269076|3894, 269078|3915, 269078|3950, 269079|3967, 269079|3982, 269081|3999, 269081|4012, com.mxtech.videoplayer.ad, 
269093|1, 269093|2977, 269096|2994, 269096|3199, 269097|3209, 269098|3241, 269099|3319, 269099|4003, at.DiTronic.androidgroup.randomgallery, 
269128|1, 269128|1823, 269130|1858, 269130|1873, 269134|1903, 269134|1916, 269140|1947, 269140|1967, 269150|1986, 269150|1998, 269152|2012, 269154|2023, 269156|2037, 269156|2067, 269157|2079, 269158|2090, 269165|2111, 269165|3015, 269168|3036, 269169|4035, com.google.android.music, 
269195|1, 269195|1975, 269196|1988, 269196|2007, 269197|2024, 269199|2043, 269199|2061, 269202|2079, 269202|2101, 269205|2117, 269205|2157, 269206|2177, 269206|2339, 269208|2371, 269208|4012, com.google.android.keep, 
269210|1, 269210|1205, 269212|1378, 269213|1417, 269216|1528, 269223|1612, 269224|1661, 269224|1992, 269228|2063, 269228|3400, 269231|3412, 269231|3461, 269233|3474, 269233|3507, 269236|3520, 269241|3534, 269241|3545, 269243|3557, 269243|3591, 269245|3602, 269245|3626, 269247|3639, 269247|4011, com.google.android.apps.docs, 
269255|1, 269255|1819, 269257|1902, 269257|1948, 269260|1960, 269261|1980, 269261|2000, 269267|2012, 269267|2045, 269277|2059, 269277|2071, 269283|2086, 269283|2141, 269285|2152, 269285|2165, 269290|2176, 269291|2187, 269291|2983, 269294|2995, 269294|4011, com.google.android.music, 
269322|1, 269322|758, 269326|839, 269329|938, 269331|957, 269332|972, 269332|994, 269334|1038, 269334|1061, 269335|1145, 269341|1236, 269341|1397, 269342|1483, 269342|1611, 269343|1640, 269343|1820, 269344|1836, 269345|1861, 269345|2151, 269347|2172, 269347|2440, 269348|2462, 269350|2489, 269350|2616, 269353|2650, 269353|3192, 269354|3206, 269354|4008, com.sololearn.cplusplus, 
269360|1, 269360|2585, 269361|2616, 269361|2665, 269363|2678, 269363|2711, 269369|2729, 269369|2757, 269375|2769, 269375|2905, 269376|2917, 269376|3139, 269379|3193, 269379|4004, com.google.android.apps.photos, 
269381|1, 269381|1831, 269382|1845, 269382|1989, 269385|2002, 269385|2114, 269388|2154, 269388|2323, 269390|2336, 269390|2534, 269393|2545, 269393|2740, 269395|2754, 269395|2971, 269396|2982, 269396|3142, 269397|3156, 269397|3952, 269398|3977, 269400|4017, com.bankofamerica.cashpromobile, 
269422|1, 269422|801, 269424|883, 269429|972, 269434|1031, 269434|1084, 269437|1101, 269437|1152, 269438|1171, 269438|1823, 269441|1837, 269441|1950, 269443|2024, 269443|2169, 269444|2193, 269444|2219, 269445|2254, 269445|2379, 269450|2391, 269450|2438, 269451|2453, 269451|2589, 269453|2604, 269453|2822, 269454|2833, 269454|2909, 269455|2995, 269457|3059, 269462|3101, 269462|3217, 269464|3243, 269466|3277, 269466|3292, 269467|3311, 269467|3323, 269468|3342, 269471|3385, 269471|3411, 269476|3423, 269476|3447, 269477|3469, 269477|3479, 269479|3491, 269479|3503, 269480|3517, 269482|3539, 269482|3568, 269484|3584, 269484|3629, 269486|3641, 269486|3685, 269487|3712, 269487|4011, com.mxtech.videoplayer.ad, 
269500|1, 269500|619, 269502|732, 269502|750, 269504|779, 269509|852, 269512|955, 269515|971, 269515|1037, 269516|1060, 269516|1616, 269519|1669, 269519|1771, 269520|1832, 269520|2053, 269521|2076, 269521|2307, 269523|2323, 269523|2517, 269530|2539, 269530|2561, 269531|2572, 269531|2696, 269533|2744, 269537|2813, 269541|2841, 269541|2887, 269542|2905, 269542|2923, 269544|2934, 269546|2974, 269546|3001, 269550|3037, 269552|3061, 269552|3079, 269554|3095, 269554|3129, 269558|3144, 269559|3155, 269559|3168, 269561|3185, 269561|3198, 269562|3210, 269562|3233, 269564|3246, 269564|3291, 269566|3307, 269566|3350, 269568|3367, 269568|3428, 269569|3439, 269569|4015, com.mxtech.videoplayer.ad, 
269581|1, 269581|1446, 269582|1465, 269582|1501, 269584|1524, 269588|1548, 269591|1618, 269597|1688, 269609|1735, 269615|1813, 269638|1950, 269641|2018, 269643|2053, 269644|2067, 269644|2143, 269645|2181, 269650|2218, 269652|2243, 269654|2273, 269658|2298, 269659|2344, 269661|2397, 269661|2497, 269663|2516, 269664|2534, 269666|2572, 269666|2589, 269668|2602, 269668|2627, 269669|2642, 269670|2655, 269670|2671, 269672|2725, 269672|2795, 269674|2806, 269674|2847, 269675|2862, 269675|2902, 269676|2917, 269677|2948, 269677|2963, 269678|2980, 269678|2990, 269680|3004, 269680|3028, 269681|3046, 269681|3058, 269682|3072, 269682|3104, 269686|3122, 269686|3328, 269691|3360, 269691|3377, 269693|3402, 269695|3414, 269697|3432, 269697|3642, 269698|3655, 269698|3720, 269701|3734, 269701|3750, 269703|3761, 269703|4008, com.dropbox.android, 
269730|1, 269730|1152, 269732|1380, 269732|1437, 269736|1476, 269736|1551, 269747|1664, 269748|1730, 269749|1776, 269749|1808, 269752|1847, 269753|1924, 269754|1951, 269754|1974, 269758|1991, 269759|2016, 269761|2047, 269764|2132, 269768|2219, 269774|2293, 269774|2334, 269777|2388, 269781|2439, 269784|2491, 269790|2565, 269794|2608, 269797|2756, 269797|2800, 269798|2825, 269798|2972, 269802|3035, 269802|3196, 269803|3260, 269803|3710, 269804|3722, 269804|4005, com.ebay.mobile, 
269819|1, 269819|1562, 269820|1584, 269820|1623, 269822|1633, 269822|1661, 269825|1678, 269825|1704, 269826|1720, 269828|1735, 269829|1745, 269829|2025, 269831|2038, 269831|4001, com.google.android.keep, 
269833|1, 269833|968, 269834|1166, 269834|1227, 269837|1327, 269837|1458, 269844|1517, 269844|1554, 269845|1574, 269850|1716, 269850|1774, 269854|1845, 269864|2020, 269868|2148, 269869|2214, 269869|2234, 269873|2264, 269879|2448, 269885|2587, 269885|2756, 269886|2787, 269886|4004, com.ebay.mobile, 
269898|1, 269898|2718, 269906|2931, 269906|3109, 269907|3140, 269910|3190, 269910|3840, 269911|3863, 269911|4011, air.com.hypah.io.slither, 
269927|1, 269927|2071, 269929|2092, 269929|2127, 269933|2138, 269933|2161, 269934|2173, 269939|2186, 269943|2198, 269948|2211, 269953|2235, 269953|2293, 269954|2307, 269955|2317, 269962|2335, 269962|3365, 269965|3380, 269965|4004, com.google.android.music, 
270001|1, 270001|4002, com.android.vending, 
270003|1, 270003|754, 270011|887, 270011|1066, 270012|1196, 270014|1300, 270014|2514, 270017|2598, 270017|3270, 270018|3337, 270025|3392, 270025|3456, 270026|3474, 270027|3512, 270030|3566, 270030|3642, 270031|3660, 270031|3696, 270034|3718, 270034|4019, com.scb.breezebanking.hk, 
270036|1, 270036|2278, 270037|2341, 270039|2389, 270039|2593, 270041|2667, 270041|3092, 270043|3117, 270043|3136, 270047|3164, 270047|3183, 270049|3215, 270049|4013, com.sometimeswefly.littlealchemy, 
270055|1, 270055|675, 270056|712, 270056|790, 270061|859, 270066|930, 270067|945, 270067|975, 270072|1008, 270072|1076, 270073|1095, 270073|1620, 270076|1674, 270076|1843, 270077|1924, 270077|2262, 270078|2283, 270078|2419, 270080|2433, 270080|2631, 270086|2644, 270086|2667, 270087|2679, 270087|2781, 270088|2810, 270089|2848, 270092|2897, 270093|2912, 270093|2924, 270098|2940, 270098|3002, 270099|3019, 270101|3043, 270102|3066, 270103|3080, 270103|3093, 270105|3115, 270105|3178, 270107|3212, 270107|3232, 270109|3280, 270115|3298, 270116|3311, 270116|3330, 270118|3348, 270118|3368, 270119|3394, 270121|3421, 270121|3431, 270122|3448, 270124|3473, 270124|3514, 270126|3526, 270126|3577, 270127|3590, 270127|4009, com.mxtech.videoplayer.ad, 
270140|1, 270140|1361, 270141|1504, 270144|1649, 270155|1780, 270156|1832, 270156|2193, 270159|2229, 270159|2797, 270164|2867, 270168|2935, 270173|2968, 270173|2992, 270177|3188, 270177|4003, com.google.android.apps.docs, 
270181|1, 270181|640, 270183|679, 270188|739, 270188|861, 270192|912, 270193|945, 270193|981, 270201|1125, 270201|1235, 270202|1299, 270202|1452, 270203|1520, 270203|1789, 270204|1801, 270205|1815, 270205|2113, 270207|2136, 270207|2395, 270209|2413, 270209|2431, 270210|2445, 270210|2610, 270213|2633, 270213|3152, 270214|3164, 270214|4008, com.sololearn.cplusplus, 
270220|1, 270220|1932, 270221|1946, 270221|2039, 270222|2052, 270222|2098, 270224|2112, 270224|2527, 270226|2539, 270227|2549, 270227|2784, 270228|2799, 270228|2832, 270230|2846, 270230|3142, 270236|3157, 270236|3453, 270237|3502, 270237|3565, 270238|3605, 270238|3774, 270240|3794, 270240|4017, com.bankofamerica.cashpromobile, 
270267|1, 270267|1128, 270270|1223, 270276|1360, 270276|1448, 270277|1520, 270277|4012, org.catrobat.catroid, 
270279|1, 270279|4003, com.whatsapp, 
270279|1, 270279|749, 270280|846, 270280|1044, 270281|1094, 270282|1109, 270282|1271, 270287|1287, 270288|1306, 270288|1472, 270289|1483, 270289|1691, 270291|1721, 270291|1876, 270292|1886, 270293|1899, 270293|2084, 270298|2097, 270298|2172, 270299|2189, 270299|2340, 270301|2397, 270304|2469, 270309|2510, 270312|2600, 270313|2646, 270313|2886, 270314|2917, 270314|4002, com.Slack, 
270330|1, 270330|4004, com.whatsapp, 
270330|1, 270330|616, 270334|745, 270339|826, 270342|892, 270342|910, 270345|928, 270345|1019, 270346|1041, 270346|1534, 270349|1596, 270349|1745, 270350|1820, 270350|2047, 270351|2094, 270351|2318, 270353|2330, 270353|2518, 270359|2532, 270359|2583, 270360|2593, 270360|2726, 270362|2763, 270362|2810, 270363|2885, 270366|2919, 270371|2944, 270371|2970, 270372|3002, 270373|3020, 270373|3049, 270375|3063, 270375|3086, 270376|3103, 270377|3139, 270377|3163, 270380|3183, 270380|3195, 270385|3213, 270386|3231, 270387|3246, 270387|3259, 270389|3271, 270389|3320, 270391|3331, 270391|3375, 270392|3388, 270393|3401, 270393|3411, 270395|3429, 270395|3445, 270396|3455, 270398|3473, 270398|3543, 270399|3554, 270399|4003, com.mxtech.videoplayer.ad, 
270412|1, 270412|4009, com.ted.android.conference, 
270412|1, 270412|4002, com.google.android.gm, 
270412|1, 270412|1395, 270418|1803, 270418|2197, 270429|2404, 270438|2488, 270444|2566, 270444|2589, 270446|2619, 270455|2657, 270457|2733, 270458|2774, 270458|4005, com.android.chrome, 
270470|1, 270470|617, 270472|687, 270474|714, 270477|733, 270477|893, 270482|1034, 270490|1203, 270490|1238, 270491|1328, 270491|1568, 270492|1594, 270492|1819, 270494|1834, 270494|2162, 270496|2173, 270496|2442, 270498|2472, 270499|2497, 270499|2636, 270502|2663, 270502|3275, 270503|3347, 270503|4006, com.sololearn.cplusplus, 
270509|1, 270509|659, 270510|673, 270511|702, 270513|727, 270516|754, 270516|850, 270517|896, 270521|1033, 270529|1159, 270529|1311, 270530|1381, 270530|1476, 270531|1520, 270531|1748, 270533|1763, 270533|2076, 270535|2098, 270535|2361, 270537|2381, 270537|2397, 270538|2417, 270538|2566, 270541|2584, 270541|3121, 270542|3132, 270542|4009, com.sololearn.cplusplus, 
270549|1, 270549|4007, com.whatsapp, 
270549|1, 270549|4009, com.google.android.gm, 
270549|1, 270549|1747, 270550|1774, 270550|1924, 270552|1935, 270552|2136, 270554|2163, 270554|2333, 270556|2346, 270556|2546, 270559|2560, 270559|2747, 270561|2759, 270561|2961, 270562|2988, 270562|3151, 270563|3163, 270563|3902, 270564|3918, 270564|3940, 270566|3975, 270566|4013, com.bankofamerica.cashpromobile, 
270587|1, 270587|1955, 270588|1973, 270588|2020, 270589|2032, 270590|2044, 270590|2064, 270593|2089, 270596|2100, 270596|2148, 270597|2159, 270597|2352, 270599|2362, 270599|4002, com.google.android.keep, 
270611|1, 270611|2051, 270612|2101, 270614|2152, 270614|2452, 270616|2515, 270616|4038, com.sometimeswefly.littlealchemy, 
270618|1, 270618|1658, 270619|1673, 270619|1733, 270621|1745, 270621|1769, 270624|1779, 270625|1790, 270627|1809, 270627|1850, 270628|1861, 270628|1871, 270629|1883, 270629|2134, 270631|2146, 270631|4008, com.google.android.keep, 
270633|1, 270633|1434, 270634|1511, 270636|1578, 270639|1590, 270642|1602, 270642|1613, 270645|1676, 270646|1690, 270646|2326, 270649|2360, 270649|3526, 270652|3560, 270652|3596, 270654|3608, 270654|3628, 270657|3639, 270661|3650, 270662|3663, 270662|3690, 270664|3702, 270664|3733, 270666|3744, 270666|3759, 270668|3775, 270668|4010, com.google.android.apps.docs, 
270672|1, 270672|4008, at.DiTronic.androidgroup.randomgallery, 
270707|1, 270707|4009, com.android.vending, 
270707|1, 270707|3416, 270708|3496, 270710|3567, 270716|3605, 270716|3629, 270722|3656, 270722|3804, 270723|3823, 270726|4015, com.google.android.apps.photos, 
270728|1, 270728|1447, 270730|1625, 270730|2149, 270734|2264, 270743|2338, 270749|2397, 270757|2455, 270759|2480, 270767|2547, 270773|2614, 270773|4001, com.android.chrome, 
270785|1, 270785|1338, 270786|1410, 270791|1588, 270794|1654, 270799|1700, 270799|1783, 270800|1818, 270800|2066, 270803|2101, 270803|3369, 270804|3399, 270808|3440, 270808|3476, 270811|3506, 270816|3532, 270816|3543, 270818|3558, 270818|3582, 270820|3598, 270820|3692, 270822|3704, 270822|4003, com.google.android.apps.docs, 
270826|1, 270826|1757, 270827|1796, 270827|1820, 270829|1832, 270829|1857, 270832|1882, 270835|1904, 270835|1939, 270836|1961, 270836|2192, 270838|2210, 270838|4006, com.google.android.keep, 
270840|1, 270840|1790, 270841|1805, 270841|1973, 270844|2043, 270844|2198, 270847|2210, 270847|2402, 270849|2419, 270849|2600, 270852|2621, 270852|2814, 270854|2826, 270854|3035, 270855|3059, 270855|3228, 270856|3250, 270856|3909, 270857|3938, 270859|3959, 270859|4006, com.bankofamerica.cashpromobile, 
270881|1, 270881|1261, 270882|1398, 270882|1553, 270884|1602, 270884|1714, 270888|1767, 270889|1854, 270890|1924, 270890|2036, 270894|2091, 270894|2258, 270901|2367, 270901|2572, 270906|2619, 270906|2778, 270912|2968, 270912|3066, 270913|3214, 270913|3267, 270914|3304, 270914|3342, 270916|3386, 270921|3517, 270921|3738, 270922|3781, 270922|3907, 270924|3918, 270924|4001, com.ebay.mobile, 
270933|1, 270933|4011, com.google.android.gm, 
270933|1, 270933|4001, com.whatsapp, 
270933|1, 270933|988, 270934|1054, 270936|1085, 270937|1103, 270937|1115, 270944|1130, 270944|1149, 270946|1163, 270946|1217, 270949|1234, 270949|1314, 270950|1343, 270957|1359, 270957|1370, 270958|1381, 270958|1516, 270959|1530, 270959|1743, 270960|1753, 270960|2226, 270961|2301, 270963|2336, 270968|2353, 270968|2508, 270970|2535, 270971|2554, 270971|3043, 270972|3083, 270972|4003, com.Slack, 
270979|1, 270979|2951, 270987|3055, 270987|3217, 270988|3247, 270988|4012, air.com.hypah.io.slither, 
271007|1, 271007|39, 271009|68, 271009|270, 271010|295, 271010|320, 271012|355, 271015|407, 271019|464, 271020|524, 271020|652, 271029|686, 271029|1368, 271031|1428, 271031|1446, 271032|1471, 271036|1512, 271036|1657, 271038|1717, 271050|1775, 271052|1800, 271054|1841, 271056|1859, 271056|1899, 271057|1934, 271059|1957, 271065|2013, 271075|2112, 271086|2179, 271087|2198, 271101|2329, 271106|2391, 271108|2421, 271109|2439, 271109|2520, 271111|2538, 271111|2569, 271112|2654, 271116|2716, 271119|2746, 271120|2771, 271120|2932, 271122|2944, 271122|2998, 271123|3019, 271124|3036, 271126|3054, 271127|3071, 271128|3091, 271130|3102, 271130|3118, 271134|3131, 271134|3169, 271135|3185, 271136|3201, 271136|3434, 271139|3448, 271141|3468, 271141|3479, 271143|3502, 271143|3808, 271144|3825, 271144|3861, 271145|3883, 271147|3900, 271147|4001, com.dropbox.android, 
271167|1, 271167|2275, 271168|2339, 271170|2431, 271170|2472, 271175|2632, 271178|2721, 271178|2860, 271179|2890, 271179|2902, 271181|2935, 271182|2994, 271182|4001, com.sometimeswefly.littlealchemy, 
271184|1, 271184|1314, 271186|1435, 271187|1481, 271190|1581, 271197|1629, 271198|1660, 271198|1671, 271199|1700, 271199|1911, 271202|1955, 271202|2911, 271205|3104, 271208|3189, 271214|3249, 271216|3313, 271216|3394, 271218|3405, 271218|3675, 271220|3689, 271220|4005, com.google.android.apps.docs, 
271225|1, 271225|890, 271226|1047, 271232|1187, 271232|1467, 271235|1498, 271235|1926, 271237|1997, 271238|2086, 271238|2988, 271239|3026, 271241|3079, 271246|3109, 271247|3162, 271251|3262, 271251|3284, 271252|3376, 271255|3447, 271255|4029, com.scb.breezebanking.hk, 
271257|1, 271257|1847, 271258|1867, 271258|2044, 271261|2056, 271261|2210, 271264|2226, 271264|2420, 271266|2431, 271266|2591, 271271|2634, 271271|2845, 271272|2864, 271272|3028, 271273|3050, 271273|3539, 271276|3717, 271276|3830, 271279|3863, 271280|4027, com.bankofamerica.cashpromobile, 
271303|1, 271303|2037, 271305|2085, 271305|2105, 271307|2119, 271309|2140, 271320|2191, 271325|2218, 271327|2233, 271327|2242, 271330|2254, 271330|2275, 271331|2288, 271331|2299, 271336|2311, 271340|2323, 271340|3336, 271342|3348, 271343|3373, 271343|4002, com.google.android.music, 
271372|1, 271372|1357, 271373|1418, 271382|1556, 271386|1613, 271386|1635, 271387|1668, 271387|1936, 271390|1980, 271390|2879, 271393|2930, 271395|2953, 271395|2982, 271398|3001, 271403|3018, 271403|3035, 271405|3048, 271405|3069, 271406|3087, 271407|3103, 271407|3160, 271409|3179, 271409|4026, com.google.android.apps.docs, 
271413|1, 271413|2868, 271416|2879, 271416|3115, 271426|3129, 271426|3641, 271427|3672, 271427|3708, 271430|3729, 271430|3742, 271435|3763, 271437|3775, 271437|3797, 271441|3809, 271445|3821, 271448|3839, 271449|3854, 271451|3873, 271451|4013, at.DiTronic.androidgroup.randomgallery, 
271458|1, 271458|1095, 271459|1129, 271460|1196, 271461|1238, 271466|1279, 271476|1371, 271485|1424, 271485|1436, 271487|1471, 271489|1509, 271497|1578, 271501|1603, 271501|1620, 271505|1642, 271513|1703, 271519|1725, 271521|1800, 271522|1816, 271524|1835, 271524|1847, 271526|1872, 271527|1896, 271528|1918, 271529|1935, 271530|1948, 271530|1962, 271532|1984, 271533|2012, 271533|2093, 271534|2129, 271534|2162, 271535|2198, 271538|2215, 271542|2232, 271542|2302, 271543|2338, 271543|2407, 271545|2446, 271545|2542, 271547|2553, 271547|2592, 271548|2609, 271548|2624, 271549|2634, 271554|2651, 271554|2707, 271556|2722, 271556|2888, 271559|2902, 271559|2915, 271560|2928, 271561|2946, 271561|2957, 271563|2980, 271563|3013, 271564|3028, 271564|3082, 271566|3112, 271566|3151, 271567|3170, 271567|3403, 271569|3420, 271569|3478, 271571|3501, 271571|3815, 271572|3828, 271573|3843, 271573|3858, 271575|3870, 271575|4004, com.dropbox.android, 
271603|1, 271603|2939, 271605|3095, 271612|3294, 271626|3353, 271635|3415, 271637|3494, 271637|3514, 271639|3545, 271639|3556, 271640|3574, 271641|3592, 271641|3652, 271642|3674, 271643|3686, 271643|3717, 271644|3742, 271645|3753, 271645|4025, air.com.hypah.io.slither, 
271684|1, 271684|830, 271691|940, 271691|1116, 271694|1264, 271694|1515, 271695|1578, 271697|1657, 271697|2774, 271698|2809, 271705|2903, 271707|2985, 271710|3053, 271710|3103, 271711|3118, 271711|3142, 271714|3164, 271714|4008, com.scb.breezebanking.hk, 
271716|1, 271716|1870, 271718|1904, 271718|1938, 271722|1949, 271722|1987, 271725|2000, 271728|2012, 271729|2023, 271737|2036, 271738|2047, 271743|2064, 271743|2121, 271745|2133, 271745|2160, 271752|2172, 271754|2187, 271754|3019, 271757|3033, 271758|4017, com.google.android.music, 
271785|1, 271785|2810, 271788|2824, 271788|3060, 271798|3076, 271798|3558, 271799|3620, 271800|3648, 271802|3672, 271804|3690, 271807|3713, 271815|3736, 271815|3747, 271819|3760, 271819|3771, 271823|3783, 271823|3818, 271824|3840, 271824|4009, at.DiTronic.androidgroup.randomgallery, 
271833|1, 271833|973, 271835|1060, 271835|1159, 271836|1191, 271839|1230, 271839|1688, 271842|1870, 271842|1977, 271845|2009, 271845|4007, com.android.vending, 
271847|1, 271847|1979, 271848|2026, 271850|2055, 271850|2307, 271852|2360, 271852|4003, com.sometimeswefly.littlealchemy, 
271854|1, 271854|2881, 271862|3076, 271862|3226, 271865|3307, 271868|3324, 271868|4005, air.com.hypah.io.slither, 
271886|1, 271886|1759, 271887|1793, 271888|1846, 271889|1880, 271889|1915, 271891|1950, 271893|1973, 271893|2041, 271900|2066, 271904|2173, 271905|2191, 271906|2229, 271911|2308, 271914|2354, 271916|2389, 271916|2408, 271918|2455, 271924|2523, 271925|2563, 271930|2632, 271931|2720, 271936|2755, 271936|2819, 271938|2915, 271940|2986, 271941|3019, 271942|3089, 271945|3242, 271945|3377, 271947|3607, 271949|3706, 271949|3843, 271951|3859, 271951|4007, com.ebay.mobile, 
271975|1, 271975|984, 271978|1121, 271984|1282, 271984|1361, 271985|1389, 271985|4001, org.catrobat.catroid, 
271989|1, 271989|1314, 271998|1397, 272006|1429, 272012|1459, 272026|1539, 272028|1569, 272029|1599, 272034|1620, 272035|1634, 272035|1649, 272037|1668, 272042|1694, 272043|1708, 272047|1757, 272047|2068, 272051|2125, 272059|2170, 272059|2291, 272060|2308, 272060|2326, 272062|2345, 272064|2362, 272068|2410, 272069|2426, 272070|2443, 272073|2460, 272074|2482, 272074|2549, 272075|2568, 272077|2589, 272077|2655, 272078|2667, 272078|2709, 272081|2742, 272082|2781, 272082|2826, 272085|2843, 272085|2920, 272088|2937, 272089|2960, 272091|2985, 272092|2997, 272092|3154, 272096|3168, 272096|3181, 272097|3193, 272097|3218, 272099|3230, 272099|3268, 272101|3286, 272101|3301, 272102|3313, 272102|3350, 272104|3369, 272104|3413, 272105|3425, 272105|3438, 272106|3451, 272106|3669, 272107|3683, 272107|3693, 272109|3718, 272109|3730, 272111|3751, 272111|4006, com.dropbox.android, 
272141|1, 272141|779, 272150|1102, 272151|1180, 272151|4002, org.catrobat.catroid, 
272153|1, 272153|1335, 272155|1428, 272156|1526, 272159|1580, 272159|1625, 272171|1675, 272171|1721, 272172|1801, 272173|1828, 272178|1900, 272180|1960, 272180|1993, 272185|2045, 272188|2095, 272189|2151, 272191|2201, 272191|2246, 272195|2312, 272199|2363, 272202|2451, 272216|2996, 272216|3142, 272217|3276, 272217|4003, com.ebay.mobile, 
272228|1, 272228|3036, 272231|3048, 272231|3260, 272232|3278, 272241|3303, 272241|3701, 272242|3745, 272242|3772, 272244|3812, 272245|3830, 272245|3842, 272247|3854, 272250|3867, 272250|3878, 272258|3898, 272258|3910, 272260|3922, 272260|3933, 272262|3948, 272262|3959, 272265|3973, 272266|3989, 272266|4002, at.DiTronic.androidgroup.randomgallery, 
272272|1, 272272|1141, 272274|1613, 272274|1879, 272275|2166, 272284|2280, 272290|2365, 272294|2406, 272300|2456, 272302|2498, 272302|4004, com.android.chrome, 
272314|1, 272314|2864, 272322|3087, 272322|3220, 272323|3248, 272323|3270, 272326|3295, 272326|4004, air.com.hypah.io.slither, 
272347|1, 272347|201, 272348|238, 272348|247, 272350|278, 272350|320, 272353|344, 272353|390, 272358|440, 272358|570, 272367|740, 272367|1096, 272369|1161, 272373|1204, 272373|1272, 272376|1382, 272376|1502, 272377|1570, 272377|4008, org.catrobat.catroid, 
272379|1, 272379|1100, 272380|1155, 272380|1194, 272382|1206, 272387|1270, 272393|1320, 272418|1395, 272418|1406, 272430|1428, 272432|1474, 272436|1567, 272438|1616, 272442|1650, 272448|1714, 272449|1740, 272450|1788, 272455|1836, 272456|1863, 272457|1897, 272458|1937, 272460|1976, 272460|2692, 272461|2705, 272461|3000, 272462|3013, 272462|3083, 272463|3106, 272464|3124, 272464|3149, 272466|3172, 272466|3189, 272467|3206, 272468|3222, 272469|3233, 272469|3322, 272470|3340, 272472|3373, 272472|3396, 272473|3408, 272475|3452, 272475|3524, 272476|3541, 272476|3551, 272480|3564, 272480|3574, 272483|3600, 272485|3613, 272485|3723, 272486|3735, 272487|3756, 272487|3807, 272488|3818, 272488|4005, com.dropbox.android, 
272517|1, 272517|2980, 272518|2998, 272518|3044, 272519|3057, 272520|3069, 272520|3088, 272525|3102, 272526|3117, 272531|3130, 272531|3142, 272533|3157, 272533|3217, 272534|3227, 272534|3454, 272536|3466, 272537|3479, 272537|4003, com.google.android.apps.photos, 
272539|1, 272539|780, 272540|858, 272546|1064, 272548|1155, 272549|1282, 272549|1457, 272550|1575, 272552|1690, 272552|2896, 272553|2947, 272560|3085, 272561|3147, 272564|3190, 272564|3293, 272565|3321, 272565|3338, 272568|3358, 272568|4001, com.scb.breezebanking.hk, 
272570|1, 272570|1524, 272575|1693, 272575|2067, 272588|2311, 272588|2324, 272594|2395, 272600|2460, 272611|2519, 272614|2605, 272614|4003, com.android.chrome, 
272624|1, 272624|1097, 272625|1142, 272625|1304, 272626|1317, 272627|1328, 272627|1507, 272632|1544, 272632|1594, 272633|1607, 272633|1821, 272635|1830, 272635|2069, 272636|2109, 272636|2302, 272638|2401, 272641|2437, 272645|2483, 272647|2524, 272648|2555, 272648|2838, 272649|2869, 272649|4002, com.Slack, 
272667|1, 272667|4008, com.whatsapp, 
272667|1, 272667|4008, com.android.vending, 
272667|1, 272667|2748, 272668|2772, 272668|2834, 272670|2850, 272670|2869, 272671|2880, 272676|2892, 272676|2902, 272679|2914, 272680|2925, 272682|2936, 272682|2996, 272683|3009, 272683|3261, 272686|3274, 272686|4009, com.google.android.apps.photos, 
272688|1, 272688|741, 272690|784, 272690|799, 272692|818, 272692|840, 272698|861, 272698|877, 272700|906, 272702|925, 272702|940, 272703|957, 272703|1029, 272709|1044, 272709|1055, 272710|1071, 272710|1144, 272711|1154, 272711|1349, 272712|1360, 272713|1374, 272713|1582, 272714|1599, 272714|1974, 272715|2011, 272715|2041, 272717|2059, 272717|2070, 272722|2091, 272722|2171, 272724|2191, 272725|2223, 272725|2774, 272726|2805, 272726|4004, com.Slack, 
272732|1, 272732|958, 272735|1064, 272741|1136, 272743|1156, 272744|1178, 272744|1265, 272746|1277, 272746|1419, 272752|1432, 272752|1451, 272753|1464, 272753|1477, 272754|1487, 272754|1630, 272756|1647, 272756|1861, 272757|1876, 272757|2237, 272758|2272, 272758|2301, 272760|2321, 272760|2335, 272765|2364, 272768|2436, 272768|2642, 272769|2685, 272769|4002, com.Slack, 
272775|1, 272775|2437, 272783|2787, 272783|3144, 272784|3180, 272784|3215, 272785|3226, 272786|3248, 272789|3260, 272789|3400, 272790|3420, 272795|3480, 272795|3563, 272796|3594, 272796|4020, air.com.hypah.io.slither, 
272800|1, 272800|392, 272801|416, 272801|522, 272803|536, 272804|564, 272807|600, 272811|630, 272811|694, 272813|713, 272813|734, 272814|759, 272814|840, 272816|897, 272816|977, 272817|1047, 272818|1101, 272818|1182, 272821|1219, 272825|1235, 272825|1449, 272826|1555, 272842|1644, 272856|1724, 272862|1785, 272864|1822, 272868|1854, 272870|1880, 272877|1926, 272894|2046, 272896|2056, 272896|2070, 272902|2091, 272904|2119, 272908|2164, 272910|2236, 272910|2324, 272911|2343, 272911|2359, 272915|2393, 272917|2431, 272918|2476, 272921|2524, 272921|2552, 272922|2582, 272923|2620, 272925|2638, 272925|2664, 272926|2684, 272926|2745, 272927|2757, 272927|2798, 272929|2810, 272929|2856, 272931|2870, 272931|2882, 272933|2922, 272937|2953, 272939|2966, 272939|3242, 272944|3260, 272944|3271, 272946|3284, 272946|3307, 272950|3326, 272950|3543, 272951|3555, 272951|3632, 272953|3646, 272955|3663, 272957|3674, 272957|4014, com.dropbox.android, 
272992|1, 272992|2815, 273000|2984, 273000|3109, 273004|3156, 273004|4015, air.com.hypah.io.slither, 
273021|1, 273021|1013, 273022|1070, 273022|1117, 273030|1218, 273032|1265, 273033|1305, 273033|1325, 273035|1337, 273035|1438, 273039|1450, 273041|1462, 273041|1519, 273042|1532, 273042|1660, 273044|1672, 273044|1901, 273045|1912, 273045|2275, 273046|2316, 273054|2390, 273054|2453, 273055|2532, 273056|2556, 273057|2576, 273057|3303, 273058|3336, 273058|4011, com.Slack, 
273064|1, 273064|1006, 273066|1088, 273077|1149, 273081|1179, 273081|1191, 273086|1225, 273092|1329, 273096|1380, 273102|1418, 273123|1537, 273129|1595, 273133|1753, 273133|1815, 273137|1908, 273139|1931, 273139|1966, 273141|1991, 273144|2028, 273146|2069, 273146|2153, 273148|2167, 273150|2192, 273150|2251, 273152|2279, 273152|2293, 273154|2314, 273154|2372, 273155|2389, 273155|2402, 273156|2424, 273156|2438, 273157|2449, 273158|2462, 273158|2496, 273159|2508, 273161|2522, 273162|2534, 273162|2577, 273164|2590, 273164|2802, 273169|2821, 273173|2857, 273175|2883, 273175|3150, 273176|3163, 273176|4006, com.dropbox.android, 
273204|1, 273204|2919, 273207|2935, 273207|3079, 273217|3095, 273217|3670, 273219|3719, 273221|3739, 273221|3757, 273223|3770, 273226|3793, 273226|3804, 273230|3816, 273238|3843, 273238|3860, 273242|3874, 273242|3886, 273243|3912, 273243|4010, at.DiTronic.androidgroup.randomgallery, 
273250|1, 273250|2957, 273251|2979, 273251|3036, 273253|3066, 273260|3185, 273266|3252, 273266|3322, 273267|3351, 273267|3564, 273270|3586, 273271|3606, 273271|4002, com.google.android.apps.photos, 
273273|1, 273273|4003, com.whatsapp, 
273273|1, 273273|1101, 273274|1177, 273279|1262, 273279|1296, 273281|1340, 273282|1390, 273282|1455, 273283|1494, 273283|4014, org.catrobat.catroid, 
273285|1, 273285|2849, 273288|2875, 273288|3002, 273294|3015, 273299|3030, 273299|3500, 273300|3560, 273301|3590, 273303|3605, 273305|3618, 273305|3629, 273309|3652, 273318|3672, 273318|3681, 273320|3695, 273321|3723, 273324|3745, 273324|4022, at.DiTronic.androidgroup.randomgallery, 
273331|1, 273331|4007, com.android.vending, 
273333|1, 273333|737, 273334|797, 273340|967, 273340|1235, 273343|1509, 273343|2023, 273347|2213, 273347|3217, 273348|3243, 273356|3335, 273356|3375, 273357|3391, 273358|3441, 273361|3500, 273361|3555, 273362|3578, 273365|3612, 273365|4004, com.scb.breezebanking.hk, 
273367|1, 273367|815, 273368|957, 273369|1044, 273370|1073, 273373|1093, 273373|1107, 273379|1135, 273380|1153, 273381|1164, 273381|1195, 273382|1209, 273387|1227, 273387|1249, 273388|1260, 273388|1305, 273389|1320, 273389|1374, 273390|1386, 273390|1563, 273391|1579, 273391|2254, 273392|2352, 273393|2370, 273394|2383, 273394|2406, 273399|2418, 273399|2507, 273400|2520, 273401|2533, 273401|2550, 273402|2592, 273402|3065, 273403|3087, 273403|4004, com.Slack, 
273409|1, 273409|3169, 273411|3308, 273417|3382, 273418|3418, 273420|3454, 273424|3497, 273444|3531, 273445|3593, 273445|3620, 273447|3655, 273449|3680, 273449|3713, 273450|3739, 273450|3772, 273452|3794, 273453|3834, 273454|3854, 273454|4001, air.com.hypah.io.slither, 
273494|1, 273494|1656, 273497|1756, 273500|1805, 273500|1879, 273508|1951, 273508|1968, 273509|2013, 273509|2345, 273511|2394, 273512|2435, 273512|3674, 273514|3724, 273514|3748, 273515|3759, 273515|3795, 273517|3810, 273517|3834, 273518|3846, 273522|3857, 273525|3869, 273525|3881, 273527|3894, 273527|3918, 273528|3930, 273529|3943, 273529|3954, 273531|3976, 273531|4002, com.google.android.apps.docs, 
273535|1, 273535|1204, 273536|1317, 273538|1391, 273548|1540, 273549|1627, 273549|1883, 273552|1925, 273552|3077, 273553|3123, 273555|3189, 273560|3251, 273565|3268, 273567|3294, 273567|3321, 273569|3333, 273569|3384, 273571|3397, 273571|4014, com.google.android.apps.docs, 
273575|1, 273575|743, 273576|797, 273583|873, 273583|1005, 273586|1129, 273586|1518, 273589|1601, 273589|2767, 273590|2832, 273592|2858, 273592|2884, 273597|2900, 273597|2928, 273598|2967, 273599|3006, 273602|3055, 273602|3084, 273603|3097, 273603|3109, 273606|3135, 273606|4003, com.scb.breezebanking.hk, 
273608|1, 273608|1845, 273610|1858, 273610|1898, 273614|1909, 273614|1943, 273620|1956, 273620|1966, 273621|1978, 273625|1990, 273630|2002, 273630|2193, 273632|2209, 273634|2232, 273634|2280, 273635|2293, 273636|2305, 273637|2316, 273637|2419, 273639|2431, 273640|2455, 273640|3605, 273643|3628, 273643|4063, com.google.android.music, 
273666|1, 273666|953, 273672|1164, 273675|1210, 273675|1328, 273676|1393, 273676|4011, org.catrobat.catroid, 
273678|1, 273678|713, 273679|764, 273686|888, 273687|944, 273687|1014, 273688|1093, 273688|4004, org.catrobat.catroid, 
273691|1, 273691|4005, com.android.vending, 
273691|1, 273691|846, 273692|884, 273697|967, 273700|1065, 273700|1247, 273701|1332, 273701|4004, org.catrobat.catroid, 
273703|1, 273703|794, 273704|863, 273706|905, 273709|1081, 273709|1192, 273712|1257, 273712|1616, 273714|1629, 273714|1640, 273715|1674, 273715|2421, 273716|2435, 273716|2465, 273718|2485, 273722|2504, 273722|2549, 273724|2572, 273724|2598, 273726|2618, 273726|2766, 273727|2795, 273730|2852, 273730|4007, com.scb.breezebanking.hk, 
273732|1, 273732|2885, 273733|2908, 273733|2957, 273734|2969, 273735|2995, 273741|3039, 273746|3058, 273748|3072, 273748|3132, 273749|3145, 273749|3453, 273752|3465, 273752|4008, com.google.android.apps.photos, 
273754|1, 273754|2251, 273755|2269, 273755|2309, 273757|2331, 273757|2563, 273759|2582, 273759|4009, com.sometimeswefly.littlealchemy, 
273761|1, 273761|1968, 273767|2087, 273767|2118, 273768|2156, 273769|2219, 273770|2282, 273770|2302, 273771|2329, 273772|2393, 273774|2462, 273774|2639, 273776|2670, 273776|4034, com.sometimeswefly.littlealchemy, 
273778|1, 273778|2812, 273779|2835, 273779|2890, 273781|2913, 273781|2939, 273786|2951, 273787|2978, 273792|2989, 273792|2998, 273793|3016, 273793|3068, 273794|3086, 273794|3357, 273797|3371, 273798|3387, 273798|4002, com.google.android.apps.photos, 
273800|1, 273800|4002, com.whatsapp, 
273800|1, 273800|1362, 273801|1401, 273803|1435, 273806|1509, 273815|1665, 273815|1849, 273818|1894, 273818|2966, 273819|3031, 273821|3091, 273824|3135, 273829|3164, 273829|3174, 273833|3192, 273833|3223, 273835|3242, 273835|3516, 273837|3527, 273837|4010, com.google.android.apps.docs, 
273841|1, 273841|1452, 273843|1598, 273843|2191, 273846|2432, 273858|2559, 273869|2660, 273871|2736, 273871|4009, com.android.chrome, 
273881|1, 273881|1197, 273886|1388, 273886|1828, 273887|1941, 273889|2001, 273897|2060, 273906|2161, 273914|2240, 273925|2339, 273926|2365, 273926|4009, com.android.chrome, 
273932|1, 273932|4011, com.whatsapp, 
