271703|1, 271703|1300, 271704|1378, 271706|1496, 271706|1545, 271707|1609, 271709|1691, 271709|1882, 271713|1967, 271716|2040, 271716|2068, 271717|2090, 271717|2206, 271721|2278, 271721|2392, 271733|2490, 271740|2617, 271740|2715, 271743|2873, 271744|3036, 271747|3228, 271755|3366, 271756|3490, 271756|3529, 271758|3566, 271758|3729, 271764|3778, 271765|4010, com.ebay.mobile, 
271806|1, 271806|788, 271809|866, 271810|892, 271813|940, 271819|1046, 271820|1066, 271820|1090, 271823|1233, 271829|1509, 271829|1543, 271830|1604, 271830|2056, 271831|2070, 271831|2282, 271832|2294, 271833|2306, 271833|2599, 271836|2651, 271836|2903, 271839|2942, 271839|3091, 271842|3127, 271842|3742, 271843|3755, 271843|4009, com.sololearn.cplusplus, 
271849|1, 271849|246, 271850|269, 271851|285, 271852|305, 271852|335, 271853|353, 271854|386, 271857|408, 271858|426, 271859|448, 271859|474, 271860|491, 271861|509, 271861|4001, com.ted.android.conference, 
271877|1, 271877|1274, 271878|1294, 271879|1321, 271879|1378, 271880|1409, 271881|1434, 271881|1481, 271883|1497, 271883|1521, 271889|1544, 271894|1608, 271897|1636, 271908|1746, 271917|1784, 271922|1837, 271923|1857, 271924|1877, 271924|1902, 271928|1919, 271928|1932, 271931|1947, 271935|1989, 271935|2002, 271936|2037, 271941|2065, 271942|2086, 271954|2216, 271959|2330, 271959|2381, 271963|2441, 271966|2685, 271966|2759, 271969|2854, 271970|2889, 271970|3143, 271972|3157, 271972|3178, 271973|3190, 271973|3342, 271976|3357, 271977|3367, 271978|3378, 271978|3692, 271979|3702, 271979|3900, 271980|3940, 271982|3955, 271982|4004, com.dropbox.android, 
272016|1, 272016|906, 272018|936, 272018|974, 272019|1003, 272019|1089, 272022|1162, 272024|1201, 272032|1295, 272036|1352, 272036|1425, 272054|1486, 272071|1606, 272071|2134, 272073|2194, 272078|2216, 272081|2229, 272083|2265, 272084|2288, 272085|2309, 272087|2331, 272087|2387, 272094|2404, 272094|2415, 272095|2427, 272095|2472, 272096|2487, 272097|2522, 272097|2539, 272099|2560, 272100|2589, 272101|2613, 272101|2686, 272102|2698, 272102|2714, 272104|2752, 272105|2771, 272106|2789, 272108|2807, 272111|2828, 272111|2866, 272112|2889, 272112|2999, 272116|3020, 272118|3047, 272118|3080, 272120|3102, 272122|3117, 272122|3175, 272124|3186, 272124|3272, 272125|3293, 272125|3452, 272126|3466, 272126|3480, 272129|3507, 272129|3864, 272130|3880, 272131|3893, 272132|3905, 272132|4011, com.dropbox.android, 
272159|1, 272159|2194, 272160|2241, 272160|2424, 272161|2442, 272161|2705, 272162|2722, 272162|2939, 272164|2950, 272164|3143, 272166|3158, 272166|3346, 272168|3358, 272168|3554, 272171|3567, 272171|3759, 272173|3773, 272173|4001, com.bankofamerica.cashpromobile, 
272185|1, 272185|1882, 272187|1941, 272187|1951, 272189|1968, 272189|2056, 272190|2067, 272190|4008, com.android.chrome, 
272192|1, 272192|603, 272194|635, 272195|665, 272196|693, 272206|851, 272206|892, 272212|1139, 272212|1276, 272213|1294, 272213|1347, 272214|1444, 272214|1686, 272216|1730, 272216|2006, 272218|2034, 272218|2296, 272220|2318, 272220|2338, 272221|2352, 272221|2604, 272224|2639, 272224|3153, 272225|3162, 272225|4006, com.sololearn.cplusplus, 
272231|1, 272231|4007, com.google.android.gm, 
272231|1, 272231|2262, 272232|2292, 272233|2303, 272233|2312, 272234|2339, 272234|2362, 272236|2373, 272236|2384, 272239|2409, 272239|2525, 272241|2561, 272241|2605, 272242|2628, 272243|2648, 272245|2659, 272245|2692, 272247|2709, 272249|2728, 272249|2740, 272252|2756, 272255|2771, 272256|2798, 272264|2817, 272270|2846, 272270|2889, 272276|2911, 272279|2932, 272279|3179, 272281|3218, 272281|3231, 272282|3241, 272282|3277, 272284|3288, 272284|3318, 272287|3329, 272287|3351, 272288|3361, 272288|3394, 272301|3409, 272301|3604, 272302|3615, 272302|3700, 272305|3717, 272305|4145, com.google.android.music, 
272362|1, 272362|1842, 272363|1871, 272363|1894, 272364|1941, 272364|2083, 272366|2105, 272366|2285, 272368|2298, 272368|2484, 272370|2496, 272370|2696, 272375|2708, 272375|2925, 272376|2934, 272376|3105, 272377|3122, 272377|3863, 272378|3878, 272378|3926, 272379|3950, 272381|3979, 272381|4004, com.bankofamerica.cashpromobile, 
272401|1, 272401|2353, 272402|2366, 272402|2409, 272404|2419, 272404|2440, 272407|2459, 272407|2472, 272410|2493, 272410|2550, 272411|2562, 272411|2853, 272413|2894, 272413|4004, com.google.android.keep, 
272415|1, 272415|4008, com.ted.android.conference, 
272415|1, 272415|1256, 272416|1332, 272417|1358, 272418|1370, 272423|1477, 272426|1530, 272426|1642, 272427|1655, 272427|4009, org.catrobat.catroid, 
272429|1, 272429|1105, 272431|1153, 272431|1223, 272434|1264, 272449|1350, 272464|1385, 272469|1411, 272469|1435, 272478|1454, 272485|1540, 272485|1553, 272490|1569, 272490|1622, 272494|1656, 272497|1690, 272499|1753, 272500|1825, 272502|1878, 272503|1949, 272509|2007, 272512|2053, 272514|2077, 272516|2107, 272516|2143, 272517|2157, 272519|2172, 272520|2183, 272521|2229, 272521|2350, 272522|2362, 272522|2375, 272524|2393, 272524|2409, 272526|2423, 272529|2443, 272529|2455, 272533|2475, 272534|2492, 272536|2539, 272536|2768, 272539|2795, 272541|2811, 272542|2828, 272543|2838, 272544|2857, 272544|2968, 272548|2980, 272548|2992, 272549|3003, 272550|3019, 272550|3050, 272551|3061, 272551|3190, 272553|3211, 272555|3232, 272557|3250, 272557|3560, 272559|3572, 272559|3594, 272561|3605, 272563|3616, 272563|4008, com.dropbox.android, 
272594|1, 272594|1025, 272601|1243, 272604|1396, 272604|2150, 272605|2199, 272616|2372, 272622|2454, 272625|2571, 272628|2621, 272639|2694, 272643|2799, 272643|4009, com.android.chrome, 
272647|1, 272647|4007, at.DiTronic.androidgroup.randomgallery, 
272685|1, 272685|848, 272690|1000, 272695|1082, 272697|1185, 272697|1436, 272698|1461, 272699|1496, 272699|3124, 272700|3139, 272700|3179, 272703|3222, 272708|3337, 272709|3376, 272712|3445, 272712|3510, 272713|3522, 272713|3569, 272716|3599, 272716|4003, com.scb.breezebanking.hk, 
272718|1, 272718|1196, 272722|1463, 272729|1634, 272729|2459, 272730|2505, 272732|2531, 272737|2556, 272745|2602, 272745|2656, 272747|2824, 272751|2955, 272753|3029, 272753|3827, 272754|3858, 272755|3884, 272755|4010, com.android.chrome, 
272775|1, 272775|1061, 272776|1111, 272777|1284, 272777|1308, 272778|1386, 272778|2119, 272779|2135, 272779|2181, 272780|2193, 272781|2206, 272781|2225, 272784|2235, 272784|2254, 272787|2264, 272787|2315, 272788|2326, 272788|2490, 272790|2508, 272790|4009, com.google.android.keep, 
272795|1, 272795|3106, 272796|3152, 272796|3185, 272797|3197, 272797|3210, 272798|3237, 272798|3255, 272799|3272, 272800|3291, 272800|3322, 272805|3337, 272805|3395, 272806|3421, 272806|3461, 272811|3491, 272811|3515, 272814|3527, 272814|3550, 272815|3566, 272816|3578, 272816|3609, 272817|3621, 272818|3636, 272818|3705, 272819|3717, 272819|3802, 272820|3823, 272820|4020, com.google.android.apps.photos, 
272836|1, 272836|1803, 272838|1879, 272841|1945, 272845|2058, 272851|2181, 272851|2222, 272856|2261, 272856|2398, 272857|2443, 272858|2484, 272861|2574, 272863|2755, 272863|3550, 272864|3585, 272864|3630, 272867|3659, 272867|4010, com.sometimeswefly.littlealchemy, 
272871|1, 272871|2189, 272872|2219, 272874|2252, 272874|2568, 272876|2583, 272876|3904, 272877|3918, 272877|4001, com.sometimeswefly.littlealchemy, 
272881|1, 272881|1952, 272887|2044, 272891|2094, 272891|2125, 272897|2136, 272897|2146, 272898|2164, 272907|2180, 272909|2193, 272912|2203, 272912|2248, 272913|2257, 272914|2270, 272914|2283, 272922|2310, 272922|3179, 272925|3193, 272925|4034, com.google.android.music, 
272942|1, 272942|1763, 272943|1790, 272944|1807, 272944|1840, 272945|1851, 272946|1864, 272946|1874, 272947|1883, 272949|1898, 272950|1910, 272950|1931, 272952|1946, 272952|2305, 272953|2321, 272953|4006, com.google.android.keep, 
272955|1, 272955|1716, 272956|1741, 272957|1785, 272957|1967, 272960|1980, 272960|2111, 272963|2121, 272963|2259, 272965|2270, 272965|2424, 272968|2435, 272968|2626, 272970|2638, 272970|2857, 272971|2867, 272971|3040, 272972|3051, 272972|3724, 272973|3752, 272973|3788, 272974|3821, 272976|3895, 272980|4059, com.bankofamerica.cashpromobile, 
273002|1, 273002|3038, 273003|3048, 273003|4001, com.ted.android.conference, 
273004|1, 273004|730, 273006|891, 273008|965, 273008|1009, 273013|1093, 273014|1129, 273015|1148, 273024|1218, 273025|1232, 273025|1364, 273026|1373, 273026|1935, 273029|1960, 273029|2058, 273030|2076, 273045|2139, 273045|2257, 273047|2377, 273047|2496, 273052|2519, 273053|2555, 273053|2696, 273055|2707, 273055|2932, 273056|2944, 273056|2963, 273058|2997, 273058|3018, 273059|3059, 273059|3085, 273062|3180, 273063|3222, 273063|3279, 273068|3293, 273068|3314, 273069|3340, 273070|3358, 273070|3368, 273071|3387, 273071|3445, 273072|3456, 273074|3489, 273074|3536, 273075|3574, 273076|3609, 273076|3620, 273077|3629, 273077|4004, com.mxtech.videoplayer.ad, 
273088|1, 273088|634, 273091|687, 273093|700, 273097|735, 273097|871, 273102|1008, 273103|1069, 273103|1092, 273109|1198, 273109|1295, 273110|1462, 273111|1496, 273111|1691, 273113|1705, 273113|2024, 273115|2042, 273115|2303, 273116|2337, 273118|2370, 273118|2623, 273121|2639, 273121|3270, 273122|3282, 273122|4001, com.sololearn.cplusplus, 
273129|1, 273129|4008, com.ted.android.conference, 
273129|1, 273129|1286, 273130|1353, 273131|1407, 273133|1448, 273133|1484, 273135|1512, 273135|1542, 273137|1577, 273137|1603, 273142|1640, 273148|1700, 273148|1786, 273151|1845, 273151|1873, 273153|1899, 273155|1942, 273156|1989, 273159|2023, 273159|2059, 273165|2144, 273165|2170, 273169|2207, 273169|2228, 273170|2279, 273172|2321, 273172|2394, 273173|2426, 273174|2457, 273175|2497, 273178|2533, 273179|2604, 273183|2671, 273183|2731, 273187|2964, 273187|3010, 273189|3035, 273194|3134, 273198|3181, 273202|3202, 273203|3233, 273204|3260, 273204|3436, 273205|3456, 273205|3478, 273209|3494, 273216|3518, 273216|3603, 273217|3620, 273217|4010, com.ebay.mobile, 
273227|1, 273227|1658, 273228|1677, 273228|1730, 273230|1742, 273230|1765, 273233|1781, 273236|1807, 273236|1859, 273237|1870, 273237|2150, 273240|2161, 273240|4002, com.google.android.keep, 
273242|1, 273242|1039, 273250|1332, 273250|1927, 273252|2049, 273254|2085, 273263|2143, 273268|2247, 273271|2301, 273273|2368, 273273|2413, 273274|2439, 273274|4005, com.android.chrome, 
273276|1, 273276|4001, at.DiTronic.androidgroup.randomgallery, 
273313|1, 273313|544, 273317|611, 273319|641, 273324|762, 273327|901, 273327|931, 273334|977, 273334|1149, 273336|1250, 273336|1463, 273338|1489, 273338|1790, 273340|1810, 273340|2097, 273342|2113, 273342|2136, 273343|2147, 273343|2280, 273345|2308, 273346|2333, 273346|2938, 273347|2952, 273347|4016, com.sololearn.cplusplus, 
273353|1, 273353|862, 273354|907, 273355|941, 273357|965, 273357|984, 273360|1001, 273360|1021, 273362|1042, 273362|1095, 273364|1110, 273364|1190, 273365|1205, 273365|1232, 273366|1250, 273366|4016, com.ted.android.conference, 
273366|1, 273366|658, 273367|739, 273368|785, 273368|816, 273370|843, 273377|892, 273377|933, 273378|947, 273382|1003, 273382|1058, 273383|1097, 273383|1814, 273386|1848, 273386|2081, 273397|2138, 273399|2171, 273399|3218, 273401|3265, 273401|3304, 273403|3318, 273403|3339, 273408|3358, 273408|3376, 273409|3395, 273409|3470, 273410|3484, 273411|3498, 273413|3520, 273419|3560, 273426|3589, 273427|3609, 273427|3621, 273429|3632, 273430|3645, 273430|3658, 273435|3668, 273436|3682, 273436|3705, 273439|3719, 273439|3750, 273440|3761, 273442|3785, 273442|3800, 273444|3816, 273444|3860, 273446|3878, 273446|3927, 273447|3939, 273447|4002, com.mxtech.videoplayer.ad, 
273459|1, 273459|539, 273461|635, 273462|703, 273462|745, 273467|904, 273472|1000, 273472|1109, 273475|1138, 273475|1406, 273482|1419, 273482|2005, 273483|2015, 273483|2045, 273484|2056, 273484|2625, 273486|2723, 273486|2957, 273488|2975, 273488|3180, 273490|3197, 273490|3208, 273491|3220, 273491|3424, 273494|3434, 273494|4007, com.sololearn.cplusplus, 
273501|1, 273501|3509, 273502|3592, 273506|3683, 273510|3790, 273510|3818, 273511|3835, 273514|3975, 273514|4004, air.com.hypah.io.slither, 
273531|1, 273531|2899, 273534|2923, 273534|3136, 273544|3152, 273544|3493, 273545|3507, 273545|3546, 273547|3557, 273547|3591, 273555|3618, 273557|3629, 273557|3655, 273559|3668, 273559|3782, 273560|3823, 273561|3859, 273562|3876, 273566|3919, 273568|3943, 273571|3970, 273573|3989, 273573|4001, at.DiTronic.androidgroup.randomgallery, 
273585|1, 273585|721, 273588|900, 273593|997, 273593|1063, 273596|1235, 273596|1639, 273597|1724, 273599|1847, 273599|3194, 273600|3222, 273603|3324, 273608|3435, 273609|3469, 273612|3509, 273612|3594, 273613|3620, 273616|3656, 273616|4016, com.scb.breezebanking.hk, 
273619|1, 273619|4010, com.ted.android.conference, 
273619|1, 273619|2221, 273620|2260, 273620|4011, com.ted.android.conference, 
273621|1, 273621|4006, com.android.vending, 
273665|1, 273665|1038, 273670|1111, 273670|1132, 273671|1185, 273679|1282, 273679|4002, com.whatsapp, 
273690|1, 273690|1786, 273691|1818, 273692|1856, 273692|2032, 273695|2042, 273695|2166, 273698|2188, 273698|2372, 273700|2383, 273700|2583, 273703|2595, 273703|2786, 273705|2798, 273705|3033, 273707|3056, 273707|3191, 273709|3206, 273709|3838, 273710|3868, 273710|3916, 273711|3939, 273711|3957, 273713|3995, 273713|4021, com.bankofamerica.cashpromobile, 
273745|1, 273745|1828, 273746|1844, 273746|2084, 273748|2098, 273748|2284, 273750|2295, 273750|2493, 273752|2505, 273752|2695, 273757|2706, 273757|2933, 273758|2944, 273758|3108, 273759|3131, 273759|3675, 273760|3720, 273762|3768, 273762|3927, 273765|3973, 273766|4000, 273766|4021, com.bankofamerica.cashpromobile, 
273785|1, 273785|705, 273786|791, 273786|3684, 273791|3694, 273791|4008, com.whatsapp, 
273797|1, 273797|2223, 273800|2290, 273800|2548, 273802|2642, 273802|4021, com.sometimeswefly.littlealchemy, 
273804|1, 273804|4005, com.google.android.gm, 
273804|1, 273804|1049, 273806|1164, 273808|1210, 273808|1226, 273811|1267, 273815|1311, 273815|1346, 273818|1394, 273818|1431, 273821|1505, 273824|1534, 273825|1555, 273825|1637, 273828|1658, 273828|1944, 273833|1971, 273833|2249, 273837|2409, 273841|2577, 273863|2688, 273863|2872, 273868|2920, 273871|2955, 273871|2970, 273873|3011, 273873|3073, 273881|3128, 273885|3173, 273891|3202, 273901|3284, 273901|3941, 273903|3982, 273906|4022, com.android.vending, 
273955|1, 273955|107, 273956|120, 273956|1871, 273957|1898, 273957|1937, 273958|1949, 273958|1961, 273959|1977, 273959|1997, 273962|2009, 273962|2123, 273963|2134, 273963|2200, 273964|2239, 273967|2309, 273972|2330, 273977|2389, 273989|2492, 273996|2527, 274006|2558, 274006|2803, 274008|2818, 274008|2989, 274009|3004, 274009|3048, 274011|3059, 274011|3085, 274022|3096, 274022|3126, 274027|3138, 274027|3185, 274028|3205, 274028|4003, com.google.android.keep, 
274039|1, 274039|1567, 274041|1728, 274048|1808, 274051|1843, 274052|1861, 274058|1881, 274062|1900, 274065|1917, 274065|1960, 274067|1972, 274067|2020, 274072|2031, 274073|2042, 274074|2066, 274074|2916, 274077|2946, 274078|4043, com.google.android.music, 
274107|1, 274107|640, 274108|816, 274113|904, 274115|949, 274122|1015, 274125|1084, 274125|1205, 274126|1218, 274126|1806, 274129|1833, 274129|1954, 274143|2117, 274144|2170, 274144|2220, 274146|2282, 274146|2481, 274152|2492, 274152|2505, 274153|2516, 274153|2690, 274154|2702, 274154|2914, 274155|2932, 274155|2984, 274156|3021, 274158|3090, 274160|3127, 274160|3138, 274165|3157, 274165|3204, 274166|3222, 274166|3239, 274167|3251, 274169|3279, 274169|3291, 274171|3308, 274171|3330, 274172|3350, 274173|3395, 274175|3418, 274175|3443, 274179|3457, 274180|3479, 274181|3491, 274181|3513, 274184|3527, 274184|3572, 274186|3584, 274186|3609, 274188|3622, 274188|3747, 274190|3762, 274190|3908, 274191|3921, 274191|4005, com.mxtech.videoplayer.ad, 
274204|1, 274204|604, 274205|757, 274212|914, 274215|991, 274215|1325, 274216|1453, 274219|1527, 274219|2627, 274220|2689, 274223|2760, 274228|2791, 274228|2825, 274229|2847, 274230|2898, 274231|2920, 274231|3004, 274232|3025, 274232|3046, 274235|3072, 274235|4011, com.scb.breezebanking.hk, 
274237|1, 274237|684, 274238|783, 274240|827, 274244|877, 274247|916, 274249|969, 274254|1019, 274254|1109, 274255|1126, 274255|1729, 274258|1769, 274258|1897, 274272|1945, 274272|2152, 274274|2195, 274274|2383, 274279|2394, 274279|2449, 274280|2460, 274280|2589, 274282|2604, 274282|2832, 274283|2853, 274283|2929, 274284|2986, 274287|3066, 274292|3091, 274292|3199, 274294|3247, 274295|3277, 274297|3303, 274297|3338, 274300|3366, 274301|3389, 274305|3400, 274306|3416, 274306|3441, 274308|3456, 274308|3515, 274309|3530, 274312|3550, 274312|3586, 274313|3598, 274315|3614, 274315|3650, 274317|3662, 274317|3722, 274318|3732, 274318|4010, com.mxtech.videoplayer.ad, 
274329|1, 274329|2203, 274330|2218, 274330|2234, 274332|2320, 274332|2573, 274334|2587, 274334|4004, com.sometimeswefly.littlealchemy, 
274336|1, 274336|1157, 274337|1185, 274338|1213, 274338|1303, 274340|1315, 274340|1504, 274345|1520, 274345|1583, 274346|1600, 274346|1737, 274348|1748, 274348|1896, 274349|1906, 274349|2447, 274351|2511, 274353|2552, 274353|2573, 274358|2618, 274360|2689, 274361|2723, 274361|2923, 274362|2950, 274362|4009, com.Slack, 
274368|1, 274368|1268, 274372|1413, 274372|1514, 274375|1541, 274376|1598, 274382|1745, 274385|1878, 274388|1929, 274388|2040, 274392|2066, 274395|2087, 274395|2111, 274396|2161, 274396|2219, 274407|2381, 274410|2551, 274415|2662, 274415|2860, 274419|2881, 274420|2915, 274420|3024, 274421|3154, 274421|4022, com.ebay.mobile, 
274442|1, 274442|1216, 274445|1369, 274449|1444, 274449|1476, 274451|1525, 274460|1613, 274460|1658, 274467|1811, 274469|1878, 274471|1918, 274473|1965, 274474|2029, 274477|2062, 274481|2111, 274488|2233, 274489|2278, 274490|2335, 274493|2446, 274495|2620, 274497|2722, 274497|2876, 274498|2902, 274498|4002, com.ebay.mobile, 
274510|1, 274510|4003, com.android.vending, 
274510|1, 274510|4009, com.android.vending, 
274510|1, 274510|807, 274515|905, 274520|942, 274520|957, 274522|973, 274525|990, 274525|1005, 274527|1022, 274527|1041, 274537|1075, 274537|1130, 274538|1141, 274538|1183, 274546|1206, 274546|1240, 274547|1265, 274547|1315, 274548|1330, 274548|1535, 274549|1544, 274549|2067, 274550|2111, 274552|2165, 274552|2180, 274557|2205, 274557|2301, 274559|2312, 274559|2325, 274560|2338, 274560|2618, 274561|2631, 274561|4009, com.Slack, 
274569|1, 274569|644, 274570|707, 274574|778, 274577|850, 274582|931, 274585|1012, 274589|1040, 274589|1104, 274590|1117, 274590|1690, 274593|1722, 274593|1766, 274603|1830, 274604|1926, 274604|2078, 274605|2129, 274606|2165, 274607|2192, 274613|2244, 274614|2255, 274614|2277, 274616|2289, 274616|2314, 274618|2326, 274618|2353, 274619|2368, 274619|2447, 274625|2468, 274625|2492, 274626|2503, 274626|2624, 274628|2639, 274628|2804, 274629|2833, 274631|2883, 274633|2916, 274633|2940, 274638|2969, 274638|2983, 274639|2993, 274639|3007, 274640|3027, 274640|3052, 274642|3068, 274642|3093, 274646|3112, 274646|3123, 274648|3135, 274648|3162, 274649|3179, 274649|3210, 274651|3222, 274652|3240, 274652|3255, 274653|3268, 274655|3282, 274655|3352, 274656|3365, 274656|4005, com.mxtech.videoplayer.ad, 
274668|1, 274668|4016, com.ted.android.conference, 
274668|1, 274668|1735, 274670|1803, 274673|1865, 274676|1938, 274682|2122, 274683|2152, 274683|2200, 274684|2268, 274684|2767, 274687|2797, 274687|3315, 274691|3394, 274694|3507, 274697|3570, 274707|3686, 274712|3733, 274712|4070, com.google.android.apps.docs, 
274716|1, 274716|4005, com.ted.android.conference, 
274718|1, 274718|667, 274725|766, 274729|880, 274729|944, 274731|979, 274732|1019, 274732|1222, 274734|1264, 274738|1291, 274738|1447, 274739|1488, 274739|1564, 274740|1594, 274740|1871, 274742|1884, 274742|2516, 274743|2537, 274743|2552, 274745|2588, 274745|2663, 274746|2710, 274747|2753, 274748|2778, 274750|2829, 274751|2875, 274751|2942, 274754|2988, 274764|3018, 274781|3042, 274781|3400, 274790|3412, 274790|3530, 274792|3542, 274792|4008, com.sololearn.cplusplus, 
274799|1, 274799|1259, 274800|1285, 274800|1328, 274801|1354, 274801|4003, com.google.android.gm, 
274801|1, 274801|2564, 274802|2604, 274803|2632, 274803|2803, 274804|2839, 274804|3142, 274805|3178, 274806|3206, 274807|3230, 274807|3270, 274809|3300, 274814|3333, 274815|3378, 274820|3408, 274821|3432, 274821|3546, 274822|3562, 274822|3602, 274823|3635, 274823|3816, 274826|3836, 274826|3981, 274827|3996, 274827|4008, com.google.android.apps.photos, 
274832|1, 274832|4009, com.google.android.gm, 
274832|1, 274832|1713, 274834|1753, 274836|1782, 274837|1795, 274838|1818, 274838|1830, 274840|1843, 274840|1855, 274842|1874, 274842|1885, 274845|1899, 274846|1914, 274848|1933, 274857|1954, 274861|1976, 274863|1997, 274863|2039, 274865|2048, 274872|2081, 274873|2123, 274873|3051, 274875|3063, 274876|3091, 274876|3845, 274878|3950, 274880|4006, com.google.android.music, 
274904|1, 274904|2489, 274905|2598, 274907|2648, 274907|2977, 274908|2999, 274908|3039, 274910|3053, 274910|3083, 274915|3095, 274916|3108, 274916|3119, 274920|3133, 274923|3145, 274924|3157, 274924|3204, 274925|3217, 274925|3425, 274928|3438, 274928|3635, 274929|3644, 274929|4005, com.google.android.apps.photos, 
274934|1, 274934|773, 274936|885, 274945|947, 274947|987, 274947|1002, 274948|1019, 274948|1057, 274950|1071, 274950|1147, 274951|1171, 274951|1186, 274956|1205, 274957|1215, 274957|1363, 274958|1374, 274958|1588, 274959|1603, 274959|2028, 274960|2137, 274960|4008, com.Slack, 
274965|1, 274965|1260, 274966|1322, 274968|1440, 274969|1518, 274974|1596, 274974|1702, 274986|1911, 274991|2063, 274991|2125, 274995|2189, 274997|2243, 274997|2344, 275003|2379, 275009|2480, 275012|2591, 275014|2665, 275018|2790, 275018|2991, 275021|3024, 275021|3192, 275022|3271, 275022|4016, com.ebay.mobile, 
275050|1, 275050|4008, com.google.android.gm, 
275050|1, 275050|3355, 275054|3478, 275064|3799, 275075|3867, 275075|3885, 275077|3907, 275077|3953, 275079|3983, 275080|4008, air.com.hypah.io.slither, 
275134|1, 275134|4004, com.google.android.gm, 
275134|1, 275134|4007, com.google.android.gm, 
275134|1, 275134|1183, 275139|1337, 275142|1424, 275145|1473, 275145|1593, 275146|1607, 275146|4024, org.catrobat.catroid, 
275148|1, 275148|828, 275150|913, 275151|967, 275154|1077, 275159|1137, 275161|1167, 275166|1231, 275166|1329, 275167|1343, 275167|1987, 275170|2004, 275170|2225, 275171|2246, 275180|2321, 275185|2432, 275185|2536, 275187|2557, 275187|2728, 275192|2766, 275192|2813, 275193|2835, 275193|2950, 275194|2962, 275195|2979, 275195|3182, 275196|3224, 275196|3259, 275198|3338, 275200|3374, 275200|3389, 275204|3406, 275204|3438, 275205|3456, 275205|3468, 275208|3499, 275209|3526, 275210|3550, 275210|3572, 275211|3601, 275211|3625, 275213|3635, 275214|3648, 275218|3666, 275220|3677, 275220|3699, 275222|3724, 275222|3735, 275224|3747, 275224|3792, 275225|3809, 275227|3822, 275227|3843, 275228|3855, 275228|3895, 275229|3917, 275231|3933, 275231|3955, 275232|3971, 275234|4003, com.mxtech.videoplayer.ad, 
275246|1, 275246|2980, 275249|2994, 275249|3212, 275251|3239, 275252|3312, 275252|4002, at.DiTronic.androidgroup.randomgallery, 
275283|1, 275283|1809, 275285|1858, 275285|1875, 275289|1895, 275289|1919, 275290|1932, 275295|1960, 275295|1971, 275297|1982, 275305|2001, 275307|2014, 275309|2026, 275311|2039, 275311|2070, 275312|2082, 275313|2093, 275320|2113, 275320|3016, 275323|3036, 275324|4033, com.google.android.music, 
275350|1, 275350|1971, 275351|1989, 275351|2009, 275352|2024, 275354|2043, 275354|2062, 275355|2079, 275357|2102, 275360|2118, 275360|2158, 275361|2177, 275361|2340, 275363|2372, 275363|4001, com.google.android.keep, 
275365|1, 275365|1201, 275367|1375, 275368|1416, 275371|1522, 275378|1618, 275378|1641, 275379|1715, 275379|1983, 275383|2070, 275383|3408, 275386|3418, 275386|3468, 275387|3480, 275388|3492, 275388|3513, 275391|3527, 275396|3541, 275396|3553, 275397|3563, 275398|3576, 275398|3598, 275399|3609, 275400|3621, 275400|3633, 275402|3645, 275402|4016, com.google.android.apps.docs, 
275410|1, 275410|1819, 275412|1905, 275412|1951, 275413|1962, 275416|1973, 275416|2003, 275422|2014, 275422|2049, 275426|2060, 275432|2074, 275435|2088, 275438|2099, 275438|2144, 275440|2155, 275440|2168, 275444|2179, 275446|2190, 275446|2986, 275448|2997, 275449|3013, 275449|4009, com.google.android.music, 
275478|1, 275478|755, 275482|831, 275487|928, 275489|959, 275490|974, 275490|1016, 275492|1063, 275493|1147, 275499|1232, 275499|1400, 275500|1463, 275500|1609, 275501|1638, 275501|1837, 275503|1863, 275503|2150, 275505|2171, 275505|2441, 275506|2463, 275507|2488, 275508|2510, 275508|2647, 275511|2670, 275511|3209, 275512|3222, 275512|4001, com.sololearn.cplusplus, 
275518|1, 275518|2542, 275520|2581, 275521|2617, 275521|2668, 275523|2680, 275523|2714, 275528|2727, 275529|2743, 275529|2756, 275535|2771, 275535|2909, 275536|2920, 275537|2931, 275537|3141, 275540|3193, 275540|3541, 275541|3556, 275541|4007, com.google.android.apps.photos, 
275546|1, 275546|1713, 275547|1745, 275547|1792, 275548|1803, 275548|1834, 275549|1846, 275549|1992, 275552|2004, 275552|2117, 275555|2157, 275555|2326, 275557|2338, 275557|2537, 275560|2548, 275560|2743, 275562|2756, 275562|2974, 275563|2984, 275563|3144, 275564|3158, 275564|3845, 275565|3860, 275565|3906, 275566|3931, 275566|3952, 275567|3976, 275569|4014, com.bankofamerica.cashpromobile, 
275591|1, 275591|766, 275592|810, 275594|883, 275600|959, 275605|1040, 275605|1106, 275608|1124, 275608|1158, 275609|1178, 275609|1832, 275612|1845, 275612|1955, 275627|2032, 275627|2193, 275628|2227, 275629|2262, 275629|2399, 275634|2412, 275634|2447, 275635|2461, 275635|2598, 275637|2612, 275637|2842, 275638|2855, 275638|2917, 275640|3003, 275641|3059, 275647|3107, 275647|3226, 275648|3244, 275651|3286, 275651|3312, 275653|3332, 275654|3351, 275657|3394, 275657|3419, 275662|3431, 275662|3454, 275663|3477, 275663|3488, 275665|3499, 275665|3512, 275666|3524, 275666|3547, 275668|3562, 275668|3590, 275670|3604, 275670|3649, 275672|3673, 275672|3721, 275673|3742, 275673|4009, com.mxtech.videoplayer.ad, 
275686|1, 275686|622, 275688|735, 275688|753, 275689|774, 275693|830, 275698|957, 275698|973, 275701|988, 275701|1056, 275702|1100, 275702|1618, 275705|1666, 275705|1716, 275706|1833, 275706|1868, 275718|1933, 275718|2077, 275719|2117, 275719|2321, 275721|2338, 275721|2520, 275728|2531, 275728|2564, 275729|2575, 275729|2697, 275730|2745, 275735|2805, 275739|2844, 275739|2887, 275740|2906, 275740|2926, 275742|2936, 275744|2977, 275744|3004, 275748|3027, 275749|3062, 275750|3078, 275750|3094, 275752|3113, 275752|3133, 275756|3145, 275757|3158, 275757|3184, 275759|3200, 275759|3212, 275760|3235, 275762|3248, 275762|3289, 275764|3308, 275764|3351, 275766|3370, 275766|3441, 275767|3455, 275767|4002, com.mxtech.videoplayer.ad, 
275779|1, 275779|1309, 275781|1404, 275781|1449, 275782|1467, 275782|1501, 275784|1526, 275784|1543, 275792|1613, 275799|1687, 275811|1737, 275813|1779, 275835|1928, 275843|2018, 275845|2049, 275846|2070, 275846|2146, 275847|2179, 275850|2216, 275854|2240, 275856|2269, 275859|2294, 275861|2341, 275863|2399, 275863|2499, 275864|2519, 275866|2536, 275868|2567, 275868|2592, 275870|2604, 275870|2630, 275871|2643, 275872|2658, 275872|2675, 275873|2726, 275874|2739, 275874|2808, 275876|2821, 275876|2849, 275877|2864, 275878|2878, 275879|2905, 275880|2918, 275880|2950, 275881|2966, 275882|2979, 275882|2993, 275884|3006, 275884|3031, 275885|3047, 275885|3061, 275886|3073, 275886|3107, 275888|3124, 275890|3137, 275890|3345, 275895|3379, 275897|3404, 275899|3416, 275901|3434, 275901|3645, 275902|3657, 275902|3734, 275905|3753, 275907|3764, 275907|4001, com.dropbox.android, 
275934|1, 275934|1101, 275939|1345, 275939|1453, 275942|1487, 275943|1521, 275943|1563, 275955|1657, 275956|1742, 275957|1790, 275957|1824, 275960|1858, 275961|1926, 275962|1961, 275962|1988, 275966|2006, 275967|2026, 275968|2061, 275972|2139, 275974|2225, 275981|2299, 275982|2347, 275984|2403, 275989|2442, 275992|2492, 275998|2566, 276002|2618, 276005|2762, 276005|2812, 276006|2840, 276006|2986, 276009|3030, 276010|3107, 276010|3199, 276011|3254, 276011|3726, 276012|3737, 276012|4010, com.ebay.mobile, 
276027|1, 276027|1562, 276028|1585, 276028|1634, 276030|1648, 276030|1663, 276033|1679, 276033|1706, 276034|1718, 276036|1736, 276036|1746, 276037|1757, 276037|2028, 276039|2038, 276039|4002, com.google.android.keep, 
276041|1, 276041|969, 276042|1163, 276042|1222, 276045|1328, 276045|1458, 276052|1494, 276052|1555, 276053|1574, 276058|1687, 276058|1767, 276062|1845, 276071|2020, 276073|2114, 276077|2214, 276077|2256, 276087|2438, 276091|2565, 276093|2679, 276093|2756, 276094|2780, 276094|4024, com.ebay.mobile, 
276106|1, 276106|2637, 276108|2714, 276116|2931, 276116|3111, 276117|3143, 276120|3186, 276120|3843, 276121|3865, 276121|4014, air.com.hypah.io.slither, 
276137|1, 276137|2056, 276139|2084, 276141|2105, 276141|2141, 276145|2152, 276145|2186, 276148|2199, 276151|2210, 276160|2224, 276163|2248, 276165|2260, 276165|2307, 276166|2320, 276167|2331, 276174|2348, 276174|3390, 276177|3408, 276177|4017, com.google.android.music, 
276216|1, 276216|4006, com.android.vending, 
276218|1, 276218|745, 276226|877, 276227|1054, 276228|1195, 276230|1272, 276230|2515, 276233|2593, 276233|3273, 276235|3332, 276237|3379, 276242|3416, 276242|3450, 276243|3473, 276244|3512, 276247|3569, 276247|3662, 276248|3676, 276248|3694, 276251|3721, 276251|4002, com.scb.breezebanking.hk, 
276253|1, 276253|2225, 276254|2270, 276256|2333, 276258|2380, 276258|2581, 276260|2656, 276260|2979, 276261|3042, 276262|3092, 276264|3119, 276264|3138, 276268|3166, 276268|3185, 276269|3213, 276270|3319, 276270|4015, com.sometimeswefly.littlealchemy, 
276276|1, 276276|676, 276277|715, 276279|786, 276281|849, 276289|932, 276290|947, 276290|978, 276295|1003, 276295|1078, 276296|1095, 276296|1618, 276299|1675, 276299|1839, 276312|1925, 276312|2192, 276313|2243, 276314|2264, 276315|2286, 276315|2422, 276317|2435, 276317|2634, 276323|2647, 276323|2681, 276324|2694, 276324|2784, 276326|2812, 276327|2850, 276330|2899, 276331|2914, 276331|2927, 276336|2940, 276336|3005, 276337|3019, 276339|3045, 276339|3066, 276341|3082, 276341|3096, 276342|3117, 276343|3154, 276344|3180, 276346|3215, 276346|3235, 276348|3280, 276354|3300, 276355|3314, 276355|3333, 276357|3346, 276357|3370, 276358|3395, 276360|3423, 276360|3434, 276361|3449, 276363|3474, 276363|3517, 276365|3529, 276365|3578, 276366|3593, 276366|4011, com.mxtech.videoplayer.ad, 
276379|1, 276379|1364, 276380|1481, 276384|1627, 276394|1775, 276395|1801, 276396|1877, 276396|2219, 276399|2258, 276399|2725, 276400|2772, 276404|2867, 276409|2935, 276415|2969, 276415|2994, 276419|3173, 276419|4005, com.google.android.apps.docs, 
276423|1, 276423|588, 276424|618, 276424|647, 276426|676, 276431|743, 276431|864, 276434|905, 276436|946, 276436|974, 276439|1129, 276444|1168, 276444|1289, 276445|1421, 276446|1523, 276446|1796, 276447|1807, 276448|1820, 276448|2118, 276450|2139, 276450|2419, 276452|2438, 276453|2451, 276453|2612, 276456|2639, 276456|3170, 276457|3184, 276457|4012, com.sololearn.cplusplus, 
276463|1, 276463|1801, 276464|1847, 276464|1934, 276465|1947, 276465|2041, 276466|2054, 276466|2113, 276468|2125, 276468|2539, 276471|2551, 276471|2787, 276472|2801, 276472|2845, 276474|2858, 276474|3144, 276480|3159, 276480|3470, 276481|3566, 276482|3597, 276482|3776, 276484|3796, 276484|4001, com.bankofamerica.cashpromobile, 
276512|1, 276512|1064, 276513|1132, 276517|1224, 276523|1363, 276523|1450, 276524|1526, 276524|4005, org.catrobat.catroid, 
276526|1, 276526|1204, 276527|1249, 276529|1350, 276529|4007, com.whatsapp, 
276529|1, 276529|743, 276532|842, 276532|1044, 276533|1096, 276534|1111, 276535|1160, 276535|1275, 276540|1287, 276541|1309, 276541|1475, 276542|1486, 276542|1691, 276543|1721, 276545|1744, 276545|1888, 276547|1901, 276547|2087, 276552|2098, 276552|2173, 276553|2192, 276553|2341, 276556|2396, 276559|2466, 276561|2508, 276567|2592, 276568|2638, 276568|2911, 276569|2941, 276569|4003, com.Slack, 
276586|1, 276586|590, 276587|657, 276587|4008, com.whatsapp, 
276587|1, 276587|630, 276593|745, 276598|833, 276600|900, 276601|922, 276604|942, 276604|1052, 276605|1067, 276605|1542, 276608|1599, 276608|1803, 276621|1933, 276621|2082, 276622|2139, 276622|2332, 276623|2343, 276624|2356, 276624|2530, 276630|2545, 276630|2597, 276631|2607, 276631|2738, 276633|2771, 276633|2823, 276634|2896, 276637|2923, 276642|2958, 276642|3008, 276644|3034, 276644|3063, 276646|3076, 276646|3111, 276648|3152, 276648|3177, 276651|3192, 276651|3210, 276656|3226, 276657|3245, 276658|3259, 276658|3273, 276660|3284, 276660|3332, 276662|3344, 276662|3389, 276663|3401, 276664|3414, 276664|3425, 276666|3442, 276666|3469, 276669|3486, 276669|3557, 276670|3567, 276670|4005, com.mxtech.videoplayer.ad, 
276683|1, 276683|4011, com.ted.android.conference, 
276683|1, 276683|4005, com.google.android.gm, 
276683|1, 276683|1345, 276697|1808, 276697|2157, 276706|2376, 276725|2508, 276733|2587, 276735|2611, 276739|2639, 276748|2673, 276752|2745, 276753|2795, 276753|4001, com.android.chrome, 
276765|1, 276765|612, 276770|689, 276772|717, 276772|734, 276775|787, 276775|850, 276779|986, 276788|1205, 276788|1317, 276789|1385, 276789|1572, 276790|1592, 276790|1833, 276792|1848, 276792|2163, 276794|2176, 276794|2441, 276796|2468, 276797|2495, 276797|2655, 276800|2750, 276800|3273, 276801|3317, 276801|4007, com.sololearn.cplusplus, 
276807|1, 276807|675, 276809|704, 276811|722, 276814|754, 276814|874, 276819|980, 276827|1143, 276827|1308, 276828|1361, 276828|1471, 276829|1514, 276829|1749, 276830|1764, 276831|1777, 276831|2089, 276833|2111, 276833|2378, 276835|2398, 276836|2417, 276836|2568, 276837|2584, 276839|2608, 276839|3124, 276840|3134, 276840|4001, com.sololearn.cplusplus, 
276847|1, 276847|808, 276848|918, 276849|1024, 276849|4004, com.whatsapp, 
276849|1, 276849|4004, com.google.android.gm, 
276849|1, 276849|1690, 276850|1727, 276850|1749, 276851|1776, 276851|1927, 276852|1937, 276853|1949, 276853|2139, 276855|2165, 276855|2337, 276857|2348, 276857|2549, 276860|2562, 276860|2750, 276862|2761, 276862|2964, 276863|2988, 276863|3166, 276864|3178, 276864|3858, 276865|3888, 276865|3919, 276866|3943, 276868|3971, 276868|4015, com.bankofamerica.cashpromobile, 
276889|1, 276889|1975, 276890|1993, 276890|2035, 276892|2048, 276892|2068, 276895|2079, 276898|2103, 276898|2162, 276899|2176, 276899|2366, 276901|2377, 276901|4006, com.google.android.keep, 
276915|1, 276915|2012, 276916|2054, 276917|2098, 276919|2155, 276919|2456, 276921|2476, 276921|4042, com.sometimeswefly.littlealchemy, 
276923|1, 276923|1677, 276924|1690, 276924|1737, 276926|1748, 276926|1768, 276929|1783, 276930|1794, 276932|1813, 276932|1854, 276933|1865, 276933|1875, 276934|1886, 276934|2138, 276936|2148, 276936|4002, com.google.android.keep, 
276938|1, 276938|1437, 276939|1502, 276941|1581, 276944|1593, 276947|1605, 276947|1617, 276950|1674, 276951|1693, 276951|2330, 276954|2353, 276954|3529, 276957|3563, 276957|3600, 276959|3611, 276959|3632, 276962|3643, 276962|3653, 276967|3666, 276967|3694, 276969|3705, 276969|3737, 276971|3747, 276971|3779, 276973|3794, 276973|4003, com.google.android.apps.docs, 
276977|1, 276977|4010, at.DiTronic.androidgroup.randomgallery, 
277014|1, 277014|4002, com.android.vending, 
277014|1, 277014|3086, 277015|3122, 277016|3176, 277016|3390, 277017|3415, 277019|3488, 277021|3557, 277026|3604, 277027|3627, 277033|3658, 277033|3804, 277034|3826, 277037|4014, com.google.android.apps.photos, 
277043|1, 277043|1439, 277051|1598, 277051|2138, 277055|2264, 277068|2336, 277074|2394, 277076|2458, 277089|2480, 277097|2548, 277105|2618, 277105|4002, com.android.chrome, 
277117|1, 277117|1341, 277118|1407, 277123|1582, 277124|1653, 277130|1686, 277131|1750, 277131|1783, 277132|1812, 277132|2068, 277135|2093, 277135|3367, 277136|3394, 277136|3427, 277140|3472, 277143|3506, 277148|3535, 277148|3545, 277150|3560, 277150|3585, 277152|3600, 277152|3695, 277154|3707, 277154|4005, com.google.android.apps.docs, 
277158|1, 277158|1754, 277159|1795, 277159|1823, 277160|1834, 277161|1847, 277161|1860, 277164|1884, 277167|1905, 277167|1955, 277168|1979, 277168|2195, 277170|2210, 277170|4008, com.google.android.keep, 
277172|1, 277172|1738, 277173|1773, 277173|1806, 277174|1830, 277174|1973, 277177|2044, 277177|2210, 277180|2224, 277180|2404, 277182|2420, 277182|2602, 277185|2622, 277185|2816, 277186|2827, 277187|2839, 277187|3061, 277188|3075, 277188|3230, 277189|3250, 277189|3858, 277190|3874, 277190|3911, 277191|3929, 277191|3953, 277193|3985, 277193|4008, com.bankofamerica.cashpromobile, 
277215|1, 277215|1149, 277216|1251, 277218|1397, 277218|1553, 277220|1593, 277220|1736, 277226|1855, 277227|1924, 277227|2033, 277231|2084, 277231|2259, 277236|2359, 277238|2449, 277238|2568, 277243|2610, 277243|2773, 277249|2952, 277249|3049, 277250|3197, 277251|3256, 277252|3302, 277252|3340, 277254|3376, 277259|3507, 277259|3740, 277260|3761, 277260|3909, 277262|3919, 277262|4003, com.ebay.mobile, 
277272|1, 277272|4010, com.google.android.gm, 
277272|1, 277272|706, 277273|758, 277273|4006, com.whatsapp, 
277273|1, 277273|993, 277275|1055, 277275|1083, 277278|1108, 277278|1120, 277285|1136, 277285|1156, 277287|1168, 277287|1223, 277290|1240, 277290|1340, 277298|1364, 277298|1375, 277299|1386, 277299|1522, 277300|1533, 277300|1750, 277301|1759, 277301|2229, 277303|2302, 277305|2340, 277305|2357, 277310|2384, 277310|2509, 277312|2539, 277313|2558, 277313|3049, 277314|3076, 277314|4002, com.Slack, 
277321|1, 277321|2698, 277323|2903, 277323|2953, 277329|3035, 277331|3156, 277331|3218, 277332|3247, 277332|4002, air.com.hypah.io.slither, 
277351|1, 277351|35, 277353|69, 277353|272, 277354|285, 277354|322, 277356|344, 277359|407, 277363|463, 277363|478, 277364|562, 277364|653, 277372|685, 277373|711, 277373|1198, 277374|1235, 277375|1309, 277375|1370, 277377|1429, 277377|1445, 277378|1465, 277382|1509, 277382|1559, 277383|1592, 277383|1607, 277384|1618, 277384|1659, 277386|1718, 277398|1776, 277399|1802, 277400|1821, 277404|1859, 277404|1896, 277405|1932, 277405|1955, 277413|2012, 277423|2114, 277434|2166, 277435|2200, 277449|2317, 277452|2382, 277456|2423, 277457|2440, 277457|2538, 277459|2569, 277461|2647, 277466|2718, 277469|2743, 277470|2764, 277470|2934, 277472|2945, 277472|2997, 277473|3015, 277474|3035, 277476|3054, 277476|3069, 277478|3092, 277480|3104, 277480|3120, 277484|3132, 277484|3171, 277485|3186, 277486|3199, 277486|3435, 277487|3448, 277491|3469, 277491|3481, 277492|3503, 277493|3518, 277493|3810, 277494|3822, 277494|3863, 277495|3884, 277497|3896, 277497|4003, com.dropbox.android, 
277517|1, 277517|2327, 277520|2433, 277520|2475, 277526|2635, 277529|2686, 277529|2889, 277530|2905, 277532|2933, 277533|2991, 277533|4004, com.sometimeswefly.littlealchemy, 
277535|1, 277535|1309, 277536|1419, 277538|1482, 277541|1582, 277548|1630, 277549|1661, 277549|1694, 277550|1733, 277550|1913, 277553|1955, 277553|2882, 277556|3094, 277560|3183, 277566|3242, 277568|3312, 277568|3396, 277570|3407, 277570|3677, 277572|3689, 277572|4002, com.google.android.apps.docs, 
277577|1, 277577|720, 277578|805, 277578|890, 277580|1026, 277586|1185, 277586|1470, 277588|1495, 277589|1541, 277589|1930, 277591|1978, 277592|2039, 277592|2966, 277593|2990, 277594|3025, 277596|3077, 277601|3108, 277602|3147, 277606|3247, 277606|3288, 277607|3370, 277610|3442, 277610|4031, com.scb.breezebanking.hk, 
277612|1, 277612|1817, 277613|1858, 277614|1878, 277614|2057, 277617|2068, 277617|2222, 277620|2238, 277620|2433, 277622|2444, 277622|2604, 277623|2644, 277627|2668, 277627|2858, 277628|2876, 277628|3054, 277629|3087, 277629|3518, 277634|3725, 277634|3870, 277637|3914, 277638|4029, com.bankofamerica.cashpromobile, 
277661|1, 277661|2000, 277666|2089, 277666|2120, 277670|2143, 277681|2194, 277681|2213, 277688|2237, 277688|2247, 277691|2258, 277691|2280, 277692|2292, 277692|2304, 277697|2315, 277701|2328, 277701|3341, 277703|3352, 277704|3374, 277704|4005, com.google.android.music, 
277735|1, 277735|1306, 277736|1355, 277737|1399, 277743|1556, 277750|1611, 277750|1638, 277751|1667, 277751|1940, 277754|1977, 277754|2803, 277755|2878, 277758|2930, 277758|2954, 277760|2972, 277760|2984, 277763|3001, 277764|3018, 277768|3036, 277770|3050, 277770|3071, 277771|3089, 277772|3106, 277772|3163, 277774|3181, 277774|4020, com.google.android.apps.docs, 
277778|1, 277778|2871, 277781|2881, 277781|3118, 277791|3131, 277791|3593, 277793|3643, 277794|3668, 277796|3706, 277799|3731, 277799|3745, 277802|3758, 277804|3777, 277806|3788, 277806|3800, 277810|3812, 277814|3823, 277814|3841, 277818|3856, 277820|3875, 277820|4001, at.DiTronic.androidgroup.randomgallery, 
277829|1, 277829|1049, 277831|1092, 277831|1119, 277833|1192, 277834|1239, 277840|1276, 277851|1361, 277857|1422, 277860|1438, 277862|1471, 277864|1507, 277872|1576, 277872|1604, 277876|1622, 277877|1636, 277888|1703, 277894|1727, 277896|1801, 277897|1813, 277899|1835, 277899|1849, 277901|1873, 277902|1898, 277902|1910, 277904|1936, 277905|1948, 277905|1963, 277907|1981, 277907|2009, 277908|2042, 277908|2093, 277909|2125, 277909|2160, 277910|2190, 277911|2216, 277916|2233, 277917|2255, 277917|2301, 277918|2338, 277918|2407, 277921|2448, 277921|2543, 277923|2555, 277923|2594, 277924|2608, 277924|2636, 277929|2652, 277930|2664, 277930|2708, 277932|2722, 277932|2890, 277935|2903, 277935|2916, 277936|2927, 277937|2948, 277937|2959, 277939|2981, 277939|3014, 277940|3029, 277940|3084, 277942|3113, 277942|3152, 277943|3170, 277943|3406, 277944|3419, 277945|3442, 277945|3480, 277947|3501, 277947|3817, 277948|3829, 277949|3842, 277949|3859, 277951|3872, 277951|4005, com.dropbox.android, 
277979|1, 277979|2927, 277982|3086, 277990|3294, 277992|3325, 278004|3418, 278006|3496, 278006|3517, 278007|3547, 278008|3559, 278009|3574, 278010|3590, 278010|3666, 278012|3688, 278012|3721, 278013|3734, 278014|3756, 278014|4023, air.com.hypah.io.slither, 
278053|1, 278053|745, 278054|808, 278061|939, 278061|1109, 278064|1264, 278064|1567, 278067|1634, 278067|2763, 278068|2777, 278068|2810, 278075|2876, 278077|2968, 278081|3053, 278081|3105, 278082|3119, 278082|3145, 278085|3165, 278085|4010, com.scb.breezebanking.hk, 
278087|1, 278087|1863, 278091|1911, 278091|1947, 278094|1957, 278095|1969, 278095|1995, 278098|2007, 278101|2019, 278101|2031, 278109|2044, 278111|2055, 278113|2071, 278116|2083, 278116|2129, 278118|2140, 278118|2168, 278123|2179, 278127|2194, 278127|3027, 278130|3040, 278131|4017, com.google.android.music, 
278158|1, 278158|2814, 278161|2827, 278161|3064, 278171|3078, 278171|3562, 278172|3610, 278173|3648, 278175|3672, 278177|3689, 278180|3716, 278188|3737, 278188|3751, 278192|3763, 278192|3786, 278196|3801, 278196|3821, 278197|3843, 278197|4001, at.DiTronic.androidgroup.randomgallery, 
278207|1, 278207|923, 278209|962, 278209|976, 278211|1050, 278211|1159, 278212|1188, 278215|1230, 278215|1662, 278218|1868, 278218|1976, 278221|2000, 278221|4011, com.android.vending, 
278223|1, 278223|1953, 278224|1981, 278225|2027, 278227|2058, 278227|2327, 278229|2380, 278229|4005, com.sometimeswefly.littlealchemy, 
278231|1, 278231|2888, 278237|3071, 278239|3153, 278239|3239, 278242|3330, 278245|3347, 278245|4008, air.com.hypah.io.slither, 
278263|1, 278263|1687, 278264|1741, 278265|1772, 278267|1806, 278269|1856, 278270|1892, 278270|1927, 278272|1959, 278274|1986, 278274|2052, 278279|2072, 278285|2172, 278285|2205, 278287|2223, 278292|2318, 278295|2346, 278297|2399, 278297|2420, 278299|2461, 278305|2524, 278306|2566, 278306|2619, 278311|2709, 278317|2764, 278317|2808, 278319|2929, 278321|2996, 278321|3029, 278323|3064, 278326|3246, 278326|3391, 278328|3608, 278330|3720, 278330|3857, 278331|3871, 278332|3884, 278332|4001, com.ebay.mobile, 
278357|1, 278357|975, 278362|1108, 278368|1276, 278368|1364, 278369|1390, 278369|4005, org.catrobat.catroid, 
278373|1, 278373|1167, 278374|1243, 278375|1277, 278375|1316, 278378|1382, 278393|1431, 278400|1461, 278414|1543, 278416|1571, 278417|1597, 278422|1623, 278423|1637, 278423|1649, 278425|1666, 278427|1695, 278431|1711, 278435|1727, 278435|2070, 278439|2121, 278447|2161, 278447|2309, 278448|2328, 278450|2346, 278451|2364, 278456|2412, 278457|2430, 278457|2445, 278460|2462, 278461|2485, 278462|2513, 278462|2553, 278463|2566, 278463|2593, 278465|2603, 278465|2670, 278466|2683, 278466|2713, 278470|2746, 278471|2783, 278471|2830, 278473|2843, 278474|2858, 278474|2915, 278476|2938, 278478|2961, 278480|2988, 278480|2999, 278481|3018, 278481|3158, 278485|3169, 278485|3185, 278486|3196, 278486|3233, 278488|3249, 278488|3273, 278490|3288, 278490|3305, 278491|3316, 278491|3354, 278493|3371, 278493|3417, 278494|3428, 278494|3442, 278495|3454, 278495|3684, 278496|3697, 278498|3717, 278498|3733, 278500|3754, 278500|4009, com.dropbox.android, 
278530|1, 278530|781, 278540|1102, 278541|1179, 278541|4002, org.catrobat.catroid, 
278543|1, 278543|1282, 278544|1320, 278546|1435, 278546|1523, 278550|1591, 278550|1627, 278563|1684, 278563|1729, 278564|1808, 278565|1835, 278570|1910, 278572|1971, 278572|2046, 278580|2105, 278581|2145, 278581|2193, 278583|2257, 278587|2314, 278591|2369, 278593|2442, 278608|2998, 278608|3132, 278609|3271, 278609|4006, com.ebay.mobile, 
278620|1, 278620|3040, 278623|3051, 278623|3280, 278633|3304, 278633|3702, 278636|3748, 278636|3768, 278638|3807, 278639|3833, 278639|3846, 278641|3857, 278644|3870, 278644|3882, 278648|3902, 278652|3914, 278654|3926, 278654|3937, 278656|3951, 278656|3963, 278659|3975, 278660|3992, 278660|4005, at.DiTronic.androidgroup.randomgallery, 
278666|1, 278666|1143, 278676|1593, 278676|1866, 278679|2168, 278691|2281, 278697|2353, 278701|2396, 278712|2447, 278716|2500, 278718|2571, 278719|2627, 278719|4006, com.android.chrome, 
278731|1, 278731|2839, 278739|3060, 278739|3177, 278740|3242, 278740|3273, 278743|3296, 278743|4007, air.com.hypah.io.slither, 
278764|1, 278764|204, 278765|241, 278765|251, 278767|280, 278767|323, 278770|336, 278770|392, 278775|442, 278775|573, 278784|737, 278784|1065, 278787|1160, 278791|1206, 278791|1271, 278794|1373, 278794|1503, 278795|1557, 278795|4011, org.catrobat.catroid, 
278797|1, 278797|1045, 278799|1088, 278800|1158, 278800|1201, 278801|1212, 278809|1276, 278812|1324, 278839|1398, 278840|1413, 278852|1429, 278854|1481, 278858|1572, 278860|1623, 278863|1654, 278870|1712, 278871|1746, 278872|1778, 278877|1840, 278878|1866, 278879|1903, 278880|1939, 278881|1972, 278882|2006, 278882|2699, 278883|2711, 278883|3007, 278884|3019, 278884|3089, 278885|3108, 278886|3131, 278886|3156, 278888|3178, 278888|3212, 278890|3229, 278891|3239, 278891|3330, 278892|3345, 278892|3364, 278894|3391, 278894|3414, 278897|3455, 278897|3531, 278898|3544, 278898|3558, 278902|3570, 278902|3581, 278905|3606, 278907|3620, 278907|3730, 278908|3741, 278908|3753, 278909|3774, 278909|3814, 278910|3824, 278910|4007, com.dropbox.android, 
278939|1, 278939|2870, 278940|2905, 278943|2956, 278943|2997, 278944|3031, 278944|3047, 278945|3060, 278946|3071, 278946|3091, 278948|3104, 278953|3117, 278957|3132, 278958|3144, 278960|3157, 278960|3221, 278961|3230, 278961|3455, 278963|3469, 278964|3482, 278964|3935, 278965|3952, 278965|4006, com.google.android.apps.photos, 
278970|1, 278970|719, 278971|783, 278972|859, 278978|1047, 278978|1132, 278981|1245, 278981|1556, 278984|1693, 278984|2898, 278986|2940, 278992|3067, 278994|3149, 278997|3190, 278997|3294, 278998|3318, 278998|3341, 279001|3360, 279001|4044, com.scb.breezebanking.hk, 
279003|1, 279003|1527, 279013|1694, 279013|2058, 279026|2319, 279028|2334, 279035|2378, 279047|2465, 279049|2498, 279062|2609, 279063|2665, 279063|4012, com.android.chrome, 
279073|1, 279073|1065, 279075|1102, 279076|1146, 279076|1322, 279078|1333, 279078|1513, 279083|1549, 279083|1600, 279084|1613, 279084|1836, 279086|1845, 279086|2075, 279087|2115, 279087|2301, 279089|2403, 279091|2434, 279097|2483, 279099|2530, 279100|2556, 279100|2843, 279101|2865, 279101|4007, com.Slack, 
279120|1, 279120|938, 279122|1057, 279123|1141, 279123|4009, com.whatsapp, 
279123|1, 279123|4010, com.android.vending, 
279123|1, 279123|2769, 279124|2797, 279124|2826, 279125|2836, 279128|2852, 279128|2883, 279134|2894, 279134|2917, 279138|2927, 279140|2938, 279141|2949, 279141|3000, 279142|3011, 279142|3262, 279145|3276, 279145|3844, 279146|3861, 279146|4009, com.google.android.apps.photos, 
279151|1, 279151|702, 279152|729, 279154|784, 279154|801, 279156|819, 279156|842, 279158|858, 279162|879, 279164|907, 279166|926, 279166|942, 279167|958, 279167|1031, 279173|1046, 279173|1058, 279174|1073, 279174|1145, 279175|1157, 279175|1361, 279177|1376, 279177|1595, 279178|1611, 279178|1935, 279179|1968, 279180|2010, 279180|2042, 279182|2054, 279182|2072, 279187|2093, 279187|2173, 279189|2191, 279190|2218, 279190|2774, 279191|2798, 279191|4007, com.Slack, 
279197|1, 279197|951, 279200|1057, 279205|1136, 279208|1158, 279209|1178, 279209|1269, 279210|1279, 279211|1290, 279211|1422, 279217|1433, 279217|1454, 279218|1467, 279218|1480, 279219|1489, 279219|1629, 279221|1645, 279221|1875, 279222|1891, 279222|2236, 279223|2271, 279223|2304, 279225|2324, 279225|2349, 279230|2397, 279233|2539, 279233|2643, 279234|2685, 279234|4004, com.Slack, 
279240|1, 279240|2440, 279250|2757, 279250|3055, 279251|3090, 279252|3143, 279253|3182, 279253|3227, 279255|3251, 279258|3262, 279258|3403, 279259|3422, 279264|3483, 279264|3566, 279265|3597, 279265|4001, air.com.hypah.io.slither, 
279269|1, 279269|230, 279270|337, 279270|401, 279271|425, 279271|532, 279273|545, 279273|574, 279277|598, 279281|630, 279281|704, 279283|722, 279283|744, 279284|764, 279284|847, 279286|906, 279286|978, 279287|1056, 279288|1094, 279288|1192, 279289|1208, 279295|1244, 279295|1358, 279296|1441, 279298|1554, 279316|1654, 279328|1725, 279336|1787, 279338|1831, 279342|1862, 279344|1888, 279350|1934, 279367|2055, 279370|2066, 279370|2077, 279373|2094, 279378|2127, 279381|2166, 279384|2243, 279384|2331, 279385|2352, 279385|2369, 279389|2395, 279391|2436, 279392|2473, 279395|2524, 279395|2561, 279396|2585, 279397|2627, 279399|2643, 279399|2674, 279400|2686, 279400|2710, 279401|2725, 279402|2754, 279403|2766, 279403|2809, 279405|2819, 279405|2866, 279407|2879, 279407|2892, 279409|2930, 279413|2961, 279415|2976, 279415|3252, 279420|3269, 279420|3280, 279422|3293, 279422|3317, 279426|3336, 279426|3551, 279427|3565, 279427|3653, 279431|3671, 279432|3684, 279433|3695, 279433|4001, com.dropbox.android, 
279468|1, 279468|2815, 279476|2980, 279476|3110, 279480|3158, 279480|4017, air.com.hypah.io.slither, 
279497|1, 279497|1013, 279498|1071, 279498|1107, 279507|1214, 279507|1258, 279510|1307, 279510|1328, 279512|1338, 279512|1441, 279513|1451, 279518|1465, 279518|1522, 279519|1534, 279519|1663, 279521|1674, 279521|1904, 279522|1914, 279522|2272, 279523|2318, 279531|2391, 279531|2532, 279533|2557, 279534|2578, 279534|3302, 279535|3337, 279535|4003, com.Slack, 
279541|1, 279541|992, 279542|1007, 279546|1081, 279555|1153, 279561|1182, 279561|1206, 279572|1332, 279576|1364, 279582|1421, 279603|1541, 279609|1600, 279612|1747, 279613|1805, 279617|1894, 279619|1934, 279619|1969, 279620|1987, 279624|2032, 279626|2071, 279626|2158, 279628|2169, 279628|2187, 279630|2224, 279630|2278, 279632|2298, 279633|2319, 279634|2334, 279634|2389, 279635|2404, 279635|2428, 279636|2441, 279637|2454, 279638|2467, 279638|2501, 279639|2512, 279640|2525, 279642|2538, 279642|2582, 279644|2594, 279644|2807, 279649|2825, 279653|2861, 279654|2885, 279655|2907, 279655|3155, 279656|3167, 279656|4010, com.dropbox.android, 
279684|1, 279684|2922, 279687|2937, 279687|3082, 279697|3097, 279697|3599, 279698|3671, 279699|3716, 279702|3741, 279702|3753, 279704|3772, 279707|3795, 279707|3807, 279711|3818, 279719|3846, 279719|3863, 279720|3875, 279723|3889, 279724|3915, 279724|4005, at.DiTronic.androidgroup.randomgallery, 
279731|1, 279731|2474, 279732|2535, 279733|2568, 279734|2594, 279734|2967, 279735|2989, 279735|3046, 279737|3072, 279743|3181, 279750|3257, 279750|3334, 279751|3357, 279751|3552, 279752|3573, 279752|3593, 279756|3618, 279756|4002, com.google.android.apps.photos, 
279761|1, 279761|861, 279762|914, 279762|4006, com.whatsapp, 
279762|1, 279762|1062, 279763|1103, 279765|1177, 279770|1253, 279770|1289, 279772|1336, 279773|1394, 279773|1490, 279774|1556, 279774|4003, org.catrobat.catroid, 
279776|1, 279776|2865, 279779|2890, 279779|3018, 279784|3030, 279790|3045, 279790|3507, 279793|3575, 279794|3605, 279796|3621, 279798|3633, 279798|3645, 279801|3667, 279811|3688, 279811|3698, 279813|3710, 279813|3736, 279817|3757, 279817|4013, at.DiTronic.androidgroup.randomgallery, 
279826|1, 279826|4002, com.android.vending, 
279828|1, 279828|660, 279829|739, 279830|792, 279836|958, 279836|1223, 279838|1508, 279839|1580, 279839|1997, 279843|2188, 279843|3184, 279844|3216, 279844|3233, 279853|3317, 279853|3375, 279854|3394, 279855|3440, 279858|3497, 279858|3556, 279859|3575, 279862|3614, 279862|4002, com.scb.breezebanking.hk, 
279864|1, 279864|819, 279867|950, 279869|1050, 279869|1075, 279872|1099, 279873|1114, 279873|1127, 279880|1157, 279881|1171, 279881|1202, 279882|1215, 279885|1231, 279887|1244, 279887|1256, 279888|1266, 279888|1311, 279889|1326, 279889|1381, 279890|1392, 279890|1570, 279891|1584, 279891|2261, 279893|2358, 279893|2377, 279895|2388, 279895|2414, 279900|2424, 279900|2526, 279902|2539, 279902|2557, 279903|2594, 279903|3070, 279904|3094, 279904|4011, com.Slack, 
279910|1, 279910|3130, 279912|3317, 279918|3385, 279919|3427, 279921|3462, 279924|3487, 279935|3544, 279937|3604, 279937|3620, 279939|3669, 279941|3694, 279941|3728, 279942|3752, 279942|3775, 279943|3807, 279945|3846, 279946|3865, 279946|4005, air.com.hypah.io.slither, 
279986|1, 279986|1602, 279987|1657, 279990|1759, 279993|1815, 279993|1862, 280001|1959, 280001|1978, 280002|2010, 280002|2389, 280005|2429, 280005|3683, 280008|3733, 280009|3759, 280010|3770, 280010|3806, 280012|3820, 280012|3845, 280013|3856, 280015|3867, 280020|3880, 280020|3892, 280022|3904, 280022|3941, 280024|3953, 280024|3965, 280026|3986, 280026|4012, com.google.android.apps.docs, 
280030|1, 280030|1319, 280033|1399, 280043|1528, 280044|1636, 280044|1892, 280047|1923, 280047|3119, 280050|3183, 280055|3251, 280060|3276, 280062|3303, 280062|3330, 280064|3342, 280064|3393, 280066|3405, 280066|4005, com.google.android.apps.docs, 
280070|1, 280070|744, 280072|797, 280074|862, 280079|995, 280082|1115, 280082|1521, 280085|1590, 280085|2769, 280087|2834, 280089|2861, 280089|2887, 280094|2903, 280094|2924, 280095|2970, 280096|3000, 280099|3047, 280099|3075, 280100|3099, 280100|3112, 280103|3130, 280103|4019, com.scb.breezebanking.hk, 
280105|1, 280105|1786, 280109|1848, 280111|1862, 280111|1903, 280115|1914, 280115|1949, 280121|1961, 280121|1972, 280122|1983, 280123|1994, 280131|2007, 280131|2198, 280133|2213, 280135|2227, 280135|2285, 280136|2297, 280137|2310, 280138|2321, 280138|2424, 280139|2435, 280141|2456, 280141|3608, 280143|3630, 280144|3663, 280144|4063, com.google.android.music, 
280171|1, 280171|884, 280172|950, 280179|1167, 280182|1205, 280182|1330, 280183|1394, 280183|4003, org.catrobat.catroid, 
280185|1, 280185|717, 280186|763, 280191|888, 280194|941, 280194|1015, 280195|1089, 280195|4007, org.catrobat.catroid, 
280198|1, 280198|4008, com.android.vending, 
280198|1, 280198|842, 280199|884, 280204|970, 280207|1067, 280207|1244, 280208|1328, 280208|4006, org.catrobat.catroid, 
280210|1, 280210|794, 280212|864, 280214|906, 280217|1083, 280217|1165, 280220|1246, 280220|1620, 280221|1632, 280222|1644, 280223|1678, 280223|2321, 280224|2398, 280224|2421, 280225|2438, 280225|2469, 280227|2486, 280231|2504, 280231|2551, 280233|2575, 280233|2600, 280235|2620, 280235|2790, 280236|2825, 280239|3032, 280239|4011, com.scb.breezebanking.hk, 
280241|1, 280241|2751, 280242|2764, 280243|2786, 280243|2897, 280246|2917, 280246|2970, 280247|2981, 280248|3003, 280254|3051, 280259|3071, 280261|3084, 280261|3146, 280262|3156, 280262|3466, 280265|3477, 280265|3588, 280266|3611, 280266|3776, 280267|3792, 280267|4010, com.google.android.apps.photos, 
280272|1, 280272|2238, 280273|2253, 280273|2266, 280274|2291, 280275|2334, 280277|2355, 280277|2554, 280279|2606, 280279|4014, com.sometimeswefly.littlealchemy, 
280281|1, 280281|1926, 280282|1950, 280283|1962, 280283|1977, 280289|2089, 280289|2142, 280291|2222, 280292|2283, 280292|2310, 280293|2322, 280294|2393, 280296|2446, 280296|2645, 280298|2670, 280298|4040, com.sometimeswefly.littlealchemy, 
280300|1, 280300|2082, 280301|2172, 280302|2222, 280302|2509, 280303|2545, 280303|2814, 280304|2838, 280304|2892, 280305|2907, 280306|2942, 280311|2954, 280312|2981, 280317|2992, 280317|3001, 280318|3014, 280318|3071, 280319|3082, 280319|3143, 280320|3155, 280320|3371, 280324|3389, 280324|4005, com.google.android.apps.photos, 
280329|1, 280329|1003, 280330|1049, 280330|4005, com.whatsapp, 
280330|1, 280330|1280, 280331|1349, 280332|1411, 280333|1446, 280337|1519, 280346|1675, 280346|1859, 280349|1904, 280349|2976, 280350|3031, 280352|3094, 280355|3139, 280360|3173, 280360|3185, 280364|3202, 280364|3230, 280366|3246, 280366|3527, 280368|3537, 280368|4011, com.google.android.apps.docs, 
280372|1, 280372|1453, 280382|1595, 280382|2135, 280387|2426, 280405|2560, 280417|2659, 280421|2725, 280424|2810, 280424|2856, 280425|2879, 280425|4010, com.android.chrome, 
280435|1, 280435|1194, 280441|1380, 280441|1828, 280442|1936, 280444|1992, 280456|2056, 280459|2109, 280474|2210, 280490|2338, 280490|2368, 280491|2393, 280491|4012, com.android.chrome, 
280497|1, 280497|664, 280498|675, 280498|4001, com.whatsapp, 
