45829387|1, 45829387|1375, 45829447|1489, 45829447|1602, 45829717|1684, 45829717|1884, 45829877|1973, 45829937|2035, 45829937|2063, 45830295|2086, 45830295|2207, 45831720|2290, 45831720|2390, 45832798|2551, 45832798|2710, 45834514|2898, 45834574|3044, 45834913|3242, 45838331|3381, 45838331|3536, 45838602|3560, 45838602|3724, 45838842|3784, 45839008|4024, com.ebay.mobile, 
45846343|1, 45846343|788, 45846403|867, 45846403|895, 45846843|962, 45847457|1041, 45847497|1062, 45847497|1126, 45847796|1259, 45848036|1504, 45848036|1540, 45848076|1613, 45848076|2052, 45848266|2064, 45848266|2275, 45849087|2289, 45849087|2597, 45849968|2657, 45849968|2871, 45850008|2902, 45850299|2941, 45850299|3091, 45851075|3133, 45851075|3736, 45851115|3750, 45851115|4005, com.sololearn.cplusplus, 
45851355|1, 45851355|279, 45851415|300, 45851415|329, 45851455|355, 45851693|380, 45851813|402, 45851938|421, 45852533|442, 45852533|467, 45852573|484, 45852613|503, 45852613|4005, com.ted.android.conference, 
45855024|1, 45855024|1319, 45855084|1381, 45855084|1399, 45855124|1423, 45855124|1471, 45855397|1487, 45855557|1512, 45855791|1537, 45856245|1598, 45856365|1636, 45857016|1737, 45857376|1779, 45857733|1827, 45857793|1848, 45857853|1866, 45857853|1879, 45857893|1892, 45858321|1910, 45858321|1922, 45858441|1938, 45858601|1978, 45858601|2009, 45858767|2026, 45859471|2056, 45859631|2083, 45865877|2259, 45865877|2382, 45866037|2449, 45866157|2700, 45866157|2763, 45866217|2845, 45867007|2882, 45867007|3132, 45867267|3147, 45867267|3166, 45867307|3179, 45867307|3331, 45867427|3346, 45867593|3356, 45868309|3368, 45868309|3671, 45868349|3681, 45868349|3889, 45868949|3929, 45869805|3944, 45869805|4003, com.dropbox.android, 
45874982|1, 45874982|971, 45875042|1004, 45875042|1087, 45875202|1160, 45875475|1204, 45876183|1294, 45876343|1351, 45877839|1444, 45877839|1490, 45878519|1610, 45878519|2132, 45879807|2196, 45880557|2213, 45881233|2226, 45882234|2262, 45882400|2294, 45882732|2307, 45882898|2332, 45882898|2384, 45885226|2402, 45885226|2412, 45885795|2424, 45885795|2469, 45885835|2492, 45885875|2519, 45885875|2537, 45886745|2559, 45886805|2588, 45886805|2683, 45886845|2695, 45886845|2712, 45888301|2753, 45888301|2769, 45888341|2786, 45888601|2807, 45888721|2828, 45888721|2864, 45889266|2888, 45889266|2997, 45889426|3019, 45890308|3045, 45890308|3077, 45890388|3102, 45891841|3114, 45891841|3172, 45892474|3183, 45892474|3256, 45892514|3269, 45892514|3450, 45892554|3464, 45892554|3478, 45894060|3504, 45894060|3861, 45894100|3878, 45894707|3890, 45895551|3903, 45895551|4008, com.dropbox.android, 
45899353|1, 45899353|2703, 45899413|2721, 45899413|2937, 45900000|2949, 45900000|3141, 45900100|3156, 45900100|3344, 45900392|3356, 45900392|3552, 45900512|3565, 45900512|3746, 45900934|3759, 45900974|4005, com.bankofamerica.cashpromobile, 
45901903|1, 45901903|4002, com.android.chrome, 
45901983|1, 45901983|600, 45902043|636, 45902043|663, 45902103|694, 45903396|848, 45903396|930, 45903636|1148, 45903636|1246, 45903676|1278, 45903676|1348, 45903866|1460, 45903866|1644, 45903906|1695, 45904687|1729, 45904687|2005, 45905528|2032, 45905528|2296, 45905819|2319, 45905819|2337, 45905859|2353, 45905859|2607, 45906635|2653, 45906635|3150, 45906675|3159, 45906675|4004, com.sololearn.cplusplus, 
45906915|1, 45906915|4004, com.google.android.gm, 
45906915|1, 45906915|2310, 45906975|2337, 45906975|2349, 45907015|2359, 45907268|2370, 45907268|2390, 45908412|2406, 45908412|2511, 45908452|2527, 45908492|2560, 45908492|2645, 45908612|2656, 45908612|2690, 45908929|2711, 45909166|2725, 45909166|2737, 45909406|2754, 45909406|2778, 45910464|2800, 45911382|2816, 45911618|2843, 45911618|2885, 45911938|2915, 45912024|2938, 45912024|3228, 45912084|3238, 45912084|3275, 45912358|3285, 45912358|3314, 45912478|3327, 45912478|3347, 45912603|3358, 45912603|3391, 45930406|3407, 45930406|3601, 45930446|3612, 45930446|3682, 45930612|3701, 45930612|4147, com.google.android.music, 
45975431|1, 45975431|1889, 45975491|1936, 45975491|2066, 45976078|2088, 45976078|2279, 45976178|2293, 45976178|2479, 45976470|2492, 45976470|2691, 45977012|2704, 45977012|2919, 45977601|2930, 45977601|3100, 45977641|3118, 45977641|3922, 45977701|3945, 45977972|3974, 45977972|4028, com.bankofamerica.cashpromobile, 
45979922|1, 45979922|2352, 45979982|2363, 45979982|2405, 45980242|2415, 45980242|2436, 45980362|2455, 45980362|2468, 45981444|2490, 45981444|2546, 45981484|2558, 45981484|2824, 45981564|2860, 45981564|4011, com.google.android.keep, 
45981644|1, 45981644|4006, com.ted.android.conference, 
45981644|1, 45981644|1357, 45981704|1384, 45982766|1480, 45982806|1532, 45982806|1641, 45982846|1663, 45982846|4007, org.catrobat.catroid, 
45982926|1, 45982926|1221, 45982986|1263, 45984284|1349, 45984924|1383, 45985452|1410, 45985452|1432, 45986069|1465, 45986423|1539, 45986423|1552, 45986623|1574, 45986789|1619, 45987161|1654, 45987785|1692, 45989214|1761, 45989380|1833, 45990381|1886, 45990547|1959, 45991455|2019, 45992064|2052, 45992830|2080, 45993686|2104, 45993686|2141, 45994519|2155, 45994685|2170, 45995475|2180, 45995515|2234, 45995515|2347, 45995555|2361, 45995555|2373, 45995635|2391, 45995635|2406, 45996220|2422, 45996340|2440, 45997793|2457, 45997873|2473, 45997873|2490, 45998723|2537, 45998723|2768, 45999616|2794, 45999656|2809, 45999696|2825, 46001162|2839, 46001162|2966, 46001322|2978, 46001322|2989, 46001488|3000, 46002204|3017, 46002204|3047, 46002244|3059, 46002244|3187, 46002324|3210, 46002404|3232, 46003855|3248, 46003855|3557, 46003935|3570, 46003935|3591, 46004015|3603, 46005456|3613, 46005456|4006, com.dropbox.android, 
46010791|1, 46010791|1247, 46010891|1425, 46010891|2217, 46011881|2375, 46012031|2483, 46012031|2569, 46012091|2618, 46012865|2701, 46013015|2802, 46013015|4007, com.android.chrome, 
46013175|1, 46013175|4001, at.DiTronic.androidgroup.randomgallery, 
46019153|1, 46019153|847, 46019483|1003, 46020103|1122, 46020103|1434, 46020143|1458, 46020183|1491, 46020183|3139, 46020243|3175, 46020637|3244, 46021059|3338, 46021664|3380, 46021784|3443, 46021784|3505, 46022389|3518, 46022389|3564, 46022509|3595, 46022509|4005, com.scb.breezebanking.hk, 
46022589|1, 46022589|1194, 46022649|1479, 46023222|1650, 46023222|2372, 46023282|2475, 46023563|2510, 46023563|2532, 46023965|2566, 46024322|2600, 46024362|2669, 46024362|3801, 46025368|3828, 46025368|3858, 46025408|3883, 46025408|4009, com.android.chrome, 
46026208|1, 46026208|1063, 46026248|1214, 46026288|1284, 46026288|1308, 46026328|1384, 46026328|2117, 46026388|2136, 46026388|2179, 46026648|2192, 46026648|2223, 46026768|2241, 46026768|2252, 46027850|2262, 46027850|2313, 46027890|2325, 46027890|2489, 46027970|2509, 46027970|4007, com.google.android.keep, 
46028170|1, 46028170|3184, 46028230|3199, 46028230|3242, 46028270|3260, 46028528|3277, 46028528|3308, 46028728|3325, 46028728|3381, 46028853|3410, 46028853|3450, 46029679|3479, 46029759|3502, 46029829|3514, 46029829|3595, 46030139|3608, 46030666|3623, 46030666|3680, 46030706|3693, 46030706|4006, com.google.android.apps.photos, 
46031448|1, 46031448|1878, 46031787|1946, 46032072|2082, 46032829|2182, 46032829|2222, 46033101|2257, 46033101|2479, 46033701|2571, 46033781|2769, 46033781|3546, 46034104|3583, 46034104|3626, 46034296|3656, 46034296|4017, com.sometimeswefly.littlealchemy, 
46034456|1, 46034456|2187, 46034516|2218, 46035056|2251, 46035056|2566, 46035136|2584, 46035136|3902, 46035176|3921, 46035176|4018, com.sometimeswefly.littlealchemy, 
46035336|1, 46035336|1935, 46035456|2020, 46036010|2067, 46036010|2098, 46036250|2109, 46036250|2119, 46036540|2138, 46038186|2155, 46038304|2166, 46038462|2176, 46038462|2221, 46038502|2230, 46038542|2243, 46038542|2257, 46038908|2284, 46038908|3152, 46039074|3185, 46039074|4008, com.google.android.music, 
46040263|1, 46040263|1789, 46040323|1805, 46040323|1837, 46040583|1849, 46040583|1871, 46040623|1881, 46040828|1896, 46040828|1910, 46041785|1931, 46041785|2302, 46041825|2319, 46041825|4003, com.google.android.keep, 
46041905|1, 46041905|1745, 46041965|1779, 46041965|1962, 46042612|1977, 46042612|2105, 46042752|2116, 46042752|2243, 46043044|2253, 46043044|2418, 46043164|2438, 46043164|2620, 46043586|2633, 46043586|2840, 46044175|2851, 46044175|3034, 46044215|3046, 46044215|3782, 46044275|3817, 46044546|3893, 46044706|4064, com.bankofamerica.cashpromobile, 
46047573|1, 46047573|3028, 46047613|3041, 46047613|4006, com.ted.android.conference, 
46047653|1, 46047653|889, 46047753|966, 46047753|1010, 46048336|1094, 46048596|1125, 46048876|1162, 46049663|1214, 46049703|1227, 46049703|1358, 46049743|1371, 46049743|1942, 46051987|1955, 46051987|2079, 46052087|2146, 46052087|2269, 46052353|2390, 46052353|2481, 46052553|2502, 46052553|2514, 46052719|2550, 46052719|2691, 46053768|2703, 46053768|2927, 46053808|2941, 46053808|3013, 46053868|3058, 46053868|3091, 46055435|3177, 46055435|3274, 46055635|3288, 46055635|3308, 46055841|3336, 46055841|3363, 46057149|3382, 46057149|3452, 46058566|3484, 46058566|3533, 46058606|3577, 46058606|3614, 46058646|3624, 46058646|4013, com.mxtech.videoplayer.ad, 
46058966|1, 46058966|635, 46059026|685, 46059286|698, 46059466|734, 46059466|872, 46060379|1009, 46060419|1067, 46060659|1099, 46060659|1224, 46060699|1305, 46060699|1471, 46060889|1494, 46060889|1691, 46061710|1704, 46061710|2022, 46062551|2046, 46062551|2303, 46062591|2338, 46062882|2371, 46062882|2602, 46063037|2622, 46063658|2638, 46063658|3268, 46063698|3280, 46063698|4009, com.sololearn.cplusplus, 
46063978|1, 46063978|4008, com.ted.android.conference, 
46063978|1, 46063978|1352, 46064038|1418, 46064098|1448, 46064098|1488, 46064357|1516, 46064357|1540, 46064629|1590, 46064629|1606, 46064829|1647, 46065049|1699, 46065049|1786, 46065441|1849, 46065441|1874, 46065708|1906, 46066344|1959, 46066344|1989, 46067836|2036, 46067996|2075, 46068634|2147, 46068634|2171, 46068794|2206, 46068794|2235, 46069152|2290, 46069750|2320, 46069750|2374, 46070108|2396, 46070108|2427, 46070704|2462, 46070704|2502, 46072419|2560, 46072459|2620, 46076284|2680, 46076284|2693, 46076324|2753, 46076962|2967, 46076962|3008, 46077002|3055, 46077886|3133, 46082610|3181, 46082610|3201, 46083248|3236, 46083248|3399, 46083806|3435, 46083806|3480, 46084246|3498, 46084246|3600, 46084286|3618, 46084286|4015, com.ebay.mobile, 
46084686|1, 46084686|1655, 46084746|1675, 46084746|1717, 46084786|1728, 46085006|1739, 46085006|1750, 46085126|1768, 46085126|1784, 46086208|1804, 46086208|1856, 46086248|1868, 46086248|2147, 46086368|2161, 46086368|4001, com.google.android.keep, 
46086448|1, 46086448|1044, 46086548|1338, 46086548|1962, 46086608|2056, 46086889|2091, 46087538|2160, 46087688|2274, 46087688|4003, com.android.chrome, 
46087768|1, 46087768|4009, at.DiTronic.androidgroup.randomgallery, 
46093747|1, 46093747|542, 46093867|613, 46094247|664, 46094506|770, 46095160|902, 46095200|946, 46095440|1002, 46095440|1156, 46095670|1253, 46095670|1463, 46096491|1496, 46096491|1791, 46097332|1808, 46097332|2082, 46097623|2098, 46097623|2134, 46097663|2146, 46097663|2280, 46097818|2307, 46098439|2332, 46098439|2940, 46098479|2950, 46098479|4014, com.sololearn.cplusplus, 
46098719|1, 46098719|850, 46098779|898, 46098779|925, 46099057|952, 46099057|971, 46099177|989, 46100511|1009, 46100511|1069, 46100591|1079, 46100591|1157, 46101764|1174, 46101764|1217, 46101804|1237, 46101804|4011, com.ted.android.conference, 
46101804|1, 46101804|657, 46101864|751, 46101924|784, 46101924|798, 46102184|818, 46102184|845, 46103614|895, 46103614|932, 46103654|983, 46103814|1006, 46103814|1062, 46103854|1096, 46103854|1812, 46106096|1848, 46106096|2050, 46106136|2082, 46106136|3227, 46106196|3264, 46106196|3302, 46106473|3317, 46106473|3337, 46106673|3357, 46107981|3382, 46107981|3468, 46108147|3484, 46108207|3501, 46108812|3518, 46109188|3558, 46110922|3587, 46110922|3619, 46112335|3631, 46112335|3656, 46112535|3666, 46112701|3680, 46112701|3703, 46116135|3719, 46116135|3748, 46118129|3771, 46118129|3799, 46120083|3814, 46120083|3859, 46122069|3876, 46122069|3925, 46122109|3937, 46122109|4015, com.mxtech.videoplayer.ad, 
46122620|1, 46122620|745, 46123120|924, 46123774|1003, 46123774|1111, 46124073|1141, 46124073|1404, 46124353|1420, 46124353|2002, 46124393|2014, 46124393|2043, 46124583|2055, 46124583|2624, 46125404|2728, 46125404|2956, 46126245|2974, 46126245|3179, 46126536|3195, 46126536|3206, 46126576|3219, 46126576|3421, 46127352|3433, 46127352|4006, com.sololearn.cplusplus, 
46127632|1, 46127632|3605, 46128408|3688, 46129213|3791, 46129213|3812, 46129881|3836, 46130001|3970, 46130001|4027, air.com.hypah.io.slither, 
46134126|1, 46134126|2887, 46137642|2912, 46137642|3123, 46138042|3140, 46138042|3480, 46138102|3496, 46138102|3533, 46138393|3545, 46138393|3578, 46139610|3605, 46139720|3616, 46139720|3642, 46139872|3656, 46139872|3848, 46140208|3865, 46140440|3907, 46140670|3942, 46140790|3962, 46142023|3976, 46142023|4014, at.DiTronic.androidgroup.randomgallery, 
46143094|1, 46143094|735, 46143194|901, 46143584|1006, 46143584|1066, 46144044|1247, 46144044|1647, 46144124|1736, 46144164|1845, 46144164|3227, 46145000|3335, 46145645|3434, 46145645|3471, 46145765|3515, 46145765|3592, 46146370|3632, 46146490|3654, 46146490|4014, com.scb.breezebanking.hk, 
46146610|1, 46146610|4008, com.ted.android.conference, 
46146610|1, 46146610|2223, 46146650|2257, 46146650|4009, com.ted.android.conference, 
46146690|1, 46146690|4004, com.android.vending, 
46148450|1, 46148450|1048, 46148650|1110, 46148650|1184, 46148890|1281, 46148890|4001, com.whatsapp, 
46149330|1, 46149330|1813, 46149390|1854, 46149390|2027, 46150037|2038, 46150037|2161, 46150177|2183, 46150177|2367, 46150469|2379, 46150469|2566, 46150589|2579, 46150589|2781, 46151011|2793, 46151011|3010, 46151051|3034, 46151640|3052, 46151640|3187, 46151720|3202, 46151720|3918, 46151780|3934, 46151780|3952, 46152051|3990, 46152051|4017, com.bankofamerica.cashpromobile, 
46154481|1, 46154481|1824, 46154541|1841, 46154541|2069, 46154581|2080, 46155128|2099, 46155128|2279, 46155228|2291, 46155228|2488, 46155520|2500, 46155520|2690, 46156062|2701, 46156062|2917, 46156651|2928, 46156651|3103, 46156691|3128, 46156691|3673, 46156751|3721, 46157022|3764, 46157022|3922, 46157524|3976, 46157524|4020, com.bankofamerica.cashpromobile, 
46159929|1, 46159929|3678, 46160129|3689, 46160129|4003, com.whatsapp, 
46160369|1, 46160369|2191, 46160429|2254, 46160969|2287, 46160969|2573, 46161049|2639, 46161049|4022, com.sometimeswefly.littlealchemy, 
46161129|1, 46161129|4002, com.google.android.gm, 
46161129|1, 46161129|1167, 46161249|1209, 46161249|1234, 46161556|1272, 46161903|1309, 46161903|1324, 46162023|1349, 46162023|1464, 46164959|1509, 46165039|1533, 46165039|1635, 46165159|1662, 46165159|1948, 46165359|1969, 46165359|2269, 46169450|2430, 46169957|2589, 46170904|2699, 46170904|2827, 46173149|2890, 46173322|2921, 46175441|2957, 46175441|2968, 46177528|3025, 46179821|3079, 46181895|3126, 46182055|3172, 46182455|3227, 46182695|3292, 46182875|4027, com.android.vending, 
46186464|1, 46186464|91, 46186527|105, 46186527|1868, 46186587|1896, 46186587|1934, 46186627|1946, 46186627|1958, 46186880|1974, 46186880|1984, 46187003|1995, 46187982|2006, 46187982|2119, 46188022|2135, 46188022|2202, 46188082|2246, 46188402|2306, 46188794|2328, 46190093|2396, 46190573|2502, 46192175|2535, 46192215|2561, 46192215|2800, 46192295|2815, 46192295|2990, 46192355|3001, 46192355|3045, 46192648|3057, 46192648|3082, 46203809|3093, 46203809|3123, 46204009|3135, 46204009|3186, 46204049|3204, 46204049|4010, com.google.android.keep, 
46205702|1, 46205702|1603, 46205822|1726, 46206616|1818, 46206616|1841, 46206761|1860, 46208512|1882, 46208592|1900, 46208788|1914, 46208788|1958, 46208868|1970, 46208868|2016, 46209108|2029, 46209194|2041, 46209194|2913, 46209360|2947, 46209420|4043, com.google.android.music, 
46211060|1, 46211060|635, 46211120|812, 46211703|904, 46212083|960, 46212243|1011, 46213070|1083, 46213070|1200, 46213110|1213, 46213110|1804, 46215352|1829, 46215352|1957, 46215452|2119, 46215452|2215, 46215711|2278, 46215711|2476, 46215951|2487, 46215951|2500, 46216117|2513, 46216117|2685, 46217494|2698, 46217494|2909, 46217534|2933, 46217534|3021, 46217634|3086, 46219179|3122, 46219379|3140, 46219379|3200, 46219545|3223, 46219545|3234, 46220150|3251, 46220190|3274, 46220190|3286, 46221538|3304, 46221538|3346, 46221598|3390, 46221876|3418, 46221876|3439, 46222076|3462, 46222076|3475, 46222242|3487, 46222242|3509, 46224236|3522, 46224236|3550, 46226190|3568, 46226190|3604, 46228144|3617, 46228144|3742, 46230130|3757, 46230130|3906, 46230170|3917, 46230170|4010, com.mxtech.videoplayer.ad, 
46230690|1, 46230690|767, 46231180|927, 46231640|990, 46231640|1328, 46231680|1453, 46231800|1527, 46231800|2700, 46232134|2769, 46232676|2791, 46232676|2823, 46233281|2871, 46233321|2898, 46233361|2919, 46233361|2990, 46233966|3009, 46233966|3045, 46234086|3072, 46234086|4010, com.scb.breezebanking.hk, 
46234166|1, 46234166|681, 46234226|784, 46234286|835, 46235069|877, 46235189|918, 46236016|973, 46236176|1016, 46236176|1107, 46236216|1125, 46236216|1726, 46238460|1773, 46238460|1893, 46238560|1948, 46238560|2149, 46238819|2192, 46238819|2379, 46239019|2393, 46239019|2430, 46239185|2445, 46239185|2574, 46240602|2589, 46240602|2839, 46240642|2850, 46240642|2928, 46240702|3003, 46240979|3063, 46242447|3088, 46242447|3197, 46242653|3246, 46243258|3274, 46243318|3300, 46243318|3334, 46243636|3368, 46245104|3386, 46245104|3399, 46245270|3413, 46245270|3426, 46247224|3440, 46247224|3512, 46247264|3527, 46249258|3547, 46249258|3571, 46249298|3583, 46249298|3595, 46251252|3611, 46251252|3646, 46253238|3658, 46253238|3718, 46253278|3728, 46253278|4006, com.mxtech.videoplayer.ad, 
46253718|1, 46253718|2201, 46253778|2217, 46253778|2232, 46254318|2346, 46254318|2571, 46254398|2584, 46254398|4001, com.sometimeswefly.littlealchemy, 
46254478|1, 46254478|1127, 46254538|1159, 46254538|1297, 46254797|1310, 46254797|1498, 46254997|1515, 46254997|1578, 46255163|1595, 46255163|1730, 46256478|1742, 46256478|1890, 46256518|1900, 46256518|2444, 46256578|2513, 46256833|2547, 46256833|2568, 46257033|2636, 46258239|2683, 46258279|2720, 46258279|2917, 46258319|2947, 46258319|4009, com.Slack, 
46258519|1, 46258519|1291, 46258639|1410, 46258639|1511, 46259181|1558, 46259181|1599, 46259461|1761, 46260105|1878, 46260105|2044, 46261008|2064, 46261275|2086, 46262393|2109, 46262393|2165, 46262553|2228, 46263391|2379, 46264347|2585, 46266462|2659, 46266462|2858, 46269769|2892, 46269769|3032, 46269809|3170, 46269809|4018, com.ebay.mobile, 
46274499|1, 46274499|1214, 46274679|1369, 46275222|1448, 46275222|1481, 46275489|1534, 46275849|1613, 46275849|1679, 46276275|1838, 46277037|1877, 46277395|1921, 46277662|1978, 46277742|2035, 46282965|2062, 46283125|2147, 46283563|2234, 46284161|2286, 46284161|2344, 46285852|2483, 46287622|2618, 46287622|2878, 46287662|2902, 46287662|4022, com.ebay.mobile, 
46291729|1, 46291729|4011, com.android.vending, 
46291729|1, 46291729|4007, com.android.vending, 
46291729|1, 46291729|804, 46291849|904, 46292417|939, 46292417|954, 46292617|971, 46292617|1004, 46293181|1022, 46293181|1039, 46294223|1073, 46294223|1127, 46294263|1139, 46294263|1169, 46294383|1180, 46294709|1204, 46294709|1238, 46294749|1262, 46294749|1312, 46296200|1328, 46296200|1517, 46296240|1532, 46296240|2065, 46296300|2114, 46296555|2164, 46296555|2177, 46296755|2204, 46296755|2298, 46297961|2310, 46297961|2323, 46298001|2337, 46298001|2615, 46298041|2632, 46298041|4007, com.Slack, 
46298361|1, 46298361|705, 46298421|771, 46298741|852, 46299384|929, 46300211|1012, 46300371|1033, 46300371|1097, 46300411|1111, 46300411|1684, 46302653|1734, 46302653|1832, 46302693|1920, 46302693|2125, 46302753|2167, 46303091|2186, 46303251|2237, 46303417|2248, 46303417|2270, 46305371|2282, 46305371|2307, 46305630|2320, 46305630|2333, 46305670|2349, 46305670|2440, 46305910|2462, 46305910|2485, 46306076|2496, 46306076|2617, 46307496|2632, 46307496|2800, 46308804|2838, 46308904|2876, 46309181|2919, 46309341|2933, 46309507|2963, 46309507|2976, 46309547|2987, 46309547|3000, 46309587|3021, 46309587|3045, 46311460|3062, 46311460|3086, 46311620|3106, 46311620|3116, 46313574|3129, 46313574|3159, 46313614|3174, 46313614|3204, 46315608|3215, 46315608|3248, 46315648|3261, 46317634|3279, 46317634|3344, 46317674|3361, 46317674|4003, com.mxtech.videoplayer.ad, 
46318154|1, 46318154|4015, com.ted.android.conference, 
46318154|1, 46318154|1731, 46318214|1806, 46318476|1861, 46318596|1955, 46319874|2122, 46319952|2159, 46319952|2220, 46319992|2280, 46319992|2762, 46320158|2799, 46320158|3318, 46322006|3401, 46322325|3508, 46322445|3569, 46323570|3683, 46323860|3732, 46323860|4076, com.google.android.apps.docs, 
46324020|1, 46324020|4011, com.ted.android.conference, 
46324100|1, 46324100|669, 46325214|821, 46325254|881, 46325254|955, 46325513|978, 46325553|1022, 46325553|1240, 46325793|1265, 46325793|1445, 46325833|1492, 46325833|1564, 46326023|1593, 46326023|1869, 46326844|1883, 46326844|2516, 46326884|2537, 46326884|2550, 46327725|2588, 46327725|2621, 46327798|2678, 46327798|2717, 46327838|2752, 46328169|2786, 46328169|2841, 46329223|2884, 46329223|2953, 46329999|2989, 46330399|3019, 46331079|3052, 46331079|3400, 46342115|3411, 46342115|3528, 46342195|3540, 46342195|4007, com.sololearn.cplusplus, 
46342475|1, 46342475|1254, 46343377|1281, 46343377|1323, 46343417|1356, 46343417|4010, com.google.android.gm, 
46343417|1, 46343417|3208, 46343477|3234, 46343477|3273, 46343775|3304, 46344100|3343, 46344100|3377, 46344889|3410, 46345416|3435, 46345416|3544, 46345456|3561, 46345456|3816, 46345614|3842, 46345614|3980, 46345654|3995, 46345654|4006, com.google.android.apps.photos, 
46345734|1, 46345734|4004, com.google.android.gm, 
46345734|1, 46345734|1779, 46345854|1792, 46345854|1827, 46346131|1841, 46346131|1853, 46346408|1872, 46346408|1882, 46346528|1898, 46346648|1913, 46346793|1933, 46348584|1953, 46348860|1976, 46348860|2035, 46348980|2049, 46349220|2080, 46349306|2122, 46349306|3049, 46349472|3071, 46349472|3863, 46349532|3951, 46349810|4006, com.google.android.music, 
46351092|1, 46351092|2977, 46351152|2998, 46351152|3025, 46351192|3037, 46351450|3050, 46351450|3080, 46351775|3093, 46351775|3116, 46352494|3131, 46353131|3142, 46353171|3155, 46353171|3188, 46353211|3204, 46353211|3422, 46353369|3436, 46353369|4002, com.google.android.apps.photos, 
46353449|1, 46353449|764, 46353509|875, 46354023|933, 46354587|976, 46354627|993, 46354627|1043, 46354886|1057, 46354886|1132, 46354926|1157, 46355126|1171, 46355126|1190, 46355292|1201, 46355292|1335, 46356703|1349, 46356703|1574, 46356743|1589, 46356743|4012, com.Slack, 
46356903|1, 46356903|1258, 46356963|1322, 46357023|1440, 46357103|1536, 46357626|1603, 46357626|1708, 46358313|1932, 46358639|2073, 46358639|2129, 46360026|2199, 46360026|2290, 46360226|2354, 46361608|2383, 46365831|2524, 46366469|2590, 46366509|2678, 46368202|2791, 46368202|2950, 46369930|2996, 46369970|3025, 46369970|3191, 46370010|3277, 46370010|4024, com.ebay.mobile, 
46379326|1, 46379326|4004, com.google.android.gm, 
46379326|1, 46379326|3353, 46379446|3482, 46382135|3817, 46383115|3865, 46383155|3888, 46383195|3909, 46383195|3952, 46383275|3989, 46383315|4006, air.com.hypah.io.slither, 
46392614|1, 46392614|4010, com.google.android.gm, 
46392614|1, 46392614|4003, com.google.android.gm, 
46392614|1, 46392614|1229, 46392934|1338, 46393736|1433, 46393776|1471, 46393776|1590, 46393816|1610, 46393816|4003, org.catrobat.catroid, 
46393896|1, 46393896|911, 46393956|969, 46394539|1072, 46394919|1132, 46395706|1177, 46395906|1227, 46395906|1312, 46395946|1325, 46395946|1982, 46398188|2004, 46398188|2220, 46398228|2259, 46398228|2316, 46398288|2427, 46398288|2531, 46398547|2553, 46398547|2728, 46398747|2763, 46398747|2808, 46398913|2830, 46398913|2945, 46400332|2959, 46400332|3178, 46400372|3220, 46400372|3257, 46400472|3342, 46400709|3371, 46400709|3384, 46400869|3418, 46400869|3433, 46401035|3452, 46401035|3464, 46402948|3495, 46402988|3521, 46402988|3567, 46403048|3597, 46403048|3620, 46403326|3631, 46403366|3644, 46403606|3661, 46403606|3683, 46405080|3705, 46405080|3719, 46407034|3731, 46407034|3787, 46407074|3804, 46409028|3817, 46409028|3838, 46409068|3850, 46409068|3879, 46409108|3894, 46411062|3915, 46411062|3950, 46411102|3967, 46411102|3982, 46413088|3999, 46413088|4012, com.mxtech.videoplayer.ad, 
46413568|1, 46413568|2977, 46417082|2994, 46417082|3199, 46417122|3209, 46417162|3241, 46417202|3319, 46417202|4003, at.DiTronic.androidgroup.randomgallery, 
46420573|1, 46420573|1823, 46420693|1858, 46420693|1873, 46421247|1902, 46421247|1916, 46421487|1947, 46421487|1967, 46423423|1986, 46423423|1998, 46423503|2012, 46423583|2023, 46423739|2036, 46423739|2067, 46423779|2079, 46423819|2090, 46424145|2111, 46424145|3015, 46424311|3036, 46424371|4035, com.google.android.music, 
46425931|1, 46425931|1975, 46425991|1987, 46425991|2007, 46426031|2024, 46426291|2043, 46426291|2061, 46426411|2079, 46426411|2101, 46427493|2116, 46427493|2157, 46427533|2177, 46427533|2339, 46427613|2371, 46427613|4012, com.google.android.keep, 
46427693|1, 46427693|1205, 46427793|1377, 46428015|1416, 46428135|1528, 46429491|1612, 46429531|1661, 46429531|1992, 46429737|2063, 46429737|3400, 46432106|3412, 46432106|3461, 46432365|3474, 46432365|3507, 46432485|3520, 46433370|3534, 46433370|3545, 46433488|3557, 46433488|3591, 46433614|3602, 46433614|3626, 46433740|3639, 46433740|4011, com.google.android.apps.docs, 
46435045|1, 46435045|1820, 46435165|1903, 46435165|1949, 46435482|1961, 46435719|1981, 46435719|2001, 46435959|2013, 46435959|2046, 46437895|2060, 46437895|2072, 46438211|2087, 46438211|2142, 46438291|2153, 46438291|2166, 46438491|2177, 46438577|2188, 46438577|2984, 46438743|2996, 46438743|4012, com.google.android.music, 
46440403|1, 46440403|758, 46440783|839, 46440903|938, 46441517|957, 46441557|972, 46441557|994, 46441816|1038, 46441816|1061, 46441856|1145, 46442096|1236, 46442096|1397, 46442136|1483, 46442136|1611, 46442326|1640, 46442326|1820, 46442366|1836, 46443147|1861, 46443147|2151, 46443988|2172, 46443988|2440, 46444028|2462, 46444319|2489, 46444319|2616, 46445095|2649, 46445095|3192, 46445135|3206, 46445135|4008, com.sololearn.cplusplus, 
46445375|1, 46445375|2585, 46445435|2616, 46445435|2665, 46445733|2678, 46445733|2711, 46446058|2729, 46446058|2757, 46447374|2769, 46447374|2905, 46447414|2917, 46447414|3139, 46447572|3193, 46447572|4004, com.google.android.apps.photos, 
46447652|1, 46447652|1831, 46447712|1845, 46447712|1989, 46448359|2002, 46448359|2114, 46448499|2154, 46448499|2323, 46448791|2336, 46448791|2534, 46448911|2545, 46448911|2740, 46449333|2754, 46449333|2971, 46449922|2982, 46449922|3142, 46449962|3156, 46449962|3952, 46450022|3977, 46450293|4017, com.bankofamerica.cashpromobile, 
46452323|1, 46452323|802, 46452443|884, 46452823|973, 46454173|1032, 46454173|1085, 46454293|1102, 46454293|1153, 46454333|1172, 46454333|1824, 46456575|1838, 46456575|1951, 46456675|2025, 46456675|2170, 46456715|2194, 46456715|2220, 46456934|2255, 46456934|2380, 46457134|2392, 46457134|2439, 46457300|2454, 46457300|2590, 46458719|2605, 46458719|2823, 46458759|2834, 46458759|2910, 46458819|2996, 46459096|3060, 46460564|3102, 46460564|3218, 46460770|3244, 46461375|3278, 46461375|3293, 46461415|3311, 46461415|3324, 46461475|3343, 46463061|3386, 46463061|3412, 46463261|3424, 46463261|3448, 46463427|3470, 46463427|3480, 46465413|3491, 46465413|3504, 46465453|3518, 46467407|3540, 46467407|3569, 46469361|3585, 46469361|3630, 46471315|3641, 46471315|3686, 46471355|3713, 46471355|4001, com.mxtech.videoplayer.ad, 
46471875|1, 46471875|619, 46471995|732, 46471995|750, 46472255|779, 46472898|852, 46473725|955, 46473845|971, 46473845|1037, 46473885|1060, 46473885|1616, 46476127|1669, 46476127|1771, 46476167|1832, 46476167|2053, 46476227|2076, 46476227|2307, 46476486|2323, 46476486|2517, 46476766|2539, 46476766|2561, 46476932|2572, 46476932|2696, 46477032|2744, 46479996|2813, 46480156|2841, 46480156|2887, 46480322|2905, 46480322|2923, 46480402|2934, 46481007|2974, 46481007|3001, 46481167|3037, 46482535|3061, 46482535|3079, 46482813|3095, 46482813|3129, 46482973|3144, 46483139|3155, 46483139|3168, 46485093|3185, 46485093|3198, 46485133|3210, 46485133|3233, 46487087|3246, 46487087|3291, 46489041|3307, 46489041|3350, 46491027|3367, 46491027|3428, 46491067|3439, 46491067|4015, com.mxtech.videoplayer.ad, 
46491547|1, 46491547|1446, 46491607|1465, 46491607|1501, 46491860|1524, 46492020|1548, 46492200|1618, 46492905|1688, 46493405|1735, 46493996|1813, 46495244|1950, 46495616|2018, 46496200|2052, 46497161|2067, 46497161|2143, 46497327|2181, 46498572|2218, 46499208|2243, 46499540|2273, 46500731|2298, 46500771|2344, 46501604|2397, 46501604|2497, 46501810|2516, 46502600|2534, 46502680|2566, 46502680|2589, 46504096|2602, 46504096|2627, 46504136|2642, 46504176|2655, 46504176|2671, 46504761|2725, 46504761|2795, 46504841|2806, 46504841|2847, 46505631|2862, 46505631|2902, 46505691|2917, 46505731|2948, 46505731|2963, 46505771|2980, 46505771|2990, 46507224|3004, 46507224|3028, 46507264|3046, 46507264|3058, 46507857|3072, 46507857|3104, 46508197|3122, 46508197|3328, 46508397|3360, 46508397|3377, 46508477|3402, 46509943|3414, 46510825|3432, 46510825|3642, 46510865|3655, 46510865|3720, 46510985|3734, 46510985|3750, 46512436|3761, 46512436|4008, com.dropbox.android, 
46516238|1, 46516238|1163, 46516358|1391, 46516358|1448, 46516908|1487, 46516908|1562, 46517368|1674, 46517534|1741, 46517574|1787, 46517574|1819, 46518397|1857, 46518457|1935, 46518623|1962, 46518623|1985, 46518783|2002, 46518823|2027, 46519461|2058, 46520724|2143, 46521720|2230, 46522298|2304, 46522298|2345, 46522609|2399, 46525876|2450, 46527529|2502, 46527769|2575, 46527929|2619, 46529694|2767, 46529694|2811, 46529860|2836, 46529860|2983, 46531363|3046, 46531363|3207, 46531403|3271, 46531403|3721, 46531466|3733, 46531466|4005, com.ebay.mobile, 
46535651|1, 46535651|1562, 46535711|1584, 46535711|1623, 46535971|1633, 46535971|1661, 46536091|1678, 46536091|1704, 46536216|1720, 46537172|1735, 46537212|1745, 46537212|2025, 46537292|2038, 46537292|4001, com.google.android.keep, 
46537372|1, 46537372|968, 46537432|1166, 46537432|1227, 46537763|1327, 46537763|1458, 46538235|1517, 46538235|1554, 46538295|1574, 46538495|1716, 46538495|1774, 46538988|1845, 46541309|2020, 46542530|2148, 46542570|2214, 46542570|2234, 46542730|2263, 46546913|2448, 46548750|2587, 46548750|2756, 46548790|2787, 46548790|4004, com.ebay.mobile, 
46552856|1, 46552856|2718, 46554477|2931, 46554477|3109, 46555145|3140, 46555265|3190, 46555265|3840, 46555305|3863, 46555305|4011, air.com.hypah.io.slither, 
46559391|1, 46559391|2071, 46559511|2091, 46559511|2127, 46560065|2138, 46560065|2161, 46560105|2173, 46560305|2186, 46560709|2198, 46561732|2211, 46562477|2235, 46562477|2293, 46562517|2307, 46562557|2317, 46562883|2335, 46562883|3365, 46563049|3380, 46563049|4004, com.google.android.music, 
46565842|1, 46565842|4002, com.android.vending, 
46565922|1, 46565922|754, 46566452|887, 46566452|1066, 46566610|1196, 46566912|1300, 46566912|2514, 46567032|2597, 46567032|3270, 46567092|3337, 46567908|3392, 46567908|3456, 46567948|3474, 46568553|3512, 46568673|3566, 46568673|3642, 46569278|3660, 46569278|3696, 46569398|3718, 46569398|4019, com.scb.breezebanking.hk, 
46569478|1, 46569478|2278, 46569538|2341, 46570078|2389, 46570078|2593, 46570158|2667, 46570158|3092, 46570278|3117, 46570278|3136, 46571406|3164, 46571406|3183, 46571486|3215, 46571486|4013, com.sometimeswefly.littlealchemy, 
46571726|1, 46571726|675, 46571786|712, 46571786|790, 46572629|859, 46573536|930, 46573576|945, 46573576|975, 46573776|1008, 46573776|1076, 46573816|1095, 46573816|1620, 46576058|1674, 46576058|1843, 46576098|1924, 46576098|2262, 46576158|2283, 46576158|2419, 46576417|2433, 46576417|2631, 46576657|2644, 46576657|2667, 46576823|2679, 46576823|2781, 46576863|2810, 46576923|2848, 46578384|2897, 46578621|2912, 46578621|2924, 46578821|2940, 46578821|3002, 46578861|3017, 46580335|3043, 46580375|3066, 46580940|3079, 46580940|3093, 46581020|3115, 46581020|3178, 46581120|3212, 46581120|3232, 46581398|3280, 46582906|3298, 46583072|3311, 46583072|3330, 46585026|3348, 46585026|3368, 46585066|3394, 46587020|3421, 46587020|3431, 46587060|3448, 46589014|3473, 46589014|3514, 46591000|3526, 46591000|3577, 46591040|3590, 46591040|4009, com.mxtech.videoplayer.ad, 
46591560|1, 46591560|1361, 46591620|1504, 46591922|1649, 46594700|1780, 46594740|1832, 46594740|2193, 46594906|2229, 46594906|2797, 46597534|2867, 46597787|2935, 46598617|2968, 46598617|2992, 46598869|3188, 46598869|4003, com.google.android.apps.docs, 
46599029|1, 46599029|640, 46599149|679, 46599529|739, 46599529|861, 46600402|912, 46600442|945, 46600442|981, 46600762|1125, 46600762|1235, 46600802|1299, 46600802|1452, 46600992|1520, 46600992|1789, 46601032|1801, 46601813|1815, 46601813|2113, 46602654|2135, 46602654|2395, 46602945|2413, 46602945|2431, 46602985|2445, 46602985|2610, 46603761|2633, 46603761|3152, 46603801|3164, 46603801|4007, com.sololearn.cplusplus, 
46604041|1, 46604041|1932, 46604101|1946, 46604101|2039, 46604161|2052, 46604161|2098, 46604748|2112, 46604748|2527, 46604828|2539, 46604888|2549, 46604888|2784, 46604948|2799, 46604948|2832, 46605240|2845, 46605240|3142, 46605822|3157, 46605822|3453, 46605862|3502, 46605862|3565, 46606451|3604, 46606451|3774, 46606531|3794, 46606531|4017, com.bankofamerica.cashpromobile, 
46608972|1, 46608972|1128, 46609292|1222, 46610134|1359, 46610134|1448, 46610174|1520, 46610174|4012, org.catrobat.catroid, 
46610254|1, 46610254|4003, com.whatsapp, 
46610254|1, 46610254|749, 46610314|846, 46610314|1044, 46610354|1094, 46610580|1109, 46610580|1271, 46610780|1286, 46610946|1306, 46610946|1472, 46611938|1483, 46611938|1691, 46612038|1721, 46612038|1876, 46612078|1886, 46612297|1899, 46612297|2084, 46612497|2097, 46612497|2172, 46612663|2189, 46612663|2340, 46614084|2397, 46614399|2469, 46614599|2510, 46615845|2599, 46615885|2646, 46615885|2886, 46615925|2917, 46615925|4002, com.Slack, 
46616759|1, 46616759|4004, com.whatsapp, 
46616759|1, 46616759|616, 46617139|744, 46617782|826, 46618609|892, 46618609|910, 46618729|928, 46618729|1019, 46618769|1041, 46618769|1534, 46621011|1596, 46621011|1745, 46621051|1820, 46621051|2047, 46621111|2094, 46621111|2318, 46621370|2330, 46621370|2518, 46621610|2532, 46621610|2583, 46621776|2593, 46621776|2726, 46623195|2763, 46623195|2810, 46623255|2885, 46623572|2919, 46623772|2944, 46623772|2970, 46625080|3002, 46625246|3020, 46625246|3049, 46625851|3063, 46625851|3086, 46625891|3103, 46625951|3138, 46625951|3163, 46626269|3183, 46626269|3195, 46626469|3213, 46627777|3231, 46627943|3246, 46627943|3259, 46629897|3271, 46629897|3320, 46631851|3331, 46631851|3375, 46631891|3388, 46631931|3401, 46631931|3411, 46633885|3429, 46633885|3445, 46633925|3455, 46635911|3473, 46635911|3543, 46635951|3554, 46635951|4003, com.mxtech.videoplayer.ad, 
46636517|1, 46636517|4009, com.ted.android.conference, 
46636517|1, 46636517|4002, com.google.android.gm, 
46636517|1, 46636517|1396, 46636985|1804, 46636985|2198, 46638035|2405, 46638723|2489, 46639406|2567, 46639406|2590, 46639688|2620, 46640298|2658, 46640408|2734, 46640448|2775, 46640448|4006, com.android.chrome, 
46640928|1, 46640928|617, 46641048|687, 46641308|714, 46641428|733, 46641428|893, 46642341|1034, 46642661|1203, 46642661|1238, 46642701|1328, 46642701|1568, 46642891|1594, 46642891|1819, 46643712|1834, 46643712|2162, 46644553|2173, 46644553|2442, 46644844|2472, 46644884|2497, 46644884|2636, 46645660|2663, 46645660|3275, 46645700|3347, 46645700|4006, com.sololearn.cplusplus, 
46645940|1, 46645940|659, 46646000|673, 46646060|702, 46646320|727, 46646440|754, 46646440|850, 46646598|896, 46647353|1033, 46647673|1159, 46647673|1311, 46647713|1381, 46647713|1476, 46647903|1520, 46647903|1748, 46648724|1763, 46648724|2076, 46649565|2098, 46649565|2361, 46649856|2381, 46649856|2397, 46649896|2417, 46649896|2566, 46650672|2584, 46650672|3121, 46650712|3131, 46650712|4009, com.sololearn.cplusplus, 
46650992|1, 46650992|4007, com.whatsapp, 
46650992|1, 46650992|4009, com.google.android.gm, 
46650992|1, 46650992|1748, 46651052|1775, 46651052|1925, 46651639|1936, 46651639|2137, 46651739|2164, 46651739|2334, 46652031|2347, 46652031|2547, 46652151|2561, 46652151|2748, 46652573|2760, 46652573|2962, 46653162|2989, 46653162|3152, 46653202|3164, 46653202|3903, 46653262|3919, 46653262|3941, 46653533|3975, 46653533|4014, com.bankofamerica.cashpromobile, 
46656360|1, 46656360|1956, 46656420|1974, 46656420|2021, 46656460|2033, 46656680|2045, 46656680|2065, 46656800|2090, 46657882|2101, 46657882|2149, 46657922|2160, 46657922|2353, 46658002|2363, 46658002|4003, com.google.android.keep, 
46659942|1, 46659942|2051, 46660002|2101, 46660542|2152, 46660542|2452, 46660622|2515, 46660622|4038, com.sometimeswefly.littlealchemy, 
46660702|1, 46660702|1659, 46660762|1674, 46660762|1734, 46661022|1746, 46661022|1770, 46661142|1780, 46661267|1791, 46662224|1810, 46662224|1851, 46662264|1862, 46662264|1872, 46662304|1884, 46662304|2135, 46662384|2147, 46662384|4009, com.google.android.keep, 
46662464|1, 46662464|1435, 46662524|1502, 46662786|1579, 46662906|1591, 46663258|1603, 46663258|1614, 46664222|1677, 46664262|1691, 46664262|2327, 46664428|2360, 46664428|3527, 46666797|3561, 46666797|3597, 46667056|3609, 46667056|3629, 46667176|3640, 46667568|3651, 46668061|3664, 46668061|3691, 46668179|3703, 46668179|3734, 46668305|3745, 46668305|3760, 46668431|3776, 46668431|4011, com.google.android.apps.docs, 
46668591|1, 46668591|4008, at.DiTronic.androidgroup.randomgallery, 
46674529|1, 46674529|4009, com.android.vending, 
46674529|1, 46674529|3416, 46674589|3496, 46674887|3567, 46675212|3605, 46675212|3629, 46676529|3656, 46676529|3804, 46676569|3823, 46676727|4015, com.google.android.apps.photos, 
46676807|1, 46676807|1448, 46676907|1626, 46676907|2150, 46677308|2265, 46678250|2338, 46678605|2398, 46679368|2456, 46679650|2481, 46680182|2548, 46680490|2615, 46680490|4002, com.android.chrome, 
46680970|1, 46680970|1339, 46681030|1411, 46681412|1589, 46681625|1654, 46682808|1700, 46682808|1784, 46682848|1819, 46682848|2067, 46683014|2101, 46683014|3370, 46683074|3400, 46685642|3441, 46685642|3477, 46685762|3507, 46686647|3533, 46686647|3544, 46686765|3559, 46686765|3583, 46686891|3599, 46686891|3693, 46687017|3705, 46687017|4004, com.google.android.apps.docs, 
46687177|1, 46687177|1757, 46687237|1796, 46687237|1820, 46687497|1832, 46687497|1857, 46687617|1881, 46688699|1903, 46688699|1939, 46688739|1961, 46688739|2192, 46688819|2210, 46688819|4006, com.google.android.keep, 
46688899|1, 46688899|1790, 46688959|1805, 46688959|1973, 46689606|2042, 46689606|2198, 46689746|2210, 46689746|2402, 46690038|2419, 46690038|2600, 46690158|2621, 46690158|2814, 46690580|2826, 46690580|3035, 46691169|3059, 46691169|3228, 46691209|3249, 46691209|3909, 46691269|3937, 46691540|3959, 46691540|4006, com.bankofamerica.cashpromobile, 
46693570|1, 46693570|1261, 46693630|1398, 46693630|1553, 46693888|1602, 46693888|1714, 46694048|1767, 46694108|1854, 46694466|1924, 46694466|2036, 46695891|2091, 46695891|2258, 46696509|2366, 46696509|2572, 46698523|2615, 46698523|2778, 46701921|2968, 46701921|3066, 46701981|3214, 46701981|3267, 46702021|3304, 46702021|3342, 46702292|3386, 46702492|3517, 46702492|3738, 46702658|3781, 46702658|3907, 46704000|3918, 46704000|4001, com.ebay.mobile, 
46704360|1, 46704360|4011, com.google.android.gm, 
46704360|1, 46704360|4001, com.whatsapp, 
46704360|1, 46704360|989, 46704420|1055, 46704520|1086, 46704734|1104, 46704734|1116, 46705014|1131, 46705014|1150, 46705578|1164, 46705578|1218, 46705877|1235, 46705877|1315, 46705917|1344, 46706197|1360, 46706197|1371, 46706363|1382, 46706363|1517, 46707757|1531, 46707757|1744, 46707797|1754, 46707797|2227, 46707857|2302, 46708112|2337, 46708312|2354, 46708312|2509, 46709518|2536, 46709558|2555, 46709558|3044, 46709598|3084, 46709598|4004, com.Slack, 
46709878|1, 46709878|2952, 46711499|3055, 46711499|3218, 46712167|3248, 46712167|4013, air.com.hypah.io.slither, 
46713691|1, 46713691|39, 46713843|68, 46713843|270, 46713903|295, 46713903|320, 46714184|355, 46714304|407, 46717999|464, 46718039|524, 46718039|652, 46718399|686, 46718399|1368, 46718499|1428, 46718499|1446, 46718712|1471, 46718872|1512, 46718872|1657, 46718992|1717, 46719803|1775, 46720037|1800, 46720117|1841, 46720197|1859, 46720197|1899, 46720257|1934, 46720491|1957, 46720877|2013, 46721978|2112, 46723602|2179, 46723768|2198, 46727478|2329, 46728459|2391, 46729292|2421, 46729332|2439, 46729332|2520, 46729412|2538, 46729412|2569, 46729452|2654, 46730968|2716, 46731838|2746, 46732383|2771, 46732383|2932, 46732643|2944, 46732643|2998, 46732683|3019, 46732723|3036, 46732803|3054, 46732843|3071, 46733436|3091, 46734889|3102, 46734889|3118, 46735049|3131, 46735049|3169, 46735215|3185, 46735931|3200, 46735931|3434, 46736051|3448, 46736131|3468, 46736131|3479, 46737597|3502, 46737597|3808, 46737637|3825, 46737637|3861, 46737677|3883, 46739128|3900, 46739128|4001, com.dropbox.android, 
46739928|1, 46739928|2275, 46739988|2339, 46740528|2431, 46740528|2472, 46740946|2632, 46741066|2721, 46741066|2860, 46741191|2890, 46741191|2902, 46742404|2935, 46742444|2994, 46742444|4001, com.sometimeswefly.littlealchemy, 
46742524|1, 46742524|1314, 46742624|1435, 46742846|1481, 46742966|1580, 46744284|1629, 46744362|1660, 46744362|1671, 46744402|1700, 46744402|1911, 46744568|1955, 46744568|2911, 46744887|3103, 46745007|3189, 46745970|3249, 46746096|3313, 46746096|3394, 46748405|3405, 46748405|3675, 46748531|3689, 46748531|4004, com.google.android.apps.docs, 
46748731|1, 46748731|890, 46748791|1047, 46749221|1187, 46749221|1467, 46749681|1498, 46749681|1926, 46749761|1990, 46749801|2086, 46749801|2988, 46749861|3026, 46750135|3078, 46750677|3108, 46750717|3162, 46751442|3262, 46751442|3284, 46752047|3376, 46752167|3447, 46752167|4029, com.scb.breezebanking.hk, 
46752247|1, 46752247|1847, 46752307|1867, 46752307|2044, 46752954|2056, 46752954|2210, 46753094|2225, 46753094|2420, 46753386|2431, 46753386|2591, 46753928|2634, 46753928|2845, 46754517|2863, 46754517|3028, 46754557|3050, 46754557|3539, 46754888|3716, 46754888|3830, 46755008|3863, 46755390|4027, com.bankofamerica.cashpromobile, 
46757955|1, 46757955|2037, 46758075|2084, 46758075|2105, 46758352|2119, 46758629|2140, 46759782|2191, 46760805|2218, 46760923|2233, 46760923|2242, 46761081|2254, 46761081|2275, 46761121|2288, 46761121|2299, 46761321|2311, 46761527|2323, 46761527|3336, 46761607|3348, 46761693|3373, 46761693|4002, com.google.android.music, 
46763393|1, 46763393|1357, 46763453|1417, 46764227|1556, 46765231|1613, 46765231|1635, 46765271|1668, 46765271|1936, 46765437|1980, 46765437|2879, 46767806|2930, 46768065|2953, 46768065|2982, 46768185|3001, 46769070|3018, 46769070|3035, 46769188|3048, 46769188|3069, 46769228|3087, 46769314|3103, 46769314|3160, 46769440|3179, 46769440|4026, com.google.android.apps.docs, 
46769600|1, 46769600|2868, 46773114|2879, 46773114|3115, 46773514|3129, 46773514|3641, 46773574|3672, 46773574|3708, 46773904|3729, 46773904|3742, 46774315|3763, 46775548|3775, 46775548|3797, 46775793|3809, 46776383|3821, 46776533|3839, 46776573|3854, 46776725|3872, 46776725|4012, at.DiTronic.androidgroup.randomgallery, 
46777693|1, 46777693|1095, 46777753|1129, 46777793|1196, 46778006|1238, 46778226|1279, 46778977|1371, 46779491|1424, 46779491|1436, 46779591|1471, 46779825|1509, 46780322|1578, 46780482|1603, 46780482|1620, 46780934|1642, 46783051|1703, 46784742|1725, 46785074|1800, 46785114|1815, 46785696|1835, 46785696|1847, 46786431|1872, 46786471|1896, 46787264|1918, 46787304|1935, 46787470|1948, 46787470|1962, 46788300|1983, 46788340|2012, 46788340|2093, 46788380|2129, 46788380|2162, 46788420|2198, 46789876|2215, 46790036|2232, 46790036|2302, 46790581|2338, 46790581|2407, 46791431|2446, 46791431|2542, 46791511|2553, 46791511|2592, 46791551|2609, 46791551|2624, 46791591|2634, 46793897|2651, 46793897|2707, 46793977|2722, 46793977|2888, 46794097|2902, 46794097|2915, 46794137|2928, 46794177|2946, 46794177|2957, 46795059|2980, 46795059|3013, 46795099|3028, 46795099|3082, 46796565|3111, 46796565|3151, 46796605|3170, 46796605|3403, 46796685|3420, 46796685|3478, 46798136|3501, 46798136|3815, 46798176|3828, 46798216|3842, 46798216|3858, 46799657|3870, 46799657|4004, com.dropbox.android, 
46803505|1, 46803505|2939, 46803625|3095, 46805794|3294, 46806774|3352, 46807294|3415, 46807374|3494, 46807374|3514, 46807454|3545, 46807454|3556, 46807494|3574, 46807534|3592, 46807534|3652, 46807574|3673, 46807614|3686, 46807614|3717, 46807654|3742, 46807694|3753, 46807694|4025, air.com.hypah.io.slither, 
46812699|1, 46812699|831, 46813189|941, 46813189|1117, 46813649|1265, 46813649|1516, 46813689|1578, 46813769|1658, 46813769|2775, 46813829|2810, 46814645|2904, 46815290|2986, 46815410|3054, 46815410|3104, 46816015|3119, 46816015|3143, 46816135|3165, 46816135|4009, com.scb.breezebanking.hk, 
46816215|1, 46816215|1870, 46816335|1904, 46816335|1938, 46816889|1949, 46816889|1987, 46817009|2000, 46817129|2012, 46817274|2023, 46818446|2036, 46819065|2047, 46819341|2064, 46819341|2121, 46819421|2133, 46819421|2160, 46819701|2172, 46819827|2187, 46819827|3019, 46819993|3033, 46820053|4017, com.google.android.music, 
46821653|1, 46821653|2811, 46825168|2825, 46825168|3061, 46825568|3077, 46825568|3559, 46825628|3621, 46825688|3649, 46825958|3673, 46826249|3691, 46826369|3714, 46827204|3737, 46827204|3748, 46828547|3761, 46828547|3772, 46828779|3784, 46828779|3819, 46828819|3841, 46828819|4010, at.DiTronic.androidgroup.randomgallery, 
46830011|1, 46830011|973, 46830111|1059, 46830111|1159, 46830338|1191, 46830458|1230, 46830458|1688, 46831300|1870, 46831300|1977, 46831420|2008, 46831420|4007, com.android.vending, 
46831500|1, 46831500|1979, 46831560|2025, 46832100|2055, 46832100|2307, 46832180|2359, 46832180|4003, com.sometimeswefly.littlealchemy, 
46832260|1, 46832260|2881, 46833881|3076, 46833881|3226, 46834649|3307, 46834769|3324, 46834769|4004, air.com.hypah.io.slither, 
46838936|1, 46838936|1759, 46838996|1793, 46839056|1846, 46839116|1880, 46839116|1915, 46839375|1950, 46839635|1973, 46839635|2041, 46840090|2066, 46840250|2173, 46840416|2191, 46840476|2229, 46840802|2308, 46841756|2354, 46843081|2389, 46843081|2408, 46843348|2455, 46846715|2523, 46846755|2563, 46847147|2632, 46847505|2720, 46847705|2755, 46847705|2819, 46847911|2915, 46849588|2986, 46849628|3019, 46850226|3089, 46850864|3242, 46850864|3377, 46851459|3607, 46852097|3706, 46852097|3843, 46852695|3859, 46852695|4007, com.ebay.mobile, 
46857544|1, 46857544|984, 46857864|1120, 46858706|1282, 46858706|1361, 46858746|1389, 46858746|4001, org.catrobat.catroid, 
46859494|1, 46859494|1314, 46860395|1397, 46860715|1429, 46860995|1458, 46861886|1539, 46861966|1569, 46862163|1599, 46862383|1620, 46862443|1634, 46862443|1649, 46862677|1668, 46863031|1694, 46863071|1708, 46863231|1757, 46863231|2068, 46863895|2125, 46866989|2170, 46866989|2291, 46867155|2307, 46867155|2326, 46867361|2345, 46867567|2362, 46869508|2410, 46869674|2426, 46869714|2443, 46869834|2460, 46870627|2482, 46870627|2549, 46870667|2568, 46872083|2589, 46872083|2655, 46872123|2667, 46872123|2709, 46873013|2742, 46873053|2781, 46873053|2826, 46873678|2842, 46873678|2920, 46873798|2937, 46874018|2960, 46875471|2984, 46875511|2997, 46875511|3154, 46875671|3168, 46875671|3181, 46876264|3193, 46876264|3218, 46877146|3229, 46877146|3268, 46877226|3286, 46877226|3301, 46877266|3313, 46877266|3350, 46878732|3368, 46878732|3413, 46878772|3425, 46878772|3438, 46878812|3450, 46878812|3669, 46878852|3683, 46878852|3693, 46878932|3718, 46878932|3730, 46880383|3751, 46880383|4006, com.dropbox.android, 
46885672|1, 46885672|779, 46886834|1102, 46886874|1180, 46886874|4002, org.catrobat.catroid, 
46886954|1, 46886954|1335, 46887074|1428, 46887114|1526, 46887593|1580, 46887593|1625, 46888093|1675, 46888093|1721, 46888259|1801, 46888425|1828, 46889348|1899, 46890730|1960, 46890730|1993, 46890950|2045, 46891257|2095, 46891297|2151, 46891569|2201, 46891569|2246, 46891729|2312, 46891889|2363, 46892771|2451, 46899108|2996, 46899108|3142, 46899148|3276, 46899148|4003, com.ebay.mobile, 
46899588|1, 46899588|3036, 46903113|3048, 46903113|3260, 46903153|3278, 46903513|3303, 46903513|3701, 46903573|3745, 46903573|3772, 46903673|3812, 46903903|3830, 46903903|3842, 46904194|3853, 46904314|3867, 46904314|3878, 46905149|3898, 46905149|3910, 46905259|3922, 46905259|3933, 46906492|3948, 46906492|3959, 46906684|3973, 46906724|3988, 46906724|4002, at.DiTronic.androidgroup.randomgallery, 
46907616|1, 46907616|1141, 46907716|1612, 46907716|1879, 46907776|2166, 46908706|2280, 46909209|2365, 46909454|2406, 46910117|2455, 46910235|2498, 46910235|4004, com.android.chrome, 
46910715|1, 46910715|2864, 46912336|3087, 46912336|3220, 46913004|3248, 46913004|3270, 46913124|3295, 46913124|4004, air.com.hypah.io.slither, 
46914800|1, 46914800|202, 46914860|239, 46914860|248, 46915141|279, 46915141|321, 46915261|345, 46915261|391, 46918994|441, 46918994|571, 46919354|741, 46919354|1097, 46919454|1162, 46919794|1205, 46919794|1273, 46920516|1383, 46920516|1503, 46920556|1571, 46920556|4009, org.catrobat.catroid, 
46920636|1, 46920636|1101, 46920696|1156, 46920696|1195, 46920949|1207, 46921169|1271, 46921643|1321, 46923459|1396, 46923459|1407, 46923939|1429, 46924173|1475, 46924333|1568, 46924665|1617, 46925744|1651, 46928091|1715, 46928257|1741, 46928297|1789, 46929780|1837, 46929820|1864, 46930613|1898, 46930779|1938, 46931609|1977, 46931609|2693, 46931649|2706, 46931649|3001, 46931689|3014, 46931689|3084, 46932479|3107, 46932519|3125, 46932519|3150, 46932619|3173, 46932619|3190, 46932659|3207, 46933259|3223, 46934075|3234, 46934075|3323, 46934115|3341, 46934375|3374, 46934375|3397, 46934415|3409, 46935000|3453, 46935000|3525, 46935040|3542, 46935040|3552, 46935200|3565, 46935200|3575, 46936122|3601, 46937575|3614, 46937575|3724, 46937615|3736, 46938208|3757, 46938208|3808, 46938248|3819, 46938248|4006, com.dropbox.android, 
46942165|1, 46942165|2980, 46942225|2998, 46942225|3044, 46942265|3057, 46942523|3069, 46942523|3088, 46942723|3102, 46942848|3117, 46944094|3129, 46944094|3142, 46944204|3157, 46944204|3217, 46944244|3227, 46944244|3454, 46944324|3466, 46944402|3479, 46944402|4003, com.google.android.apps.photos, 
46944482|1, 46944482|780, 46944542|858, 46944972|1064, 46945392|1147, 46945432|1282, 46945432|1457, 46945472|1566, 46945552|1690, 46945552|2896, 46945612|2947, 46946428|3085, 46947033|3147, 46947153|3190, 46947153|3293, 46947758|3321, 46947758|3338, 46947878|3358, 46947878|4001, com.scb.breezebanking.hk, 
46947958|1, 46947958|1525, 46948386|1694, 46948386|2068, 46949729|2312, 46949729|2325, 46950084|2396, 46950767|2461, 46951659|2520, 46951809|2606, 46951809|4004, com.android.chrome, 
46952209|1, 46952209|1097, 46952269|1142, 46952269|1304, 46952309|1317, 46952528|1328, 46952528|1507, 46952728|1544, 46952728|1594, 46952894|1607, 46952894|1821, 46954296|1830, 46954296|2069, 46954336|2109, 46954336|2302, 46954436|2401, 46954731|2437, 46954891|2483, 46956097|2524, 46956137|2555, 46956137|2838, 46956177|2869, 46956177|4002, com.Slack, 
46957575|1, 46957575|4008, com.whatsapp, 
46957575|1, 46957575|4009, com.android.vending, 
46957575|1, 46957575|2748, 46957635|2772, 46957635|2834, 46957933|2850, 46957933|2869, 46957973|2880, 46958258|2892, 46958258|2902, 46958505|2914, 46958977|2925, 46959574|2936, 46959574|2996, 46959614|3009, 46959614|3261, 46959772|3274, 46959772|4009, com.google.android.apps.photos, 
46959852|1, 46959852|741, 46959972|784, 46959972|799, 46960226|818, 46960226|840, 46960466|861, 46960466|877, 46961030|906, 46961289|925, 46961289|940, 46961329|957, 46961329|1029, 46961569|1044, 46961569|1055, 46961609|1071, 46961609|1144, 46961775|1154, 46961775|1349, 46961815|1360, 46963266|1374, 46963266|1582, 46963306|1599, 46963306|1974, 46963366|2011, 46963366|2041, 46963621|2059, 46963621|2070, 46963821|2091, 46963821|2171, 46965027|2191, 46965067|2223, 46965067|2774, 46965107|2805, 46965107|4004, com.Slack, 
46965347|1, 46965347|958, 46965661|1064, 46966027|1136, 46966485|1155, 46966525|1178, 46966525|1265, 46966784|1277, 46966784|1419, 46967024|1432, 46967024|1451, 46967064|1464, 46967064|1477, 46967230|1487, 46967230|1630, 46968682|1647, 46968682|1861, 46968722|1876, 46968722|2237, 46968782|2272, 46968782|2301, 46969037|2321, 46969037|2335, 46969237|2364, 46970483|2436, 46970483|2642, 46970523|2685, 46970523|4002, com.Slack, 
46970763|1, 46970763|2437, 46972384|2787, 46972384|3144, 46972444|3180, 46972444|3215, 46972484|3226, 46972705|3248, 46972825|3260, 46972825|3400, 46972950|3420, 46977612|3480, 46977612|3563, 46977652|3594, 46977652|4020, air.com.hypah.io.slither, 
46977812|1, 46977812|393, 46977872|417, 46977872|523, 46978163|537, 46978203|565, 46978408|601, 46978986|631, 46978986|695, 46979096|714, 46979096|735, 46979156|760, 46979156|841, 46979308|898, 46979308|978, 46979348|1048, 46979589|1102, 46979589|1183, 46979709|1220, 46983400|1236, 46983400|1450, 46983440|1556, 46984487|1645, 46985358|1725, 46985618|1783, 46985855|1823, 46986035|1855, 46986155|1881, 46987023|1927, 46988459|2047, 46988791|2057, 46988791|2071, 46991301|2092, 46992260|2120, 46993048|2164, 46993657|2237, 46993657|2325, 46993823|2344, 46993823|2360, 46994733|2393, 46994813|2432, 46994853|2476, 46996309|2525, 46996309|2553, 46996349|2583, 46996894|2621, 46996974|2639, 46996974|2665, 46997764|2685, 46997764|2746, 46997824|2758, 46997824|2799, 46997904|2811, 46997904|2857, 46997984|2871, 46997984|2883, 46999437|2923, 47000150|2954, 47000410|2967, 47000410|3243, 47000610|3260, 47000610|3272, 47000690|3285, 47000690|3308, 47003038|3327, 47003038|3544, 47003078|3556, 47003078|3633, 47003158|3647, 47003238|3664, 47004689|3675, 47004689|4014, com.dropbox.android, 
47011545|1, 47011545|2815, 47013166|2984, 47013166|3109, 47013954|3156, 47013954|4015, air.com.hypah.io.slither, 
47018080|1, 47018080|1013, 47018140|1070, 47018140|1117, 47018654|1218, 47019218|1265, 47019258|1305, 47019258|1325, 47019517|1336, 47019517|1438, 47019677|1450, 47019757|1462, 47019757|1519, 47019923|1532, 47019923|1660, 47021390|1672, 47021390|1901, 47021430|1912, 47021430|2275, 47021490|2316, 47021985|2390, 47021985|2453, 47022151|2531, 47023191|2556, 47023231|2576, 47023231|3303, 47023271|3336, 47023271|4011, com.Slack, 
47023511|1, 47023511|1006, 47023631|1088, 47024421|1149, 47024735|1179, 47024735|1191, 47024955|1225, 47025475|1329, 47026179|1380, 47026802|1418, 47029577|1537, 47030751|1595, 47032206|1753, 47032206|1815, 47032492|1908, 47033325|1931, 47033325|1966, 47034281|1991, 47034401|2028, 47035817|2069, 47035817|2153, 47035897|2167, 47036482|2192, 47036482|2251, 47036562|2279, 47036562|2293, 47037412|2314, 47037412|2372, 47037452|2389, 47037452|2402, 47037492|2423, 47037492|2438, 47038100|2449, 47038945|2462, 47038945|2496, 47038985|2508, 47039245|2522, 47039838|2534, 47039838|2577, 47039918|2590, 47039918|2802, 47040118|2821, 47041080|2857, 47042546|2883, 47042546|3150, 47042586|3163, 47042586|4006, com.dropbox.android, 
47046438|1, 47046438|2919, 47049953|2935, 47049953|3079, 47050353|3095, 47050353|3670, 47050473|3719, 47050743|3739, 47050743|3757, 47051034|3770, 47051154|3793, 47051154|3804, 47051399|3816, 47053333|3843, 47053333|3860, 47053565|3874, 47053565|3886, 47053605|3912, 47053605|4010, at.DiTronic.androidgroup.randomgallery, 
47054573|1, 47054573|2957, 47054633|2979, 47054633|3036, 47054931|3065, 47055296|3185, 47056612|3252, 47056612|3322, 47056652|3351, 47056652|3564, 47056772|3586, 47056850|3606, 47056850|4002, com.google.android.apps.photos, 
47056930|1, 47056930|4004, com.whatsapp, 
47056930|1, 47056930|1102, 47056990|1178, 47057370|1263, 47057370|1297, 47058052|1341, 47058092|1390, 47058092|1456, 47058132|1495, 47058132|4015, org.catrobat.catroid, 
47058212|1, 47058212|2849, 47061727|2875, 47061727|3002, 47061967|3015, 47062167|3030, 47062167|3500, 47062227|3560, 47062287|3590, 47062557|3605, 47062848|3618, 47062848|3629, 47063008|3652, 47065037|3672, 47065037|3681, 47065147|3695, 47065221|3723, 47065379|3745, 47065379|4022, at.DiTronic.androidgroup.randomgallery, 
47066350|1, 47066350|4007, com.android.vending, 
47066430|1, 47066430|737, 47066490|796, 47066920|967, 47066920|1235, 47067380|1509, 47067380|2023, 47067540|2212, 47067540|3217, 47067600|3243, 47068456|3335, 47068456|3375, 47068496|3391, 47069101|3441, 47069221|3500, 47069221|3555, 47069826|3578, 47069946|3612, 47069946|4004, com.scb.breezebanking.hk, 
47070026|1, 47070026|815, 47070086|957, 47070146|1044, 47070186|1073, 47070659|1093, 47070659|1107, 47070899|1135, 47071065|1153, 47071463|1164, 47071463|1195, 47071503|1209, 47071703|1227, 47071703|1249, 47071869|1260, 47071869|1305, 47071909|1320, 47071909|1374, 47073183|1386, 47073183|1563, 47073223|1579, 47073223|2254, 47073283|2352, 47073323|2370, 47073538|2383, 47073538|2406, 47073738|2418, 47073738|2507, 47073904|2520, 47074944|2532, 47074944|2550, 47074984|2592, 47074984|3065, 47075024|3087, 47075024|4004, com.Slack, 
47075264|1, 47075264|3169, 47075384|3308, 47076885|3382, 47076945|3417, 47077653|3454, 47077833|3497, 47079193|3531, 47079233|3593, 47079233|3620, 47079313|3655, 47079393|3680, 47079393|3713, 47079433|3739, 47079433|3772, 47079513|3794, 47079553|3834, 47079593|3854, 47079593|4001, air.com.hypah.io.slither, 
47084639|1, 47084639|1656, 47084961|1756, 47085081|1805, 47085081|1879, 47086477|1951, 47086477|1968, 47086517|2013, 47086517|2345, 47086597|2394, 47086683|2435, 47086683|3674, 47088992|3724, 47088992|3748, 47089052|3759, 47089052|3795, 47089311|3810, 47089311|3834, 47089351|3846, 47089657|3857, 47090316|3869, 47090316|3881, 47090434|3894, 47090434|3918, 47090474|3930, 47090560|3943, 47090560|3954, 47090686|3976, 47090686|4002, com.google.android.apps.docs, 
47090846|1, 47090846|1204, 47090906|1317, 47091168|1391, 47092606|1540, 47092684|1627, 47092684|1883, 47092850|1925, 47092850|3077, 47092910|3123, 47095219|3189, 47095598|3251, 47096483|3268, 47096601|3294, 47096601|3321, 47096727|3333, 47096727|3384, 47096853|3397, 47096853|4014, com.google.android.apps.docs, 
47097013|1, 47097013|744, 47097073|798, 47097543|873, 47097543|1006, 47098003|1130, 47098003|1519, 47098123|1602, 47098123|2768, 47098183|2833, 47098457|2859, 47098457|2885, 47098999|2901, 47098999|2929, 47099039|2968, 47099644|3007, 47099764|3056, 47099764|3085, 47100369|3098, 47100369|3110, 47100489|3136, 47100489|4004, com.scb.breezebanking.hk, 
47100569|1, 47100569|1845, 47100689|1858, 47100689|1898, 47101243|1909, 47101243|1943, 47101483|1956, 47101483|1966, 47101628|1978, 47102032|1990, 47103419|2002, 47103419|2193, 47103499|2209, 47103655|2232, 47103655|2280, 47103695|2293, 47103735|2305, 47103775|2316, 47103775|2419, 47103855|2431, 47103941|2455, 47103941|3605, 47104107|3628, 47104107|4063, com.google.android.music, 
47106380|1, 47106380|954, 47106820|1165, 47107542|1211, 47107542|1329, 47107582|1394, 47107582|4012, org.catrobat.catroid, 
47107662|1, 47107662|713, 47107722|764, 47108784|888, 47108824|944, 47108824|1014, 47108864|1093, 47108864|4004, org.catrobat.catroid, 
47108984|1, 47108984|4006, com.android.vending, 
47108984|1, 47108984|847, 47109044|885, 47109424|968, 47110146|1066, 47110146|1248, 47110186|1332, 47110186|4005, org.catrobat.catroid, 
47110266|1, 47110266|794, 47110326|863, 47110596|905, 47110716|1081, 47110716|1192, 47111176|1257, 47111176|1616, 47111256|1629, 47111256|1640, 47111296|1674, 47111296|2421, 47111356|2435, 47111356|2465, 47111630|2485, 47112132|2504, 47112132|2549, 47112777|2571, 47112777|2598, 47112857|2618, 47112857|2766, 47113462|2793, 47113582|2852, 47113582|4007, com.scb.breezebanking.hk, 
47113662|1, 47113662|2885, 47113722|2907, 47113722|2957, 47113762|2969, 47114020|2995, 47114345|3039, 47115591|3058, 47115701|3072, 47115701|3132, 47115741|3145, 47115741|3453, 47115899|3465, 47115899|4008, com.google.android.apps.photos, 
47115979|1, 47115979|2251, 47116039|2268, 47116039|2309, 47116579|2331, 47116579|2563, 47116659|2582, 47116659|4009, com.sometimeswefly.littlealchemy, 
47116739|1, 47116739|1968, 47117197|2086, 47117197|2118, 47117322|2156, 47117362|2219, 47117955|2282, 47117955|2302, 47117995|2329, 47118055|2393, 47118595|2462, 47118595|2639, 47118675|2669, 47118675|4034, com.sometimeswefly.littlealchemy, 
47118755|1, 47118755|2812, 47118815|2835, 47118815|2890, 47119113|2913, 47119113|2939, 47119313|2951, 47119438|2978, 47120684|2989, 47120684|2998, 47120754|3015, 47120754|3068, 47120794|3086, 47120794|3357, 47120914|3371, 47120992|3387, 47120992|4002, com.google.android.apps.photos, 
47121072|1, 47121072|4002, com.whatsapp, 
47121072|1, 47121072|1362, 47121132|1401, 47121394|1435, 47121514|1509, 47122950|1665, 47122950|1849, 47123116|1894, 47123116|2966, 47123176|3031, 47123435|3091, 47123555|3135, 47124440|3164, 47124440|3174, 47126867|3192, 47126867|3223, 47126993|3242, 47126993|3516, 47127119|3527, 47127119|4009, com.google.android.apps.docs, 
47127279|1, 47127279|1452, 47127379|1598, 47127379|2191, 47127720|2432, 47128832|2559, 47129780|2660, 47129898|2736, 47129898|4009, com.android.chrome, 
47130298|1, 47130298|1197, 47130726|1388, 47130726|1828, 47130786|1941, 47131067|2001, 47131776|2060, 47132464|2161, 47133429|2240, 47134149|2339, 47134189|2365, 47134189|4009, com.android.chrome, 
47134429|1, 47134429|4011, com.whatsapp, 
