528703|1, 528703|1291, 528704|1371, 528705|1486, 528705|1598, 528707|1681, 528707|1880, 528711|1972, 528713|2032, 528713|2060, 528714|2083, 528714|2203, 528718|2287, 528718|2387, 528735|2557, 528735|2706, 528738|2952, 528738|3041, 528741|3256, 528748|3379, 528748|3532, 528750|3557, 528750|3722, 528760|3782, 528761|4021, com.ebay.mobile, 
528802|1, 528802|788, 528804|868, 528805|894, 528811|962, 528813|1040, 528814|1062, 528814|1125, 528817|1258, 528823|1506, 528823|1541, 528824|1612, 528824|2052, 528825|2064, 528825|2275, 528827|2288, 528827|2577, 528828|2597, 528829|2667, 528829|2872, 528831|2902, 528832|2940, 528832|3091, 528835|3136, 528835|3702, 528836|3713, 528836|4004, com.sololearn.cplusplus, 
528842|1, 528842|262, 528843|279, 528844|299, 528844|328, 528846|355, 528846|380, 528849|401, 528850|420, 528851|442, 528852|466, 528852|483, 528853|502, 528853|4005, com.ted.android.conference, 
528870|1, 528870|1282, 528871|1318, 528872|1380, 528872|1398, 528873|1423, 528873|1473, 528874|1487, 528878|1512, 528880|1536, 528886|1597, 528889|1635, 528895|1737, 528904|1783, 528909|1826, 528909|1878, 528910|1891, 528913|1909, 528913|1921, 528918|1938, 528920|1978, 528920|2008, 528921|2026, 528926|2055, 528930|2083, 528944|2264, 528944|2337, 528948|2381, 528951|2458, 528954|2700, 528954|2763, 528956|2845, 528957|2881, 528957|3132, 528960|3146, 528960|3331, 528963|3345, 528964|3356, 528965|3367, 528965|3644, 528966|3658, 528966|3888, 528968|3928, 528969|3944, 528969|4002, com.dropbox.android, 
529007|1, 529007|902, 529009|933, 529009|1086, 529010|1161, 529011|1207, 529015|1293, 529019|1351, 529037|1448, 529037|1490, 529054|1611, 529054|2132, 529058|2195, 529061|2213, 529064|2226, 529066|2262, 529068|2294, 529069|2306, 529070|2332, 529070|2383, 529077|2401, 529077|2411, 529078|2423, 529078|2468, 529081|2491, 529081|2537, 529086|2558, 529086|2682, 529088|2694, 529088|2711, 529092|2753, 529092|2768, 529094|2786, 529096|2806, 529100|2827, 529100|2864, 529101|2887, 529101|2997, 529105|3019, 529107|3045, 529107|3077, 529111|3102, 529113|3114, 529113|3159, 529114|3172, 529116|3183, 529116|3207, 529117|3222, 529117|3449, 529121|3464, 529121|3477, 529123|3504, 529123|3860, 529126|3877, 529127|3889, 529128|3902, 529128|4007, com.dropbox.android, 
529160|1, 529160|2370, 529161|2425, 529161|2702, 529162|2721, 529162|2936, 529164|2948, 529164|3141, 529165|3156, 529165|3343, 529167|3356, 529167|3540, 529168|3551, 529170|3565, 529170|3746, 529172|3758, 529172|3950, 529173|3977, 529173|4005, com.bankofamerica.cashpromobile, 
529184|1, 529184|1945, 529186|1963, 529187|1979, 529187|2049, 529189|2061, 529189|4002, com.android.chrome, 
529191|1, 529191|629, 529193|656, 529193|688, 529203|842, 529203|929, 529209|1141, 529209|1239, 529210|1271, 529210|1342, 529211|1460, 529211|1638, 529212|1689, 529213|1723, 529213|1986, 529214|1999, 529215|2025, 529215|2289, 529218|2314, 529218|2601, 529221|2648, 529221|3107, 529222|3126, 529222|4008, com.sololearn.cplusplus, 
529228|1, 529228|4008, com.google.android.gm, 
529228|1, 529228|2259, 529229|2289, 529229|2299, 529230|2309, 529230|2348, 529231|2358, 529232|2369, 529232|2389, 529235|2406, 529235|2511, 529238|2526, 529239|2560, 529239|2626, 529240|2644, 529241|2655, 529241|2690, 529244|2711, 529245|2725, 529245|2736, 529251|2753, 529251|2778, 529257|2800, 529263|2816, 529267|2843, 529267|2856, 529269|2873, 529269|2885, 529280|2918, 529280|3176, 529281|3217, 529281|3227, 529282|3238, 529282|3274, 529284|3285, 529284|3314, 529287|3326, 529287|3347, 529288|3357, 529288|3376, 529289|3391, 529301|3406, 529301|3600, 529303|3612, 529303|3681, 529306|3701, 529306|4147, com.google.android.music, 
529362|1, 529362|1873, 529363|1885, 529363|2062, 529365|2085, 529365|2276, 529366|2290, 529366|2476, 529368|2488, 529368|2687, 529373|2701, 529373|2884, 529374|2901, 529374|2916, 529375|2926, 529375|3096, 529378|3115, 529378|3906, 529379|3918, 529379|3948, 529381|3970, 529381|4024, com.bankofamerica.cashpromobile, 
529399|1, 529399|2395, 529401|2405, 529401|2426, 529404|2446, 529404|2458, 529407|2480, 529407|2489, 529408|2503, 529408|2814, 529410|2851, 529410|4001, com.google.android.keep, 
529412|1, 529412|4005, com.ted.android.conference, 
529412|1, 529412|1330, 529413|1356, 529414|1384, 529421|1480, 529422|1532, 529422|1640, 529423|1663, 529423|4006, org.catrobat.catroid, 
529425|1, 529425|1103, 529426|1155, 529427|1176, 529427|1220, 529428|1263, 529441|1348, 529454|1382, 529458|1410, 529458|1432, 529468|1465, 529473|1538, 529473|1552, 529478|1574, 529479|1618, 529482|1653, 529485|1692, 529487|1763, 529489|1833, 529490|1886, 529491|1959, 529500|2019, 529503|2053, 529504|2081, 529506|2104, 529506|2140, 529510|2157, 529510|2169, 529511|2179, 529512|2234, 529512|2346, 529514|2360, 529514|2372, 529516|2390, 529518|2405, 529519|2422, 529523|2440, 529525|2456, 529527|2473, 529527|2489, 529529|2536, 529529|2768, 529534|2793, 529537|2810, 529537|2825, 529539|2838, 529539|2965, 529543|2977, 529543|2988, 529544|3000, 529545|3016, 529545|3046, 529547|3059, 529547|3186, 529551|3210, 529551|3231, 529553|3247, 529553|3556, 529555|3569, 529555|3590, 529559|3603, 529559|4005, com.dropbox.android, 
529597|1, 529597|1066, 529601|1246, 529606|1425, 529606|2218, 529617|2375, 529625|2483, 529626|2568, 529626|2617, 529639|2701, 529645|2801, 529645|4006, com.android.chrome, 
529649|1, 529649|4011, at.DiTronic.androidgroup.randomgallery, 
529688|1, 529688|846, 529692|1002, 529699|1123, 529699|1434, 529701|1461, 529702|1490, 529702|3138, 529703|3175, 529709|3245, 529710|3353, 529711|3382, 529714|3442, 529714|3504, 529715|3517, 529715|3564, 529718|3594, 529718|4004, com.scb.breezebanking.hk, 
529720|1, 529720|1194, 529723|1478, 529731|1650, 529731|2474, 529733|2510, 529733|2531, 529737|2566, 529745|2600, 529748|2668, 529748|2837, 529752|2959, 529755|3033, 529755|3800, 529756|3827, 529756|3857, 529757|3882, 529757|4008, com.android.chrome, 
529777|1, 529777|1062, 529778|1214, 529779|1284, 529779|1307, 529780|1384, 529780|2178, 529782|2192, 529782|2222, 529785|2240, 529785|2251, 529788|2262, 529788|2284, 529789|2294, 529789|2489, 529791|2508, 529791|4007, com.google.android.keep, 
529796|1, 529796|3160, 529797|3171, 529797|3184, 529798|3199, 529798|3242, 529799|3260, 529800|3278, 529800|3309, 529805|3326, 529805|3381, 529806|3412, 529806|3451, 529811|3480, 529814|3502, 529814|3595, 529815|3609, 529816|3623, 529816|3648, 529817|3659, 529817|4007, com.google.android.apps.photos, 
529831|1, 529831|1798, 529833|1877, 529835|1947, 529841|2081, 529846|2182, 529846|2221, 529851|2257, 529851|2438, 529852|2479, 529855|2574, 529857|2769, 529857|3545, 529858|3583, 529858|3625, 529862|3655, 529862|4016, com.sometimeswefly.littlealchemy, 
529866|1, 529866|2218, 529868|2250, 529868|2535, 529870|2567, 529870|3901, 529871|3921, 529871|4017, com.sometimeswefly.littlealchemy, 
529875|1, 529875|1931, 529879|2017, 529883|2063, 529883|2094, 529889|2105, 529889|2116, 529891|2135, 529899|2151, 529902|2162, 529905|2172, 529905|2182, 529906|2193, 529907|2204, 529907|2253, 529918|2280, 529918|3148, 529921|3181, 529921|4004, com.google.android.music, 
529937|1, 529937|1789, 529938|1806, 529938|1838, 529940|1851, 529940|1871, 529942|1881, 529944|1896, 529944|1910, 529947|1931, 529947|2292, 529948|2303, 529949|2319, 529949|4003, com.google.android.keep, 
529951|1, 529951|1739, 529952|1774, 529952|1956, 529954|1971, 529954|2099, 529956|2110, 529956|2237, 529958|2247, 529958|2412, 529961|2432, 529961|2614, 529963|2627, 529963|2808, 529964|2823, 529964|2845, 529965|2858, 529965|3014, 529967|3029, 529968|3040, 529968|3776, 529969|3812, 529971|3888, 529975|4059, com.bankofamerica.cashpromobile, 
529996|1, 529996|3027, 529997|3041, 529997|4006, com.ted.android.conference, 
529998|1, 529998|739, 529999|879, 530001|955, 530001|1003, 530005|1083, 530007|1115, 530014|1151, 530016|1204, 530017|1217, 530017|1348, 530018|1360, 530018|1932, 530021|1945, 530021|2070, 530024|2135, 530024|2268, 530026|2379, 530026|2470, 530031|2492, 530031|2503, 530032|2539, 530032|2680, 530034|2693, 530034|2882, 530035|2903, 530035|2948, 530036|2985, 530037|3002, 530037|3081, 530040|3167, 530040|3264, 530045|3277, 530045|3297, 530047|3326, 530047|3352, 530048|3372, 530048|3441, 530050|3473, 530050|3523, 530051|3567, 530052|3594, 530052|4003, com.mxtech.videoplayer.ad, 
530066|1, 530066|634, 530067|685, 530070|697, 530073|734, 530073|871, 530078|1008, 530079|1067, 530085|1099, 530085|1223, 530086|1316, 530086|1471, 530087|1495, 530087|1690, 530089|1703, 530089|1999, 530090|2011, 530090|2022, 530091|2046, 530091|2303, 530093|2344, 530094|2383, 530094|2601, 530097|2622, 530097|3228, 530098|3240, 530098|4008, com.sololearn.cplusplus, 
530106|1, 530106|4007, com.ted.android.conference, 
530106|1, 530106|1293, 530107|1352, 530107|1417, 530108|1447, 530108|1487, 530110|1516, 530110|1539, 530112|1589, 530112|1606, 530117|1647, 530122|1699, 530122|1786, 530124|1849, 530124|1873, 530126|1906, 530129|1961, 530129|1989, 530132|2035, 530136|2076, 530139|2147, 530139|2170, 530143|2205, 530143|2234, 530145|2290, 530146|2319, 530146|2373, 530147|2398, 530147|2426, 530149|2462, 530149|2502, 530152|2560, 530157|2621, 530158|2679, 530158|2693, 530160|2758, 530165|2967, 530165|3007, 530168|3055, 530171|3132, 530179|3180, 530181|3202, 530182|3238, 530182|3399, 530184|3435, 530184|3479, 530195|3498, 530195|3562, 530196|3582, 530196|4019, com.ebay.mobile, 
530206|1, 530206|1717, 530208|1728, 530208|1751, 530211|1768, 530211|1785, 530214|1804, 530214|1814, 530215|1824, 530215|2147, 530218|2161, 530218|4001, com.google.android.keep, 
530220|1, 530220|1044, 530227|1338, 530227|1962, 530228|2055, 530230|2090, 530239|2160, 530245|2273, 530245|2302, 530248|2368, 530249|2409, 530251|2443, 530251|4002, com.android.chrome, 
530253|1, 530253|4009, at.DiTronic.androidgroup.randomgallery, 
530293|1, 530293|542, 530295|612, 530300|664, 530302|770, 530305|902, 530306|945, 530312|1005, 530312|1163, 530314|1254, 530314|1462, 530316|1496, 530316|1773, 530317|1792, 530318|1808, 530318|2081, 530321|2098, 530321|2280, 530323|2307, 530324|2331, 530324|2910, 530325|2924, 530325|4014, com.sololearn.cplusplus, 
530331|1, 530331|850, 530332|899, 530332|924, 530334|952, 530334|970, 530337|989, 530339|1008, 530339|1026, 530340|1039, 530340|1068, 530341|1078, 530341|1156, 530342|1174, 530342|1216, 530343|1236, 530343|4010, com.ted.android.conference, 
530343|1, 530343|798, 530345|817, 530345|844, 530352|895, 530353|913, 530353|982, 530357|1006, 530357|1029, 530358|1061, 530358|1812, 530361|1848, 530361|2050, 530362|2083, 530362|3226, 530363|3263, 530363|3301, 530365|3317, 530365|3336, 530370|3357, 530371|3381, 530371|3467, 530372|3483, 530372|3500, 530374|3518, 530382|3558, 530389|3587, 530389|3606, 530390|3618, 530393|3630, 530393|3655, 530398|3666, 530399|3680, 530399|3702, 530403|3718, 530403|3748, 530405|3771, 530405|3782, 530406|3798, 530407|3814, 530407|3846, 530408|3858, 530409|3876, 530409|3897, 530410|3911, 530410|4015, com.mxtech.videoplayer.ad, 
530425|1, 530425|634, 530426|701, 530426|746, 530433|925, 530436|1003, 530436|1032, 530438|1113, 530439|1141, 530439|1403, 530446|1420, 530446|2002, 530447|2014, 530447|2042, 530448|2055, 530448|2599, 530449|2625, 530450|2728, 530450|2926, 530451|2939, 530451|2955, 530452|2973, 530452|3164, 530453|3178, 530455|3194, 530455|3421, 530458|3432, 530458|4005, com.sololearn.cplusplus, 
530465|1, 530465|3516, 530466|3604, 530469|3688, 530472|3790, 530472|3811, 530473|3836, 530476|3969, 530476|4027, air.com.hypah.io.slither, 
530493|1, 530493|2887, 530496|2912, 530496|3122, 530506|3140, 530506|3532, 530508|3544, 530508|3577, 530516|3604, 530519|3616, 530519|3641, 530522|3655, 530522|3813, 530523|3848, 530525|3864, 530530|3906, 530531|3941, 530535|3961, 530536|3975, 530536|3987, 530537|3998, 530537|4013, at.DiTronic.androidgroup.randomgallery, 
530549|1, 530549|735, 530551|902, 530556|1008, 530556|1069, 530559|1248, 530559|1647, 530561|1737, 530562|1845, 530562|3228, 530569|3335, 530571|3436, 530571|3486, 530574|3519, 530574|3593, 530575|3634, 530578|3663, 530578|4015, com.scb.breezebanking.hk, 
530582|1, 530582|4009, com.ted.android.conference, 
530582|1, 530582|2187, 530583|2206, 530583|4009, com.ted.android.conference, 
530584|1, 530584|4004, com.android.vending, 
530628|1, 530628|1048, 530633|1109, 530633|1188, 530642|1281, 530642|2798, 530643|2810, 530643|4001, com.whatsapp, 
530654|1, 530654|1813, 530655|1853, 530655|2026, 530657|2037, 530657|2160, 530659|2183, 530659|2366, 530661|2379, 530661|2566, 530664|2578, 530664|2762, 530665|2781, 530666|2792, 530666|2989, 530667|3010, 530667|3033, 530668|3051, 530668|3186, 530671|3202, 530671|3917, 530672|3934, 530672|3951, 530674|3990, 530674|4016, com.bankofamerica.cashpromobile, 
530705|1, 530705|2068, 530707|2080, 530707|2278, 530708|2290, 530708|2487, 530710|2500, 530710|2689, 530715|2700, 530715|2895, 530716|2916, 530716|2928, 530717|2938, 530717|3102, 530720|3127, 530720|3722, 530722|3763, 530722|3921, 530726|3976, 530726|4028, com.bankofamerica.cashpromobile, 
530744|1, 530744|729, 530745|794, 530745|3678, 530750|3690, 530750|4003, com.whatsapp, 
530756|1, 530756|2255, 530758|2287, 530758|2604, 530760|2639, 530760|4022, com.sometimeswefly.littlealchemy, 
530762|1, 530762|4002, com.google.android.gm, 
530762|1, 530762|1046, 530764|1170, 530764|1234, 530767|1272, 530771|1308, 530771|1324, 530774|1348, 530774|1464, 530779|1510, 530781|1532, 530781|1634, 530784|1661, 530784|1948, 530789|1969, 530789|2272, 530793|2430, 530804|2593, 530817|2699, 530817|2827, 530820|2891, 530822|2921, 530825|2956, 530825|2967, 530827|3026, 530833|3078, 530835|3125, 530839|3179, 530849|3227, 530855|3291, 530855|3940, 530856|3981, 530857|4027, com.android.vending, 
530906|1, 530906|91, 530907|105, 530907|1933, 530908|1946, 530908|1957, 530909|1974, 530909|1983, 530911|1994, 530912|2006, 530912|2119, 530915|2135, 530915|2246, 530917|2305, 530922|2327, 530927|2398, 530942|2502, 530967|2534, 530967|2800, 530969|2814, 530969|3045, 530971|3056, 530971|3081, 530982|3093, 530982|3122, 530987|3135, 530987|3171, 530989|3185, 530989|4009, com.google.android.keep, 
531000|1, 531000|1725, 531010|1818, 531010|1840, 531011|1860, 531019|1883, 531024|1899, 531024|1913, 531025|1925, 531026|1936, 531026|2016, 531036|2028, 531037|2040, 531037|2913, 531040|2947, 531041|4043, com.google.android.music, 
531070|1, 531070|812, 531074|904, 531079|959, 531083|1014, 531086|1083, 531086|1187, 531087|1200, 531087|1803, 531090|1828, 531090|1956, 531092|2118, 531092|2214, 531094|2279, 531094|2475, 531100|2487, 531100|2499, 531101|2512, 531101|2672, 531102|2685, 531103|2697, 531103|2885, 531104|2897, 531104|3020, 531106|3085, 531108|3122, 531113|3139, 531113|3199, 531114|3222, 531114|3233, 531116|3251, 531117|3274, 531117|3285, 531122|3303, 531122|3346, 531123|3390, 531125|3418, 531125|3439, 531130|3462, 531130|3474, 531131|3487, 531131|3508, 531134|3522, 531134|3536, 531135|3549, 531136|3568, 531136|3593, 531137|3603, 531138|3616, 531138|3728, 531139|3742, 531140|3757, 531140|3859, 531141|3878, 531141|4010, com.mxtech.videoplayer.ad, 
531157|1, 531157|766, 531164|927, 531167|990, 531167|1328, 531168|1453, 531172|1526, 531172|2627, 531173|2700, 531175|2770, 531180|2791, 531181|2823, 531182|2871, 531185|2898, 531185|2990, 531186|3009, 531186|3044, 531189|3071, 531189|4009, com.scb.breezebanking.hk, 
531191|1, 531191|793, 531192|835, 531196|876, 531199|919, 531202|973, 531206|1016, 531206|1107, 531207|1124, 531207|1726, 531210|1772, 531210|1893, 531213|1947, 531213|2148, 531215|2192, 531215|2378, 531220|2393, 531220|2429, 531221|2445, 531221|2574, 531223|2589, 531223|2809, 531224|2839, 531224|2927, 531225|3002, 531227|3062, 531232|3087, 531232|3196, 531234|3245, 531236|3274, 531236|3333, 531242|3368, 531247|3385, 531247|3399, 531248|3412, 531248|3425, 531250|3440, 531250|3465, 531251|3486, 531251|3526, 531254|3547, 531254|3570, 531255|3582, 531255|3594, 531257|3610, 531257|3635, 531258|3646, 531259|3658, 531259|3679, 531260|3692, 531260|4006, com.mxtech.videoplayer.ad, 
531272|1, 531272|2231, 531274|2346, 531274|2570, 531276|2584, 531276|4001, com.sometimeswefly.littlealchemy, 
531278|1, 531278|1298, 531280|1310, 531280|1500, 531285|1515, 531285|1578, 531286|1596, 531286|1731, 531288|1743, 531288|1862, 531289|1879, 531289|2444, 531290|2514, 531292|2547, 531292|2569, 531297|2638, 531299|2684, 531300|2721, 531300|2918, 531301|2952, 531301|4010, com.Slack, 
531309|1, 531309|1291, 531311|1410, 531311|1512, 531315|1560, 531315|1598, 531322|1760, 531325|1884, 531325|1992, 531328|2043, 531330|2063, 531332|2087, 531333|2118, 531333|2165, 531337|2228, 531344|2379, 531348|2585, 531352|2658, 531352|2857, 531358|2892, 531358|3034, 531360|3170, 531360|4017, com.ebay.mobile, 
531380|1, 531380|1369, 531384|1449, 531384|1487, 531386|1535, 531395|1616, 531395|1689, 531401|1838, 531404|1877, 531405|1922, 531407|1988, 531409|2037, 531415|2062, 531419|2152, 531422|2235, 531426|2288, 531426|2345, 531430|2486, 531434|2621, 531434|2836, 531435|2879, 531435|4025, com.ebay.mobile, 
531447|1, 531447|4011, com.android.vending, 
531447|1, 531447|4006, com.android.vending, 
531447|1, 531447|803, 531450|904, 531454|939, 531454|954, 531459|971, 531459|1003, 531461|1021, 531461|1039, 531471|1073, 531471|1087, 531472|1097, 531472|1168, 531477|1180, 531480|1203, 531480|1237, 531481|1262, 531481|1311, 531483|1327, 531483|1478, 531484|1491, 531484|2114, 531486|2164, 531486|2176, 531491|2203, 531491|2298, 531493|2309, 531493|2323, 531494|2337, 531494|2615, 531495|2632, 531495|4006, com.Slack, 
531503|1, 531503|705, 531506|771, 531509|852, 531514|929, 531517|1013, 531521|1033, 531521|1085, 531522|1097, 531522|1685, 531525|1734, 531525|1834, 531526|1919, 531526|2124, 531527|2167, 531529|2186, 531533|2237, 531534|2247, 531534|2269, 531536|2282, 531536|2306, 531539|2319, 531539|2439, 531545|2462, 531545|2484, 531546|2496, 531546|2617, 531548|2632, 531548|2799, 531550|2838, 531550|2875, 531552|2918, 531556|2933, 531557|2962, 531557|2975, 531559|2986, 531559|3044, 531561|3061, 531561|3085, 531565|3105, 531565|3115, 531567|3128, 531567|3159, 531568|3174, 531568|3204, 531571|3215, 531571|3247, 531572|3261, 531574|3279, 531574|3304, 531575|3322, 531575|4002, com.mxtech.videoplayer.ad, 
531589|1, 531589|4014, com.ted.android.conference, 
531589|1, 531589|1730, 531591|1810, 531593|1860, 531596|1955, 531602|2121, 531603|2159, 531603|2176, 531604|2219, 531604|2714, 531605|2728, 531605|2761, 531608|2797, 531608|3316, 531612|3409, 531614|3507, 531617|3568, 531638|3681, 531644|3731, 531644|4075, com.google.android.apps.docs, 
531648|1, 531648|4010, com.ted.android.conference, 
531651|1, 531651|669, 531659|821, 531660|881, 531660|954, 531662|977, 531663|1024, 531663|1240, 531669|1266, 531669|1444, 531670|1492, 531670|1564, 531671|1592, 531671|1869, 531673|1882, 531673|2471, 531674|2503, 531674|2550, 531675|2589, 531675|2621, 531676|2680, 531676|2717, 531677|2752, 531680|2787, 531680|2840, 531681|2887, 531681|2954, 531684|2989, 531707|3019, 531720|3051, 531720|3399, 531729|3410, 531729|3493, 531730|3505, 531730|3516, 531733|3528, 531733|4006, com.sololearn.cplusplus, 
531741|1, 531741|1254, 531742|1281, 531742|1323, 531743|1357, 531743|4010, com.google.android.gm, 
531743|1, 531743|3178, 531744|3208, 531745|3235, 531745|3274, 531747|3305, 531753|3344, 531755|3376, 531759|3409, 531760|3436, 531760|3494, 531761|3526, 531761|3816, 531764|3843, 531764|3979, 531765|3994, 531765|4006, com.google.android.apps.photos, 
531767|1, 531767|4004, com.google.android.gm, 
531767|1, 531767|1750, 531769|1778, 531771|1792, 531771|1826, 531773|1840, 531773|1852, 531775|1871, 531775|1881, 531778|1897, 531781|1912, 531782|1932, 531791|1953, 531797|1976, 531797|1995, 531799|2014, 531799|2035, 531801|2049, 531809|2079, 531810|2121, 531810|3048, 531813|3076, 531813|3864, 531814|3950, 531816|4005, com.google.android.music, 
531843|1, 531843|3025, 531845|3037, 531845|3079, 531851|3092, 531851|3115, 531858|3130, 531860|3141, 531860|3154, 531861|3167, 531861|3421, 531864|3436, 531864|4002, com.google.android.apps.photos, 
531866|1, 531866|763, 531867|875, 531875|932, 531877|976, 531878|992, 531878|1043, 531880|1056, 531880|1132, 531881|1157, 531886|1171, 531886|1189, 531887|1200, 531887|1334, 531888|1348, 531889|1359, 531889|1540, 531890|1551, 531890|4012, com.Slack, 
531896|1, 531896|1321, 531897|1440, 531900|1536, 531902|1603, 531902|1707, 531913|1933, 531918|2072, 531918|2128, 531924|2200, 531924|2289, 531930|2356, 531932|2386, 531938|2525, 531940|2589, 531943|2678, 531947|2790, 531947|2950, 531950|2998, 531950|3190, 531951|3278, 531951|4023, com.ebay.mobile, 
531978|1, 531978|4003, com.google.android.gm, 
531978|1, 531978|3352, 531980|3482, 531995|3817, 531999|3864, 532001|3888, 532001|3951, 532003|3988, 532004|4006, air.com.hypah.io.slither, 
532064|1, 532064|1208, 532065|1233, 532065|4009, com.google.android.gm, 
532065|1, 532065|4002, com.google.android.gm, 
532065|1, 532065|1229, 532069|1338, 532074|1432, 532075|1471, 532075|1589, 532076|1609, 532076|4003, org.catrobat.catroid, 
532078|1, 532078|823, 532079|910, 532080|969, 532082|1072, 532087|1132, 532090|1178, 532094|1226, 532094|1312, 532095|1324, 532095|1981, 532098|2007, 532098|2219, 532099|2266, 532099|2316, 532100|2428, 532100|2530, 532102|2552, 532102|2728, 532107|2762, 532107|2807, 532108|2830, 532108|2944, 532110|2958, 532110|3147, 532111|3158, 532111|3257, 532113|3341, 532114|3371, 532114|3383, 532118|3418, 532118|3432, 532119|3451, 532119|3463, 532122|3495, 532126|3524, 532126|3544, 532127|3556, 532127|3619, 532129|3630, 532130|3643, 532136|3660, 532136|3683, 532138|3705, 532138|3718, 532140|3730, 532140|3763, 532141|3775, 532141|3804, 532143|3816, 532143|3837, 532144|3850, 532144|3878, 532145|3894, 532147|3915, 532147|3949, 532148|3966, 532148|3981, 532150|3998, 532150|4012, com.mxtech.videoplayer.ad, 
532163|1, 532163|2976, 532166|2993, 532166|3198, 532169|3209, 532176|3246, 532176|4003, at.DiTronic.androidgroup.randomgallery, 
532207|1, 532207|1872, 532211|1902, 532211|1915, 532217|1946, 532217|1967, 532227|1986, 532227|1998, 532229|2011, 532231|2022, 532233|2036, 532234|2046, 532235|2056, 532235|2079, 532236|2090, 532246|2111, 532246|3014, 532249|3035, 532249|4034, com.google.android.music, 
532278|1, 532278|2006, 532279|2023, 532281|2042, 532281|2060, 532284|2079, 532284|2101, 532287|2116, 532287|2126, 532288|2138, 532288|2339, 532290|2370, 532290|4011, com.google.android.keep, 
532292|1, 532292|1205, 532293|1379, 532297|1426, 532297|1528, 532305|1612, 532305|1992, 532309|2064, 532309|3400, 532311|3412, 532311|3462, 532313|3474, 532313|3508, 532316|3521, 532321|3535, 532321|3546, 532324|3557, 532324|3581, 532325|3591, 532328|3602, 532328|3626, 532331|3639, 532331|4012, com.google.android.apps.docs, 
532339|1, 532339|1948, 532343|1960, 532343|2001, 532349|2012, 532349|2046, 532359|2059, 532359|2072, 532365|2086, 532365|2107, 532367|2119, 532367|2165, 532377|2177, 532378|2188, 532378|2983, 532381|2996, 532381|4012, com.google.android.music, 
532411|1, 532411|757, 532415|839, 532418|937, 532420|956, 532421|972, 532421|994, 532423|1038, 532423|1060, 532424|1144, 532430|1236, 532430|1396, 532431|1490, 532431|1611, 532432|1640, 532432|1820, 532433|1835, 532434|1861, 532434|2135, 532435|2151, 532436|2171, 532436|2439, 532439|2462, 532439|2617, 532442|2649, 532442|3157, 532443|3171, 532443|4007, com.sololearn.cplusplus, 
532449|1, 532449|2665, 532451|2678, 532451|2711, 532457|2730, 532457|2757, 532464|2770, 532464|2879, 532465|2896, 532465|3140, 532468|3194, 532468|4004, com.google.android.apps.photos, 
532470|1, 532470|1789, 532471|1801, 532471|1831, 532472|1845, 532472|1989, 532474|2002, 532474|2115, 532476|2155, 532476|2323, 532478|2336, 532478|2534, 532481|2545, 532481|2730, 532482|2741, 532483|2754, 532483|2938, 532484|2950, 532484|2971, 532485|2982, 532485|3142, 532488|3156, 532488|3859, 532489|3904, 532489|3930, 532490|3952, 532492|4017, com.bankofamerica.cashpromobile, 
532513|1, 532513|801, 532515|882, 532520|972, 532525|1033, 532525|1083, 532528|1101, 532528|1152, 532529|1171, 532529|1823, 532532|1836, 532532|1950, 532534|2023, 532534|2169, 532535|2193, 532535|2218, 532536|2253, 532536|2378, 532541|2391, 532541|2437, 532542|2452, 532542|2588, 532544|2603, 532544|2794, 532545|2806, 532545|2909, 532546|2995, 532548|3059, 532553|3100, 532553|3216, 532555|3243, 532557|3276, 532557|3291, 532561|3310, 532562|3323, 532562|3346, 532565|3385, 532565|3411, 532570|3422, 532570|3450, 532571|3468, 532571|3478, 532573|3490, 532573|3502, 532574|3526, 532576|3538, 532576|3568, 532578|3583, 532578|3616, 532579|3628, 532580|3640, 532580|3664, 532581|3684, 532581|4010, com.mxtech.videoplayer.ad, 
532597|1, 532597|749, 532599|779, 532604|852, 532607|954, 532610|970, 532610|1036, 532611|1059, 532611|1616, 532614|1669, 532614|1771, 532615|1832, 532615|2306, 532617|2323, 532617|2516, 532624|2539, 532624|2560, 532625|2571, 532625|2695, 532626|2744, 532630|2813, 532634|2841, 532634|2887, 532636|2905, 532636|2922, 532637|2933, 532639|2973, 532639|3000, 532643|3037, 532644|3060, 532644|3078, 532646|3094, 532646|3129, 532650|3143, 532651|3155, 532651|3167, 532653|3184, 532653|3197, 532654|3210, 532655|3232, 532656|3246, 532656|3273, 532657|3290, 532658|3306, 532658|3334, 532659|3349, 532660|3366, 532660|3390, 532661|3403, 532661|4014, com.mxtech.videoplayer.ad, 
532675|1, 532675|1307, 532677|1405, 532677|1500, 532679|1523, 532683|1547, 532685|1626, 532691|1687, 532702|1734, 532711|1815, 532728|1950, 532731|2018, 532734|2052, 532734|2142, 532735|2181, 532741|2217, 532742|2242, 532744|2273, 532748|2299, 532750|2344, 532753|2397, 532753|2497, 532756|2516, 532757|2533, 532760|2572, 532760|2588, 532762|2601, 532762|2626, 532765|2642, 532765|2676, 532768|2724, 532768|2794, 532770|2806, 532770|2846, 532771|2861, 532771|2874, 532772|2902, 532773|2916, 532775|2947, 532775|2962, 532777|2980, 532777|2989, 532779|3004, 532779|3027, 532781|3046, 532781|3057, 532782|3071, 532782|3103, 532786|3122, 532786|3328, 532793|3360, 532793|3401, 532795|3413, 532797|3431, 532797|3641, 532798|3654, 532798|3719, 532801|3734, 532801|3749, 532803|3760, 532803|4008, com.dropbox.android, 
532832|1, 532832|1152, 532835|1382, 532835|1436, 532839|1475, 532839|1550, 532850|1664, 532851|1729, 532852|1775, 532852|1807, 532855|1848, 532855|1924, 532856|1950, 532857|1974, 532861|1990, 532861|2015, 532863|2046, 532866|2133, 532870|2219, 532875|2293, 532875|2334, 532882|2390, 532882|2440, 532885|2491, 532891|2566, 532895|2610, 532899|2756, 532899|2800, 532900|2831, 532900|2971, 532904|3036, 532904|3197, 532905|3260, 532905|3710, 532906|3721, 532906|4004, com.ebay.mobile, 
532922|1, 532922|1622, 532924|1632, 532924|1660, 532927|1678, 532927|1704, 532930|1720, 532930|1734, 532931|1744, 532931|2025, 532933|2037, 532933|4012, com.google.android.keep, 
532935|1, 532935|1230, 532937|1328, 532937|1458, 532944|1517, 532944|1573, 532949|1716, 532949|1773, 532952|1845, 532962|2020, 532967|2154, 532967|2233, 532971|2264, 532977|2448, 532983|2590, 532983|2756, 532985|2787, 532985|4003, com.ebay.mobile, 
532997|1, 532997|2708, 533005|2921, 533005|3098, 533006|3130, 533009|3180, 533009|3829, 533010|3852, 533010|4020, air.com.hypah.io.slither, 
533026|1, 533026|2071, 533028|2092, 533028|2127, 533032|2139, 533032|2161, 533034|2173, 533038|2186, 533042|2198, 533047|2211, 533054|2236, 533054|2256, 533056|2270, 533056|2318, 533067|2335, 533067|3365, 533070|3380, 533070|4005, com.google.android.music, 
533111|1, 533111|4001, com.android.vending, 
533113|1, 533113|758, 533121|901, 533121|1066, 533122|1196, 533124|1300, 533124|2513, 533127|2597, 533127|3270, 533128|3337, 533135|3391, 533136|3414, 533136|3479, 533137|3511, 533140|3565, 533140|3641, 533141|3660, 533141|3695, 533144|3718, 533144|4018, com.scb.breezebanking.hk, 
533146|1, 533146|2278, 533148|2341, 533150|2388, 533150|2592, 533152|2666, 533152|3042, 533154|3091, 533154|3135, 533158|3163, 533158|3182, 533160|3214, 533160|4012, com.sometimeswefly.littlealchemy, 
533166|1, 533166|712, 533167|792, 533172|863, 533177|931, 533178|945, 533178|976, 533183|1008, 533183|1076, 533184|1096, 533184|1621, 533187|1674, 533187|1844, 533188|1925, 533188|2241, 533189|2262, 533190|2283, 533190|2420, 533192|2433, 533192|2631, 533198|2645, 533198|2667, 533199|2679, 533199|2781, 533200|2810, 533202|2848, 533204|2897, 533205|2912, 533205|2924, 533210|2940, 533210|3003, 533211|3020, 533213|3043, 533214|3066, 533215|3080, 533215|3093, 533219|3115, 533219|3178, 533221|3213, 533221|3232, 533223|3280, 533229|3298, 533230|3312, 533230|3331, 533233|3349, 533233|3369, 533234|3394, 533235|3421, 533235|3431, 533236|3448, 533238|3476, 533238|3491, 533239|3502, 533239|3514, 533240|3527, 533240|3544, 533241|3578, 533241|4010, com.mxtech.videoplayer.ad, 
533257|1, 533257|1361, 533258|1505, 533264|1652, 533273|1782, 533273|2193, 533276|2234, 533276|2726, 533278|2798, 533282|2868, 533286|2938, 533291|2969, 533291|2993, 533297|3190, 533297|4004, com.google.android.apps.docs, 
533301|1, 533301|610, 533302|640, 533302|678, 533307|739, 533307|860, 533311|912, 533312|944, 533312|982, 533320|1124, 533320|1234, 533321|1300, 533321|1455, 533322|1521, 533322|1788, 533324|1801, 533324|2099, 533325|2112, 533326|2135, 533326|2394, 533329|2412, 533329|2610, 533332|2633, 533332|3122, 533333|3141, 533333|4007, com.sololearn.cplusplus, 
533339|1, 533339|1928, 533340|1942, 533340|2094, 533342|2108, 533342|2523, 533344|2535, 533344|2828, 533346|2842, 533346|3138, 533352|3154, 533352|3449, 533353|3500, 533353|3562, 533354|3602, 533354|3770, 533357|3790, 533357|4014, com.bankofamerica.cashpromobile, 
533383|1, 533383|1114, 533387|1209, 533393|1347, 533393|1435, 533394|1506, 533394|4010, org.catrobat.catroid, 
533396|1, 533396|1244, 533398|1344, 533399|1370, 533399|4001, com.whatsapp, 
533399|1, 533399|719, 533400|750, 533401|845, 533401|1043, 533402|1094, 533403|1109, 533403|1261, 533404|1271, 533408|1286, 533409|1306, 533409|1471, 533411|1483, 533411|1677, 533412|1691, 533413|1720, 533413|1875, 533414|1885, 533415|1898, 533415|2084, 533420|2097, 533420|2153, 533421|2173, 533421|2339, 533423|2397, 533426|2468, 533432|2531, 533434|2600, 533435|2647, 533435|2885, 533436|2918, 533436|4002, com.Slack, 
533452|1, 533452|671, 533453|796, 533453|4003, com.whatsapp, 
533453|1, 533453|616, 533457|744, 533462|826, 533465|891, 533465|910, 533468|928, 533468|1019, 533469|1040, 533469|1533, 533472|1595, 533472|1745, 533473|1820, 533473|2317, 533475|2330, 533475|2517, 533481|2531, 533481|2582, 533482|2592, 533482|2725, 533484|2763, 533484|2809, 533485|2885, 533487|2918, 533492|2943, 533492|3001, 533494|3020, 533494|3048, 533496|3062, 533496|3085, 533500|3102, 533500|3162, 533503|3183, 533503|3195, 533508|3213, 533509|3230, 533510|3245, 533510|3258, 533512|3270, 533512|3292, 533513|3305, 533513|3319, 533514|3330, 533514|3363, 533515|3375, 533516|3387, 533516|3411, 533518|3429, 533518|3444, 533519|3455, 533521|3472, 533521|3495, 533522|3515, 533522|4002, com.mxtech.videoplayer.ad, 
533536|1, 533536|4008, com.ted.android.conference, 
533536|1, 533536|4003, com.google.android.gm, 
533536|1, 533536|1396, 533550|1802, 533550|2205, 533565|2404, 533577|2488, 533584|2566, 533584|2588, 533589|2622, 533601|2656, 533608|2732, 533608|4004, com.android.chrome, 
533620|1, 533620|618, 533623|687, 533625|714, 533628|739, 533628|894, 533633|1053, 533641|1203, 533641|1238, 533642|1340, 533642|1569, 533643|1596, 533643|1819, 533645|1834, 533645|2132, 533646|2163, 533647|2173, 533647|2442, 533650|2472, 533650|2637, 533653|2664, 533653|3259, 533654|3275, 533654|4007, com.sololearn.cplusplus, 
533660|1, 533660|702, 533662|728, 533665|756, 533665|851, 533669|897, 533670|1034, 533678|1160, 533678|1312, 533679|1382, 533679|1479, 533680|1520, 533680|1748, 533682|1763, 533682|2063, 533683|2076, 533684|2098, 533684|2361, 533687|2381, 533687|2566, 533690|2584, 533690|3088, 533691|3097, 533691|4010, com.sololearn.cplusplus, 
533699|1, 533699|915, 533701|1023, 533701|4007, com.whatsapp, 
533701|1, 533701|4009, com.google.android.gm, 
533701|1, 533701|1747, 533702|1774, 533702|1924, 533704|1936, 533704|2112, 533705|2139, 533705|2334, 533707|2346, 533707|2546, 533710|2560, 533710|2747, 533712|2760, 533712|2951, 533713|2961, 533714|2988, 533714|3151, 533717|3164, 533717|3902, 533718|3919, 533718|3941, 533720|3975, 533720|4013, com.bankofamerica.cashpromobile, 
533741|1, 533741|2019, 533742|2031, 533743|2044, 533743|2063, 533746|2088, 533749|2099, 533749|2116, 533750|2138, 533750|2351, 533752|2362, 533752|4001, com.google.android.keep, 
533765|1, 533765|2065, 533766|2109, 533768|2152, 533768|2452, 533770|2515, 533770|4039, com.sometimeswefly.littlealchemy, 
533772|1, 533772|1723, 533774|1734, 533774|1758, 533777|1769, 533778|1779, 533780|1798, 533781|1816, 533781|1860, 533782|1872, 533782|2123, 533784|2135, 533784|4007, com.google.android.keep, 
533786|1, 533786|1511, 533788|1578, 533791|1590, 533794|1602, 533794|1613, 533799|1680, 533799|2326, 533802|2360, 533802|3526, 533804|3560, 533804|3597, 533806|3608, 533806|3628, 533809|3639, 533814|3650, 533814|3690, 533817|3702, 533817|3722, 533818|3733, 533821|3745, 533821|3760, 533824|3776, 533824|4010, com.google.android.apps.docs, 
533828|1, 533828|4008, at.DiTronic.androidgroup.randomgallery, 
533865|1, 533865|4009, com.android.vending, 
533865|1, 533865|3415, 533867|3497, 533869|3568, 533875|3605, 533875|3628, 533882|3656, 533882|3753, 533883|3772, 533883|3933, 533885|3973, 533886|4016, com.google.android.apps.photos, 
533888|1, 533888|1448, 533895|1626, 533895|2149, 533897|2265, 533908|2338, 533920|2398, 533925|2455, 533930|2480, 533942|2548, 533949|2615, 533949|4001, com.android.chrome, 
533961|1, 533961|1411, 533966|1588, 533969|1654, 533974|1702, 533974|1748, 533975|1784, 533975|2053, 533976|2066, 533978|2102, 533978|3400, 533982|3442, 533982|3477, 533985|3509, 533990|3532, 533992|3544, 533993|3559, 533993|3573, 533994|3583, 533997|3598, 533997|3692, 534000|3704, 534000|4003, com.google.android.apps.docs, 
534004|1, 534004|1817, 534006|1830, 534006|1854, 534009|1879, 534012|1901, 534013|1915, 534013|2189, 534015|2207, 534015|4003, com.google.android.keep, 
534017|1, 534017|1790, 534018|1804, 534018|1972, 534020|2042, 534020|2197, 534022|2209, 534022|2402, 534024|2418, 534024|2599, 534027|2621, 534027|2813, 534029|2825, 534029|3022, 534030|3034, 534030|3058, 534031|3075, 534031|3227, 534034|3249, 534034|3908, 534035|3937, 534037|3959, 534037|4006, com.bankofamerica.cashpromobile, 
534059|1, 534059|1146, 534060|1260, 534060|1552, 534062|1602, 534062|1714, 534066|1767, 534067|1858, 534068|1925, 534068|2037, 534072|2091, 534072|2258, 534078|2366, 534078|2572, 534083|2622, 534083|2777, 534090|2977, 534090|3066, 534091|3215, 534091|3267, 534095|3310, 534095|3342, 534097|3386, 534102|3518, 534102|3737, 534103|3781, 534103|3906, 534105|3917, 534105|4001, com.ebay.mobile, 
534116|1, 534116|4011, com.google.android.gm, 
534116|1, 534116|706, 534117|785, 534117|4011, com.whatsapp, 
534117|1, 534117|987, 534118|1054, 534119|1085, 534120|1102, 534120|1114, 534127|1130, 534127|1149, 534129|1163, 534129|1180, 534130|1190, 534130|1216, 534132|1234, 534132|1313, 534133|1345, 534140|1358, 534140|1370, 534141|1380, 534141|1503, 534142|1516, 534143|1530, 534143|1711, 534144|1723, 534144|2225, 534146|2317, 534147|2335, 534152|2353, 534152|2508, 534154|2534, 534155|2553, 534155|3043, 534156|3083, 534156|4002, com.Slack, 
534163|1, 534163|2900, 534165|2952, 534171|3057, 534171|3218, 534172|3248, 534172|4012, air.com.hypah.io.slither, 
534190|1, 534191|38, 534192|67, 534192|319, 534194|355, 534197|407, 534202|463, 534202|652, 534211|686, 534211|1233, 534213|1307, 534213|1367, 534214|1428, 534214|1445, 534215|1470, 534219|1512, 534219|1604, 534220|1617, 534221|1630, 534221|1717, 534232|1774, 534234|1800, 534238|1840, 534238|1933, 534240|1956, 534247|2015, 534253|2112, 534264|2178, 534265|2197, 534280|2329, 534284|2391, 534288|2421, 534288|2520, 534292|2537, 534292|2569, 534294|2654, 534300|2716, 534306|2746, 534306|2932, 534308|2944, 534308|2980, 534310|2998, 534312|3019, 534312|3036, 534314|3054, 534316|3071, 534317|3090, 534319|3102, 534319|3117, 534323|3131, 534323|3168, 534324|3184, 534325|3200, 534325|3433, 534330|3447, 534332|3467, 534332|3478, 534334|3501, 534334|3807, 534336|3824, 534336|3860, 534338|3882, 534340|3900, 534340|4001, com.dropbox.android, 
534362|1, 534362|2340, 534364|2430, 534364|2472, 534369|2631, 534372|2720, 534372|2859, 534373|2889, 534373|2901, 534375|2934, 534376|2993, 534376|4012, com.sometimeswefly.littlealchemy, 
534378|1, 534378|1314, 534379|1434, 534380|1480, 534383|1580, 534391|1628, 534392|1659, 534392|1910, 534395|1954, 534395|2910, 534398|3104, 534401|3190, 534407|3251, 534410|3312, 534410|3393, 534412|3405, 534412|3675, 534415|3689, 534415|4004, com.google.android.apps.docs, 
534420|1, 534420|890, 534422|1049, 534428|1187, 534428|1466, 534431|1498, 534431|1925, 534434|1998, 534434|2987, 534435|3026, 534439|3078, 534443|3108, 534443|3161, 534447|3262, 534447|3284, 534448|3376, 534451|3446, 534451|4028, com.scb.breezebanking.hk, 
534453|1, 534453|1847, 534454|1866, 534454|2043, 534456|2056, 534456|2209, 534458|2225, 534458|2419, 534460|2431, 534460|2590, 534465|2633, 534465|2830, 534466|2851, 534467|2863, 534467|3027, 534470|3049, 534470|3543, 534474|3722, 534474|3829, 534477|3862, 534478|4027, com.bankofamerica.cashpromobile, 
534499|1, 534499|2036, 534502|2084, 534502|2104, 534504|2119, 534506|2140, 534517|2190, 534523|2217, 534525|2232, 534525|2241, 534529|2253, 534529|2275, 534530|2287, 534531|2298, 534540|2310, 534542|2322, 534542|3335, 534544|3348, 534545|3373, 534545|4002, com.google.android.music, 
534576|1, 534576|1310, 534577|1356, 534577|1428, 534586|1556, 534590|1613, 534591|1635, 534591|1936, 534594|1980, 534594|2878, 534597|2930, 534599|2953, 534599|2982, 534602|3003, 534607|3017, 534607|3035, 534610|3047, 534610|3070, 534613|3086, 534614|3103, 534614|3160, 534617|3179, 534617|4027, com.google.android.apps.docs, 
534621|1, 534621|2868, 534624|2880, 534624|3116, 534634|3129, 534634|3592, 534635|3641, 534636|3673, 534638|3709, 534640|3729, 534640|3742, 534645|3763, 534647|3775, 534647|3797, 534652|3810, 534656|3821, 534659|3839, 534660|3854, 534663|3873, 534663|4013, at.DiTronic.androidgroup.randomgallery, 
534673|1, 534673|1046, 534674|1094, 534675|1129, 534676|1197, 534677|1237, 534681|1278, 534691|1370, 534701|1424, 534701|1470, 534703|1517, 534710|1578, 534714|1602, 534715|1619, 534716|1642, 534724|1702, 534730|1725, 534732|1799, 534733|1815, 534735|1834, 534735|1846, 534737|1871, 534738|1896, 534739|1917, 534741|1934, 534742|1947, 534742|1962, 534744|1985, 534746|2012, 534746|2065, 534748|2093, 534748|2129, 534749|2161, 534751|2198, 534755|2214, 534759|2232, 534759|2301, 534760|2338, 534760|2406, 534762|2446, 534762|2541, 534764|2553, 534764|2591, 534766|2609, 534766|2623, 534770|2634, 534773|2650, 534773|2708, 534775|2721, 534775|2887, 534778|2902, 534780|2914, 534780|2928, 534782|2946, 534782|2956, 534784|2979, 534784|3012, 534786|3027, 534786|3081, 534788|3111, 534788|3150, 534789|3170, 534789|3402, 534793|3420, 534793|3478, 534795|3501, 534795|3814, 534797|3827, 534799|3842, 534799|3857, 534801|3870, 534801|4004, com.dropbox.android, 
534831|1, 534831|2938, 534833|3094, 534842|3300, 534851|3352, 534852|3414, 534854|3493, 534854|3513, 534856|3544, 534856|3555, 534857|3574, 534858|3592, 534858|3651, 534859|3673, 534860|3685, 534860|3698, 534861|3717, 534861|3741, 534862|3752, 534862|4025, air.com.hypah.io.slither, 
534901|1, 534901|746, 534903|832, 534910|940, 534910|1117, 534913|1264, 534913|1515, 534914|1586, 534916|1657, 534916|2775, 534917|2809, 534925|2906, 534926|2991, 534929|3056, 534929|3104, 534930|3118, 534930|3142, 534933|3164, 534933|4008, com.scb.breezebanking.hk, 
534935|1, 534935|1870, 534937|1904, 534937|1938, 534941|1949, 534941|1986, 534945|1999, 534947|2011, 534948|2022, 534956|2035, 534957|2047, 534963|2063, 534963|2085, 534965|2098, 534965|2159, 534975|2171, 534976|2186, 534976|3019, 534979|3032, 534979|4017, com.google.android.music, 
535008|1, 535008|2810, 535011|2824, 535011|3050, 535012|3060, 535021|3076, 535021|3649, 535023|3672, 535025|3690, 535028|3713, 535036|3737, 535036|3747, 535041|3761, 535041|3772, 535046|3783, 535046|3825, 535047|3840, 535047|4009, at.DiTronic.androidgroup.randomgallery, 
535060|1, 535060|922, 535061|959, 535061|972, 535063|1059, 535063|1158, 535064|1191, 535067|1230, 535067|1688, 535070|1869, 535070|1977, 535073|2011, 535073|4006, com.android.vending, 
535075|1, 535075|1978, 535076|2025, 535078|2054, 535078|2306, 535080|2359, 535080|4003, com.sometimeswefly.littlealchemy, 
535082|1, 535082|2883, 535088|3075, 535088|3226, 535090|3306, 535093|3323, 535093|4004, air.com.hypah.io.slither, 
535111|1, 535111|1674, 535112|1728, 535113|1759, 535113|1792, 535114|1845, 535115|1879, 535116|1914, 535117|1949, 535119|1972, 535119|2022, 535122|2040, 535126|2068, 535130|2172, 535131|2190, 535131|2229, 535136|2307, 535139|2354, 535141|2388, 535141|2408, 535143|2454, 535149|2526, 535149|2564, 535154|2633, 535158|2720, 535162|2755, 535162|2819, 535164|2915, 535166|2988, 535167|3019, 535168|3089, 535172|3242, 535172|3382, 535174|3607, 535176|3705, 535176|3842, 535178|3858, 535178|4007, com.ebay.mobile, 
535203|1, 535203|983, 535210|1122, 535213|1282, 535213|1361, 535214|1388, 535214|4001, org.catrobat.catroid, 
535218|1, 535218|1163, 535219|1240, 535220|1276, 535220|1320, 535226|1397, 535235|1428, 535240|1458, 535254|1539, 535255|1568, 535256|1598, 535260|1619, 535260|1648, 535262|1668, 535267|1694, 535268|1707, 535272|1757, 535272|2067, 535276|2125, 535284|2170, 535284|2290, 535285|2307, 535285|2326, 535287|2345, 535289|2361, 535293|2409, 535294|2425, 535296|2442, 535301|2465, 535302|2481, 535302|2548, 535304|2568, 535306|2588, 535306|2654, 535308|2666, 535308|2708, 535312|2742, 535314|2781, 535314|2825, 535317|2842, 535317|2919, 535323|2936, 535323|2959, 535325|2984, 535327|2996, 535327|3153, 535332|3168, 535332|3180, 535333|3192, 535333|3218, 535335|3229, 535335|3268, 535337|3285, 535337|3300, 535339|3312, 535339|3352, 535341|3368, 535341|3412, 535342|3424, 535342|3437, 535344|3450, 535344|3669, 535346|3682, 535346|3693, 535348|3718, 535348|3729, 535350|3750, 535350|4006, com.dropbox.android, 
535383|1, 535383|779, 535392|1102, 535393|1181, 535393|4002, org.catrobat.catroid, 
535395|1, 535395|1281, 535396|1336, 535396|1428, 535397|1526, 535400|1589, 535400|1624, 535412|1675, 535412|1720, 535414|1803, 535414|1828, 535418|1901, 535420|1959, 535420|1993, 535425|2045, 535428|2094, 535428|2151, 535430|2202, 535430|2246, 535438|2316, 535439|2363, 535441|2451, 535456|2997, 535456|3141, 535457|3275, 535457|4002, com.ebay.mobile, 
535469|1, 535469|3035, 535472|3047, 535472|3259, 535473|3277, 535482|3303, 535482|3701, 535484|3744, 535484|3771, 535486|3811, 535486|3841, 535488|3853, 535491|3866, 535491|3878, 535499|3898, 535499|3909, 535502|3921, 535502|3932, 535504|3947, 535504|3958, 535508|3972, 535509|3988, 535509|4002, at.DiTronic.androidgroup.randomgallery, 
535515|1, 535515|1141, 535524|1623, 535524|1880, 535526|2166, 535535|2281, 535547|2366, 535551|2406, 535559|2456, 535563|2498, 535566|2570, 535568|2626, 535568|4004, com.android.chrome, 
535580|1, 535580|2863, 535586|3086, 535586|3220, 535587|3248, 535587|3269, 535590|3295, 535590|4016, air.com.hypah.io.slither, 
535611|1, 535611|248, 535613|278, 535613|320, 535616|345, 535616|390, 535621|440, 535621|570, 535630|740, 535630|1097, 535632|1161, 535636|1205, 535636|1272, 535639|1383, 535639|1502, 535640|1571, 535640|4009, org.catrobat.catroid, 
535642|1, 535642|1040, 535644|1100, 535644|1194, 535646|1207, 535652|1270, 535654|1321, 535677|1396, 535677|1407, 535689|1429, 535692|1475, 535695|1568, 535697|1616, 535701|1650, 535707|1715, 535708|1740, 535710|1794, 535714|1837, 535715|1863, 535716|1901, 535717|1940, 535719|1978, 535719|2692, 535721|2706, 535721|3000, 535723|3013, 535723|3084, 535724|3107, 535726|3125, 535726|3149, 535728|3172, 535728|3190, 535730|3206, 535732|3223, 535733|3234, 535733|3322, 535735|3341, 535737|3373, 535739|3386, 535739|3409, 535742|3453, 535742|3524, 535744|3541, 535744|3552, 535748|3564, 535748|3575, 535752|3601, 535754|3613, 535754|3723, 535756|3735, 535757|3757, 535757|3767, 535758|3783, 535758|4006, com.dropbox.android, 
535789|1, 535789|2903, 535790|2961, 535790|2980, 535791|2998, 535791|3044, 535792|3058, 535793|3069, 535793|3088, 535799|3102, 535799|3118, 535804|3130, 535807|3142, 535807|3179, 535808|3191, 535808|3454, 535810|3467, 535811|3479, 535811|4004, com.google.android.apps.photos, 
535813|1, 535813|780, 535814|868, 535820|1065, 535822|1156, 535823|1307, 535823|1458, 535825|1579, 535826|1690, 535826|2896, 535827|2948, 535834|3085, 535835|3147, 535838|3191, 535838|3293, 535839|3322, 535839|3338, 535842|3358, 535842|4001, com.scb.breezebanking.hk, 
535844|1, 535844|1524, 535853|1694, 535853|2076, 535864|2311, 535867|2324, 535881|2396, 535885|2461, 535897|2519, 535904|2606, 535904|4003, com.android.chrome, 
535914|1, 535914|1104, 535915|1142, 535915|1304, 535916|1316, 535917|1328, 535917|1506, 535922|1543, 535922|1593, 535923|1607, 535923|1820, 535925|1829, 535925|2031, 535926|2044, 535926|2302, 535929|2400, 535933|2437, 535935|2483, 535937|2524, 535938|2555, 535938|2838, 535939|2872, 535939|4001, com.Slack, 
535958|1, 535958|937, 535960|1083, 535961|1152, 535961|4008, com.whatsapp, 
535961|1, 535961|4009, com.android.vending, 
535961|1, 535961|2835, 535963|2850, 535963|2869, 535964|2881, 535969|2892, 535969|2902, 535972|2914, 535974|2926, 535977|2937, 535977|2968, 535978|2979, 535978|3262, 535981|3275, 535981|4009, com.google.android.apps.photos, 
535983|1, 535983|742, 535984|784, 535984|799, 535986|818, 535986|839, 535992|860, 535992|877, 535994|905, 535997|924, 535997|1028, 536003|1043, 536003|1054, 536004|1070, 536004|1143, 536005|1154, 536005|1348, 536006|1359, 536007|1374, 536007|1557, 536008|1568, 536008|1974, 536009|2011, 536009|2040, 536011|2059, 536011|2069, 536016|2091, 536016|2170, 536018|2191, 536019|2226, 536019|2774, 536020|2807, 536020|4004, com.Slack, 
536026|1, 536026|959, 536028|1065, 536035|1136, 536036|1164, 536036|1265, 536038|1276, 536038|1418, 536044|1432, 536044|1450, 536045|1464, 536045|1476, 536046|1486, 536046|1616, 536047|1630, 536048|1647, 536048|1825, 536049|1843, 536049|2300, 536051|2321, 536051|2335, 536056|2364, 536059|2441, 536059|2642, 536060|2685, 536060|4001, com.Slack, 
536066|1, 536066|2436, 536074|2787, 536074|3087, 536076|3143, 536076|3214, 536078|3226, 536078|3248, 536081|3259, 536081|3399, 536082|3420, 536087|3479, 536087|3540, 536090|3562, 536090|4020, air.com.hypah.io.slither, 
536094|1, 536094|392, 536095|416, 536095|522, 536097|536, 536098|565, 536101|600, 536105|630, 536105|694, 536108|714, 536108|840, 536112|897, 536112|978, 536113|1047, 536114|1101, 536114|1182, 536121|1220, 536121|1449, 536124|1556, 536139|1644, 536154|1726, 536157|1786, 536159|1822, 536162|1854, 536162|1880, 536169|1929, 536186|2046, 536188|2057, 536188|2070, 536194|2092, 536196|2119, 536200|2166, 536203|2236, 536203|2324, 536204|2343, 536204|2359, 536208|2393, 536213|2431, 536213|2476, 536217|2525, 536217|2552, 536219|2583, 536220|2620, 536222|2638, 536222|2664, 536223|2685, 536223|2716, 536224|2745, 536225|2758, 536225|2798, 536227|2810, 536227|2856, 536229|2871, 536229|2882, 536231|2923, 536236|2954, 536238|2967, 536238|3242, 536245|3260, 536245|3307, 536249|3327, 536249|3544, 536250|3555, 536250|3633, 536252|3646, 536254|3663, 536256|3674, 536256|4014, com.dropbox.android, 
536296|1, 536296|2815, 536302|2984, 536302|3109, 536306|3155, 536306|4014, air.com.hypah.io.slither, 
536323|1, 536323|1116, 536331|1217, 536333|1264, 536334|1304, 536334|1324, 536336|1336, 536336|1437, 536342|1449, 536342|1518, 536343|1532, 536343|1659, 536345|1671, 536345|1867, 536346|1878, 536346|2315, 536354|2389, 536354|2452, 536355|2531, 536356|2555, 536357|2576, 536357|3302, 536358|3336, 536358|4010, com.Slack, 
536364|1, 536364|1005, 536367|1087, 536379|1148, 536381|1178, 536381|1190, 536385|1228, 536391|1329, 536393|1379, 536397|1420, 536419|1537, 536425|1595, 536430|1754, 536430|1816, 536437|1908, 536439|1931, 536439|1965, 536441|1991, 536444|2028, 536446|2069, 536446|2152, 536448|2166, 536451|2191, 536451|2252, 536453|2279, 536453|2292, 536454|2314, 536454|2371, 536457|2388, 536457|2437, 536458|2449, 536459|2462, 536459|2495, 536461|2508, 536463|2521, 536464|2533, 536464|2576, 536466|2590, 536466|2802, 536473|2824, 536475|2857, 536477|2883, 536477|3113, 536478|3127, 536478|4005, com.dropbox.android, 
536506|1, 536506|2918, 536509|2934, 536509|3078, 536519|3094, 536519|3606, 536520|3669, 536520|3718, 536522|3738, 536522|3757, 536524|3769, 536527|3792, 536527|3803, 536531|3815, 536540|3842, 536540|3859, 536545|3873, 536545|3885, 536546|3912, 536546|4010, at.DiTronic.androidgroup.randomgallery, 
536554|1, 536554|3036, 536556|3066, 536564|3184, 536570|3251, 536570|3322, 536571|3351, 536571|3563, 536574|3586, 536575|3605, 536575|4001, com.google.android.apps.photos, 
536577|1, 536577|912, 536578|947, 536578|4003, com.whatsapp, 
536578|1, 536578|1101, 536580|1177, 536585|1263, 536585|1296, 536587|1340, 536588|1390, 536588|1456, 536589|1495, 536589|4015, org.catrobat.catroid, 
536591|1, 536591|2795, 536594|2849, 536594|3001, 536600|3015, 536605|3029, 536605|3500, 536607|3564, 536608|3589, 536609|3605, 536611|3618, 536611|3628, 536616|3652, 536624|3671, 536624|3681, 536628|3694, 536630|3723, 536632|3745, 536632|4022, at.DiTronic.androidgroup.randomgallery, 
536642|1, 536642|4006, com.android.vending, 
536644|1, 536644|738, 536645|797, 536651|971, 536651|1251, 536654|1509, 536654|1937, 536656|2025, 536659|2224, 536659|3217, 536660|3243, 536668|3335, 536669|3376, 536669|3392, 536670|3442, 536673|3501, 536674|3560, 536674|3578, 536677|3613, 536677|4004, com.scb.breezebanking.hk, 
536679|1, 536679|815, 536681|956, 536682|1043, 536683|1073, 536686|1092, 536686|1107, 536692|1135, 536693|1152, 536694|1164, 536695|1176, 536695|1209, 536700|1226, 536700|1248, 536701|1259, 536701|1304, 536702|1319, 536702|1362, 536703|1373, 536704|1385, 536704|1525, 536705|1536, 536705|2254, 536706|2351, 536707|2369, 536708|2382, 536708|2406, 536713|2418, 536713|2506, 536715|2520, 536715|2549, 536716|2592, 536716|3064, 536717|3087, 536717|4004, com.Slack, 
536723|1, 536723|3310, 536729|3382, 536729|3417, 536731|3453, 536743|3497, 536744|3530, 536745|3592, 536745|3619, 536747|3655, 536749|3680, 536749|3713, 536750|3738, 536750|3772, 536752|3794, 536753|3833, 536754|3853, 536754|4011, air.com.hypah.io.slither, 
536794|1, 536794|1108, 536795|1327, 536795|1647, 536798|1748, 536801|1797, 536802|1876, 536809|1942, 536810|1959, 536810|2336, 536813|2386, 536813|3669, 536815|3716, 536816|3739, 536817|3751, 536817|3786, 536819|3802, 536819|3825, 536822|3837, 536826|3849, 536827|3860, 536827|3872, 536830|3886, 536830|3910, 536833|3921, 536834|3934, 536834|3945, 536837|3967, 536837|4006, com.google.android.apps.docs, 
536841|1, 536841|1317, 536843|1390, 536854|1541, 536855|1626, 536855|1882, 536858|1924, 536858|3122, 536860|3190, 536865|3251, 536870|3267, 536873|3294, 536874|3320, 536877|3333, 536877|3383, 536880|3396, 536880|4013, com.google.android.apps.docs, 
536884|1, 536884|744, 536885|804, 536892|880, 536892|1006, 536895|1129, 536895|1518, 536898|1602, 536898|2776, 536899|2832, 536901|2859, 536901|2884, 536906|2901, 536907|2929, 536907|2967, 536911|3006, 536911|3084, 536912|3098, 536912|3110, 536915|3135, 536915|4004, com.scb.breezebanking.hk, 
536917|1, 536917|1780, 536919|1842, 536921|1855, 536921|1895, 536925|1907, 536925|1941, 536931|1954, 536931|1964, 536932|1976, 536936|1987, 536941|2000, 536941|2178, 536944|2194, 536944|2206, 536946|2229, 536946|2268, 536948|2278, 536952|2290, 536952|2416, 536959|2428, 536959|3602, 536962|3627, 536962|4065, com.google.android.music, 
536987|1, 536987|956, 536994|1164, 536997|1210, 536997|1328, 536998|1394, 536998|4012, org.catrobat.catroid, 
537000|1, 537000|801, 537007|889, 537008|944, 537008|1014, 537009|1094, 537009|4003, org.catrobat.catroid, 
537013|1, 537013|4005, com.android.vending, 
537013|1, 537013|884, 537018|967, 537021|1067, 537021|1247, 537022|1333, 537022|4004, org.catrobat.catroid, 
537024|1, 537024|794, 537025|863, 537027|905, 537030|1081, 537032|1211, 537033|1258, 537033|1615, 537035|1628, 537035|1639, 537036|1674, 537036|2420, 537037|2434, 537037|2464, 537039|2484, 537043|2503, 537044|2520, 537044|2548, 537045|2571, 537045|2598, 537047|2618, 537047|2765, 537048|2795, 537051|2852, 537051|4006, com.scb.breezebanking.hk, 
537053|1, 537053|2885, 537055|2907, 537055|2956, 537057|2969, 537057|2994, 537063|3038, 537069|3057, 537071|3071, 537071|3094, 537072|3110, 537072|3452, 537075|3464, 537075|4008, com.google.android.apps.photos, 
537077|1, 537077|2230, 537078|2252, 537079|2269, 537079|2309, 537081|2331, 537081|2564, 537083|2582, 537083|4009, com.sometimeswefly.littlealchemy, 
537085|1, 537085|1941, 537086|1954, 537086|1967, 537092|2087, 537092|2117, 537093|2157, 537094|2219, 537095|2282, 537095|2301, 537096|2329, 537096|2392, 537098|2461, 537098|2638, 537100|2669, 537100|4034, com.sometimeswefly.littlealchemy, 
537102|1, 537102|2889, 537104|2912, 537104|2939, 537109|2951, 537110|2977, 537115|2988, 537115|2997, 537117|3015, 537117|3040, 537118|3056, 537118|3356, 537121|3373, 537122|3386, 537122|4002, com.google.android.apps.photos, 
537124|1, 537124|1047, 537125|1111, 537125|4002, com.whatsapp, 
537125|1, 537125|1278, 537126|1362, 537126|1400, 537128|1435, 537131|1508, 537140|1664, 537140|1849, 537143|1893, 537143|3030, 537145|3091, 537148|3135, 537153|3163, 537153|3173, 537158|3192, 537158|3206, 537159|3222, 537161|3242, 537161|3515, 537164|3526, 537164|4009, com.google.android.apps.docs, 
537168|1, 537168|1453, 537177|1598, 537177|2191, 537181|2431, 537198|2558, 537212|2661, 537218|2738, 537219|2808, 537219|2853, 537221|2878, 537221|4008, com.android.chrome, 
537231|1, 537231|1196, 537236|1388, 537236|1948, 537238|2000, 537247|2061, 537259|2161, 537270|2239, 537288|2338, 537288|4008, com.android.chrome, 
537294|1, 537294|694, 537295|720, 537295|4012, com.whatsapp, 
