271832|1, 271832|1290, 271836|1370, 271837|1485, 271837|1537, 271838|1597, 271840|1680, 271840|1879, 271844|1971, 271847|2031, 271847|2059, 271848|2082, 271848|2202, 271852|2287, 271852|2386, 271871|2556, 271871|2705, 271873|2951, 271875|3040, 271878|3256, 271887|3378, 271887|3531, 271889|3556, 271889|3721, 271895|3781, 271896|4020, com.ebay.mobile, 
271937|1, 271937|787, 271941|867, 271942|893, 271948|961, 271950|1039, 271951|1061, 271951|1124, 271954|1257, 271957|1505, 271957|1540, 271961|1611, 271961|2051, 271962|2063, 271962|2274, 271964|2287, 271964|2596, 271967|2666, 271967|2871, 271969|2905, 271970|2940, 271970|3090, 271973|3136, 271973|3735, 271974|3748, 271974|4003, com.sololearn.cplusplus, 
271980|1, 271980|212, 271981|239, 271981|261, 271982|278, 271983|298, 271983|327, 271985|354, 271985|379, 271988|401, 271989|419, 271990|441, 271990|465, 271991|482, 271992|501, 271992|4004, com.ted.android.conference, 
272008|1, 272008|1262, 272009|1281, 272010|1317, 272011|1379, 272011|1397, 272012|1422, 272012|1440, 272013|1472, 272014|1486, 272017|1511, 272020|1535, 272027|1596, 272031|1634, 272039|1736, 272048|1802, 272052|1825, 272054|1847, 272055|1864, 272055|1877, 272056|1890, 272059|1908, 272059|1920, 272064|1938, 272065|1977, 272065|2007, 272067|2025, 272072|2054, 272076|2082, 272090|2263, 272090|2380, 272094|2458, 272097|2699, 272097|2762, 272100|2844, 272101|2880, 272101|3131, 272103|3146, 272103|3165, 272104|3177, 272104|3330, 272106|3345, 272108|3355, 272109|3367, 272109|3669, 272110|3679, 272110|3887, 272111|3927, 272113|3943, 272113|4001, com.dropbox.android, 
272147|1, 272147|902, 272149|933, 272149|970, 272150|1003, 272150|1086, 272153|1161, 272155|1207, 272163|1293, 272166|1351, 272185|1448, 272185|1490, 272200|1611, 272200|2132, 272206|2196, 272209|2213, 272212|2226, 272214|2262, 272216|2294, 272217|2306, 272218|2332, 272218|2383, 272225|2401, 272225|2411, 272226|2423, 272226|2468, 272227|2491, 272228|2519, 272228|2537, 272231|2559, 272232|2587, 272232|2682, 272233|2694, 272233|2711, 272236|2753, 272236|2768, 272237|2786, 272239|2806, 272242|2828, 272242|2864, 272243|2887, 272243|2997, 272246|3019, 272249|3045, 272249|3077, 272251|3102, 272252|3114, 272252|3172, 272255|3183, 272255|3255, 272256|3269, 272256|3449, 272257|3464, 272257|3477, 272260|3504, 272260|3860, 272261|3877, 272262|3890, 272263|3902, 272263|4007, com.dropbox.android, 
272290|1, 272290|2192, 272291|2247, 272291|2369, 272292|2425, 272292|2701, 272293|2720, 272293|2935, 272295|2947, 272295|3140, 272297|3155, 272297|3342, 272299|3355, 272299|3550, 272301|3564, 272301|3745, 272304|3757, 272305|4004, com.bankofamerica.cashpromobile, 
272315|1, 272315|1801, 272318|1905, 272318|1944, 272320|1962, 272320|2048, 272321|2060, 272321|4001, com.android.chrome, 
272323|1, 272323|592, 272325|628, 272326|655, 272327|687, 272337|841, 272337|928, 272341|1140, 272341|1238, 272344|1270, 272344|1341, 272345|1459, 272345|1637, 272346|1688, 272347|1722, 272347|1998, 272349|2024, 272349|2288, 272350|2313, 272350|2329, 272352|2346, 272352|2600, 272355|2647, 272355|3142, 272356|3151, 272356|4007, com.sololearn.cplusplus, 
272362|1, 272362|4008, com.google.android.gm, 
272362|1, 272362|2242, 272363|2254, 272364|2284, 272364|2294, 272365|2304, 272365|2343, 272366|2354, 272367|2364, 272367|2384, 272370|2401, 272370|2506, 272371|2521, 272372|2555, 272372|2597, 272373|2621, 272374|2639, 272376|2650, 272376|2685, 272379|2706, 272380|2720, 272380|2731, 272385|2748, 272385|2773, 272392|2795, 272397|2811, 272401|2838, 272401|2880, 272410|2913, 272410|3171, 272412|3212, 272412|3222, 272413|3233, 272413|3269, 272415|3280, 272415|3309, 272417|3321, 272417|3342, 272419|3352, 272419|3386, 272432|3401, 272432|3595, 272433|3607, 272433|3676, 272436|3696, 272436|4142, com.google.android.music, 
272493|1, 272493|1813, 272494|1835, 272494|1884, 272495|1932, 272495|2061, 272497|2084, 272497|2275, 272499|2289, 272499|2475, 272501|2487, 272501|2686, 272506|2700, 272506|2915, 272507|2925, 272507|3095, 272508|3114, 272508|3854, 272509|3869, 272509|3917, 272510|3947, 272512|3969, 272512|4023, com.bankofamerica.cashpromobile, 
272532|1, 272532|2341, 272533|2352, 272533|2394, 272535|2404, 272535|2425, 272537|2445, 272537|2457, 272541|2480, 272541|2536, 272542|2547, 272542|2814, 272544|2851, 272544|4001, com.google.android.keep, 
272546|1, 272546|4004, com.ted.android.conference, 
272546|1, 272546|1253, 272547|1329, 272548|1355, 272549|1383, 272556|1479, 272557|1531, 272557|1639, 272558|1662, 272558|4005, org.catrobat.catroid, 
272560|1, 272560|1103, 272562|1155, 272562|1220, 272565|1263, 272580|1348, 272594|1382, 272600|1410, 272600|1432, 272611|1465, 272616|1539, 272616|1552, 272621|1574, 272622|1619, 272625|1654, 272628|1692, 272630|1763, 272632|1833, 272633|1886, 272634|1960, 272641|2019, 272644|2053, 272645|2081, 272647|2104, 272647|2140, 272650|2157, 272650|2169, 272651|2179, 272652|2234, 272652|2346, 272653|2360, 272653|2372, 272655|2390, 272655|2405, 272657|2422, 272660|2440, 272662|2456, 272664|2473, 272665|2489, 272667|2536, 272667|2768, 272671|2793, 272672|2810, 272673|2825, 272675|2838, 272675|2965, 272678|2978, 272678|2988, 272680|3000, 272681|3016, 272681|3046, 272682|3059, 272682|3186, 272684|3210, 272685|3231, 272688|3247, 272688|3556, 272690|3570, 272690|3590, 272693|3603, 272693|4005, com.dropbox.android, 
272725|1, 272725|1066, 272733|1246, 272735|1425, 272735|2153, 272736|2218, 272747|2375, 272755|2483, 272756|2568, 272759|2617, 272769|2701, 272774|2801, 272774|4006, com.android.chrome, 
272778|1, 272778|4011, at.DiTronic.androidgroup.randomgallery, 
272813|1, 272813|846, 272821|1002, 272828|1123, 272828|1434, 272829|1461, 272830|1490, 272830|3119, 272831|3139, 272832|3175, 272838|3246, 272839|3353, 272840|3382, 272841|3442, 272841|3504, 272844|3517, 272844|3564, 272847|3594, 272847|4004, com.scb.breezebanking.hk, 
272849|1, 272849|1193, 272853|1477, 272860|1650, 272860|2371, 272861|2473, 272863|2509, 272863|2530, 272869|2565, 272876|2599, 272877|2667, 272878|2836, 272881|2958, 272884|3032, 272884|3799, 272885|3826, 272885|3856, 272886|3881, 272886|4007, com.android.chrome, 
272906|1, 272906|1061, 272907|1213, 272908|1283, 272908|1306, 272909|1383, 272909|2116, 272910|2134, 272910|2177, 272912|2191, 272912|2221, 272914|2240, 272914|2250, 272918|2261, 272918|2311, 272919|2324, 272919|2488, 272921|2507, 272921|4006, com.google.android.keep, 
272926|1, 272926|3106, 272927|3138, 272927|3159, 272928|3171, 272928|3183, 272929|3199, 272929|3241, 272930|3259, 272931|3277, 272931|3308, 272936|3325, 272936|3380, 272937|3412, 272937|3450, 272942|3479, 272945|3501, 272945|3536, 272946|3552, 272947|3564, 272947|3594, 272949|3609, 272949|3679, 272950|3693, 272950|3787, 272951|3808, 272951|4006, com.google.android.apps.photos, 
272967|1, 272967|1798, 272969|1877, 272972|1947, 272977|2081, 272982|2182, 272982|2221, 272987|2257, 272987|2409, 272988|2438, 272989|2479, 272992|2574, 272994|2769, 272994|3545, 272995|3583, 272995|3625, 272997|3655, 272997|4016, com.sometimeswefly.littlealchemy, 
273002|1, 273002|2186, 273003|2218, 273005|2250, 273005|2535, 273007|2567, 273007|3901, 273008|3921, 273008|4018, com.sometimeswefly.littlealchemy, 
273012|1, 273012|1859, 273013|1931, 273017|2016, 273022|2062, 273022|2093, 273027|2105, 273027|2115, 273030|2134, 273038|2150, 273040|2161, 273043|2172, 273043|2216, 273044|2226, 273045|2238, 273045|2252, 273053|2279, 273053|3147, 273056|3181, 273056|4003, com.google.android.music, 
273073|1, 273073|1760, 273074|1788, 273075|1805, 273075|1837, 273077|1850, 273077|1870, 273079|1880, 273081|1895, 273081|1909, 273083|1930, 273083|2302, 273084|2318, 273084|4002, com.google.android.keep, 
273086|1, 273086|1707, 273087|1740, 273088|1774, 273088|1956, 273091|1971, 273091|2099, 273094|2110, 273094|2237, 273096|2248, 273096|2412, 273099|2432, 273099|2614, 273101|2627, 273101|2834, 273102|2845, 273102|3029, 273103|3040, 273103|3713, 273104|3741, 273104|3776, 273105|3812, 273107|3888, 273110|4059, com.bankofamerica.cashpromobile, 
273133|1, 273133|3027, 273134|3041, 273134|4006, com.ted.android.conference, 
273135|1, 273135|739, 273137|880, 273139|955, 273139|1003, 273144|1083, 273146|1115, 273152|1151, 273155|1204, 273156|1217, 273156|1348, 273157|1360, 273157|1932, 273160|1945, 273160|2045, 273161|2070, 273164|2135, 273164|2268, 273166|2379, 273166|2470, 273171|2492, 273171|2503, 273172|2539, 273172|2680, 273174|2693, 273174|2917, 273175|2930, 273175|2948, 273177|2985, 273177|3002, 273178|3047, 273178|3081, 273182|3167, 273182|3264, 273187|3278, 273187|3297, 273189|3326, 273189|3352, 273190|3372, 273190|3429, 273191|3441, 273193|3473, 273193|3523, 273194|3567, 273195|3594, 273195|3604, 273196|3613, 273196|4003, com.mxtech.videoplayer.ad, 
273207|1, 273207|634, 273210|685, 273212|697, 273215|734, 273215|871, 273221|1009, 273222|1067, 273225|1099, 273225|1223, 273229|1317, 273229|1471, 273230|1495, 273230|1690, 273232|1703, 273232|2022, 273234|2046, 273234|2303, 273235|2345, 273237|2383, 273237|2601, 273240|2622, 273240|3268, 273241|3280, 273241|4008, com.sololearn.cplusplus, 
273248|1, 273248|4007, com.ted.android.conference, 
273248|1, 273248|1293, 273249|1352, 273251|1417, 273252|1447, 273252|1487, 273254|1516, 273254|1539, 273256|1589, 273256|1606, 273262|1647, 273266|1699, 273266|1786, 273270|1850, 273270|1873, 273272|1906, 273275|1962, 273275|1989, 273278|2035, 273282|2077, 273284|2147, 273284|2170, 273288|2205, 273288|2234, 273289|2290, 273291|2320, 273291|2373, 273292|2398, 273292|2426, 273294|2464, 273294|2502, 273296|2561, 273299|2621, 273302|2679, 273302|2693, 273303|2794, 273306|2968, 273306|3007, 273310|3056, 273313|3133, 273319|3180, 273319|3202, 273323|3238, 273323|3399, 273324|3435, 273324|3479, 273335|3498, 273335|3600, 273336|3617, 273336|4019, com.ebay.mobile, 
273346|1, 273346|1655, 273347|1675, 273347|1716, 273349|1727, 273349|1750, 273351|1767, 273351|1784, 273355|1803, 273355|1856, 273356|1867, 273356|2146, 273359|2161, 273359|4011, com.google.android.keep, 
273361|1, 273361|1044, 273369|1338, 273369|1962, 273371|2055, 273374|2091, 273384|2162, 273390|2273, 273390|2302, 273392|2368, 273392|2409, 273393|2443, 273393|4002, com.android.chrome, 
273395|1, 273395|4009, at.DiTronic.androidgroup.randomgallery, 
273432|1, 273432|542, 273436|612, 273440|705, 273443|770, 273446|903, 273447|945, 273452|1006, 273452|1163, 273455|1254, 273455|1462, 273457|1496, 273457|1792, 273459|1808, 273459|2081, 273461|2098, 273461|2133, 273462|2145, 273462|2280, 273464|2307, 273465|2331, 273465|2939, 273466|2950, 273466|4014, com.sololearn.cplusplus, 
273472|1, 273472|849, 273474|898, 273474|923, 273476|952, 273476|969, 273479|988, 273481|1007, 273481|1067, 273483|1078, 273483|1155, 273484|1173, 273484|1215, 273485|1235, 273485|4009, com.ted.android.conference, 
273485|1, 273485|656, 273486|753, 273487|783, 273487|798, 273489|817, 273489|844, 273496|895, 273496|931, 273497|982, 273501|1006, 273501|1029, 273502|1061, 273502|1812, 273505|1848, 273505|2050, 273506|2083, 273506|3196, 273507|3226, 273508|3263, 273508|3301, 273510|3317, 273510|3336, 273515|3357, 273516|3381, 273516|3467, 273517|3484, 273518|3500, 273520|3518, 273526|3558, 273534|3587, 273534|3618, 273537|3630, 273537|3655, 273541|3666, 273543|3680, 273543|3702, 273544|3719, 273544|3748, 273548|3771, 273548|3799, 273550|3814, 273550|3858, 273552|3876, 273552|3924, 273554|3937, 273554|4015, com.mxtech.videoplayer.ad, 
273566|1, 273566|520, 273567|537, 273568|634, 273569|706, 273569|746, 273576|925, 273579|1003, 273579|1032, 273581|1113, 273582|1142, 273582|1403, 273587|1420, 273587|2002, 273590|2014, 273590|2042, 273591|2055, 273591|2599, 273592|2625, 273593|2728, 273593|2955, 273595|2973, 273595|3178, 273597|3194, 273597|3205, 273598|3218, 273598|3421, 273601|3432, 273601|4005, com.sololearn.cplusplus, 
273608|1, 273608|3516, 273610|3604, 273613|3689, 273617|3790, 273617|3811, 273618|3836, 273621|3969, 273621|4027, air.com.hypah.io.slither, 
273637|1, 273637|2886, 273639|2911, 273639|3121, 273651|3139, 273651|3479, 273652|3494, 273652|3531, 273654|3543, 273654|3576, 273662|3603, 273664|3615, 273664|3640, 273666|3654, 273666|3767, 273667|3812, 273668|3847, 273670|3863, 273674|3905, 273675|3940, 273679|3960, 273680|3974, 273680|4012, at.DiTronic.androidgroup.randomgallery, 
273692|1, 273692|734, 273695|901, 273700|1007, 273700|1068, 273703|1247, 273703|1646, 273705|1736, 273706|1844, 273706|3194, 273707|3227, 273714|3335, 273716|3435, 273716|3485, 273719|3519, 273719|3592, 273720|3633, 273723|3662, 273723|4014, com.scb.breezebanking.hk, 
273726|1, 273726|4009, com.ted.android.conference, 
273726|1, 273726|2223, 273727|2257, 273727|4009, com.ted.android.conference, 
273728|1, 273728|4003, com.android.vending, 
273767|1, 273767|1048, 273773|1109, 273773|1133, 273778|1188, 273781|1281, 273781|2798, 273787|2810, 273787|4001, com.whatsapp, 
273793|1, 273793|1780, 273799|1812, 273800|1852, 273800|2025, 273803|2036, 273803|2159, 273806|2182, 273806|2365, 273808|2378, 273808|2565, 273810|2577, 273810|2761, 273812|2780, 273813|2791, 273813|3009, 273814|3032, 273815|3050, 273815|3185, 273817|3201, 273817|3831, 273818|3862, 273818|3916, 273819|3933, 273819|3950, 273821|3989, 273821|4015, com.bankofamerica.cashpromobile, 
273853|1, 273853|1824, 273854|1841, 273854|2068, 273856|2080, 273856|2278, 273858|2290, 273858|2487, 273860|2500, 273860|2689, 273865|2700, 273865|2916, 273866|2928, 273866|3102, 273867|3127, 273867|3685, 273868|3722, 273870|3763, 273870|3921, 273874|3976, 273874|4028, com.bankofamerica.cashpromobile, 
273893|1, 273893|678, 273894|736, 273894|3677, 273895|3689, 273895|4002, com.whatsapp, 
273900|1, 273900|2190, 273906|2258, 273908|2287, 273908|2604, 273910|2639, 273910|4022, com.sometimeswefly.littlealchemy, 
273912|1, 273912|4002, com.google.android.gm, 
273912|1, 273912|1045, 273914|1169, 273915|1208, 273915|1233, 273919|1271, 273923|1308, 273923|1323, 273926|1347, 273926|1463, 273931|1509, 273933|1531, 273933|1633, 273936|1661, 273936|1947, 273941|1968, 273941|2271, 273944|2429, 273958|2592, 273970|2698, 273970|2826, 273973|2890, 273976|2920, 273979|2955, 273979|2966, 273980|3026, 273987|3077, 273988|3124, 273993|3178, 274003|3226, 274009|3290, 274009|3917, 274010|3939, 274011|3980, 274014|4026, com.android.vending, 
274063|1, 274063|91, 274064|105, 274064|1868, 274065|1895, 274065|1933, 274066|1946, 274066|1957, 274067|1974, 274067|1983, 274069|1994, 274070|2006, 274070|2119, 274071|2135, 274071|2202, 274072|2246, 274075|2305, 274079|2327, 274085|2398, 274095|2502, 274114|2534, 274114|2800, 274116|2815, 274116|2989, 274117|3000, 274117|3045, 274119|3056, 274119|3081, 274129|3093, 274129|3122, 274131|3135, 274131|3185, 274136|3204, 274136|4010, com.google.android.keep, 
274142|1, 274142|1605, 274149|1725, 274158|1820, 274158|1840, 274160|1860, 274168|1884, 274173|1899, 274173|1946, 274174|1957, 274174|2016, 274181|2028, 274182|2040, 274182|2913, 274185|2948, 274187|4043, com.google.android.music, 
274215|1, 274215|635, 274216|812, 274221|904, 274226|959, 274229|1014, 274233|1083, 274233|1200, 274234|1212, 274234|1803, 274237|1828, 274237|1957, 274240|2118, 274240|2214, 274242|2279, 274242|2475, 274248|2487, 274248|2499, 274249|2512, 274249|2672, 274250|2685, 274250|2909, 274251|2933, 274251|2987, 274252|3020, 274254|3085, 274256|3122, 274259|3139, 274259|3199, 274262|3222, 274262|3234, 274264|3251, 274265|3274, 274265|3285, 274267|3303, 274267|3325, 274268|3346, 274269|3390, 274271|3418, 274271|3439, 274276|3462, 274276|3474, 274277|3487, 274277|3508, 274279|3522, 274279|3550, 274281|3568, 274281|3604, 274283|3617, 274283|3742, 274285|3757, 274285|3906, 274287|3917, 274287|4010, com.mxtech.videoplayer.ad, 
274300|1, 274300|602, 274301|772, 274308|927, 274311|997, 274311|1328, 274312|1453, 274314|1526, 274314|2627, 274316|2700, 274319|2770, 274324|2791, 274324|2823, 274325|2872, 274326|2898, 274327|2918, 274327|2990, 274328|3009, 274328|3044, 274331|3071, 274331|4009, com.scb.breezebanking.hk, 
274333|1, 274333|680, 274334|793, 274336|835, 274340|876, 274343|920, 274346|973, 274349|1016, 274349|1107, 274351|1124, 274351|1726, 274354|1772, 274354|1893, 274358|1947, 274358|2148, 274360|2192, 274360|2378, 274365|2393, 274365|2429, 274366|2445, 274366|2574, 274368|2589, 274368|2839, 274369|2849, 274369|2927, 274371|3002, 274373|3062, 274378|3087, 274378|3196, 274380|3245, 274382|3274, 274383|3299, 274383|3333, 274386|3368, 274391|3385, 274391|3399, 274392|3413, 274392|3425, 274393|3440, 274393|3511, 274395|3526, 274397|3547, 274397|3570, 274399|3582, 274399|3594, 274400|3610, 274400|3646, 274402|3658, 274402|3717, 274404|3728, 274404|4006, com.mxtech.videoplayer.ad, 
274415|1, 274415|2200, 274416|2216, 274416|2231, 274418|2346, 274418|2570, 274420|2584, 274420|4001, com.sometimeswefly.littlealchemy, 
274422|1, 274422|1127, 274423|1159, 274423|1178, 274424|1209, 274424|1297, 274426|1309, 274426|1499, 274431|1514, 274431|1577, 274432|1595, 274432|1730, 274434|1742, 274434|1889, 274435|1900, 274435|2443, 274437|2513, 274439|2546, 274439|2568, 274444|2637, 274446|2683, 274447|2722, 274447|2917, 274448|2952, 274448|4009, com.Slack, 
274453|1, 274453|1113, 274455|1293, 274458|1410, 274458|1512, 274462|1560, 274462|1598, 274469|1761, 274472|1884, 274472|1992, 274478|2044, 274479|2063, 274481|2087, 274482|2119, 274482|2165, 274486|2231, 274493|2379, 274497|2585, 274500|2658, 274500|2857, 274506|2892, 274506|3034, 274507|3170, 274507|4017, com.ebay.mobile, 
274528|1, 274528|1213, 274531|1368, 274535|1448, 274535|1486, 274537|1534, 274546|1615, 274546|1688, 274553|1838, 274556|1877, 274557|1921, 274559|1987, 274561|2041, 274567|2061, 274570|2151, 274574|2235, 274576|2287, 274576|2344, 274580|2496, 274582|2622, 274582|2878, 274584|2901, 274584|4025, com.ebay.mobile, 
274596|1, 274596|4011, com.android.vending, 
274596|1, 274596|4006, com.android.vending, 
274596|1, 274596|803, 274600|904, 274606|939, 274606|954, 274611|971, 274611|1003, 274613|1021, 274613|1039, 274623|1073, 274623|1127, 274624|1138, 274624|1168, 274629|1180, 274632|1203, 274632|1237, 274633|1262, 274633|1311, 274634|1327, 274634|1516, 274635|1531, 274635|2064, 274636|2114, 274638|2164, 274638|2176, 274643|2203, 274643|2298, 274645|2309, 274645|2323, 274646|2337, 274646|2615, 274647|2632, 274647|4006, com.Slack, 
274655|1, 274655|664, 274656|705, 274660|771, 274663|852, 274668|929, 274671|1013, 274675|1033, 274675|1085, 274676|1097, 274676|1685, 274679|1734, 274679|1834, 274680|1919, 274680|2074, 274681|2124, 274682|2168, 274685|2186, 274689|2237, 274690|2247, 274690|2269, 274691|2282, 274691|2306, 274694|2319, 274694|2332, 274695|2349, 274695|2439, 274700|2462, 274700|2484, 274702|2496, 274702|2617, 274704|2632, 274704|2799, 274705|2838, 274707|2875, 274709|2918, 274712|2933, 274714|2962, 274714|2975, 274715|2986, 274715|3000, 274716|3020, 274716|3044, 274718|3062, 274718|3085, 274721|3105, 274721|3115, 274723|3129, 274723|3159, 274725|3174, 274725|3204, 274728|3215, 274728|3247, 274729|3261, 274730|3279, 274730|3343, 274732|3360, 274732|4002, com.mxtech.videoplayer.ad, 
274744|1, 274744|4015, com.ted.android.conference, 
274744|1, 274744|1730, 274747|1810, 274749|1860, 274752|1956, 274758|2122, 274759|2159, 274759|2219, 274760|2278, 274760|2761, 274763|2797, 274763|3316, 274767|3415, 274770|3507, 274773|3569, 274784|3681, 274788|3731, 274788|4075, com.google.android.apps.docs, 
274792|1, 274792|4010, com.ted.android.conference, 
274794|1, 274794|668, 274804|820, 274805|880, 274805|953, 274807|984, 274808|1023, 274808|1239, 274814|1265, 274814|1443, 274815|1491, 274815|1563, 274816|1592, 274816|1868, 274818|1881, 274818|2515, 274819|2535, 274819|2549, 274821|2588, 274821|2620, 274822|2679, 274822|2716, 274823|2751, 274826|2786, 274826|2839, 274827|2886, 274827|2953, 274830|2988, 274847|3019, 274857|3050, 274857|3398, 274866|3409, 274866|3527, 274867|3541, 274867|4005, com.sololearn.cplusplus, 
274875|1, 274875|1253, 274876|1280, 274876|1322, 274877|1356, 274877|4010, com.google.android.gm, 
274877|1, 274877|2533, 274878|2565, 274878|2602, 274879|2636, 274879|2806, 274880|2838, 274880|3150, 274881|3178, 274882|3208, 274883|3235, 274883|3274, 274885|3305, 274891|3344, 274891|3376, 274896|3409, 274897|3436, 274897|3543, 274898|3560, 274898|3606, 274899|3639, 274899|3816, 274902|3843, 274902|3979, 274903|3994, 274903|4006, com.google.android.apps.photos, 
274908|1, 274908|4003, com.google.android.gm, 
274908|1, 274908|1712, 274910|1750, 274912|1778, 274914|1792, 274914|1826, 274916|1840, 274916|1852, 274918|1871, 274918|1881, 274921|1897, 274923|1912, 274925|1932, 274934|1953, 274939|1976, 274939|2035, 274943|2049, 274948|2079, 274949|2121, 274949|3048, 274952|3076, 274952|3864, 274954|3951, 274956|4005, com.google.android.music, 
274979|1, 274979|2441, 274981|2498, 274981|2597, 274983|2645, 274983|2976, 274984|2997, 274984|3025, 274986|3037, 274986|3079, 274992|3092, 274992|3115, 274996|3131, 274998|3142, 275000|3154, 275000|3188, 275001|3203, 275001|3421, 275004|3436, 275004|3630, 275005|3641, 275005|4002, com.google.android.apps.photos, 
275010|1, 275010|763, 275012|876, 275021|932, 275023|976, 275024|992, 275024|1043, 275026|1056, 275026|1132, 275027|1157, 275031|1171, 275031|1189, 275033|1200, 275033|1334, 275034|1348, 275034|1573, 275035|1588, 275035|2013, 275036|2125, 275036|4012, com.Slack, 
275041|1, 275041|1257, 275042|1321, 275044|1440, 275046|1536, 275050|1603, 275050|1707, 275062|1933, 275066|2072, 275066|2128, 275073|2201, 275073|2289, 275078|2356, 275081|2387, 275087|2526, 275089|2589, 275090|2678, 275094|2790, 275094|2950, 275095|2998, 275097|3024, 275097|3190, 275098|3278, 275098|4023, com.ebay.mobile, 
275126|1, 275126|4002, com.google.android.gm, 
275126|1, 275126|3351, 275130|3481, 275145|3816, 275160|3863, 275162|3887, 275162|3950, 275164|3987, 275165|4010, air.com.hypah.io.slither, 
275219|1, 275219|1208, 275220|1234, 275220|4009, com.google.android.gm, 
275220|1, 275220|4002, com.google.android.gm, 
275220|1, 275220|1153, 275221|1229, 275225|1339, 275230|1432, 275231|1471, 275231|1589, 275232|1609, 275232|4003, org.catrobat.catroid, 
275234|1, 275234|823, 275236|910, 275237|969, 275240|1072, 275245|1132, 275247|1178, 275252|1227, 275252|1312, 275253|1324, 275253|1981, 275256|2008, 275256|2219, 275257|2266, 275257|2316, 275259|2428, 275259|2530, 275261|2552, 275261|2728, 275266|2762, 275266|2807, 275267|2830, 275267|2944, 275269|2958, 275269|3177, 275270|3220, 275271|3257, 275273|3341, 275274|3371, 275274|3383, 275278|3418, 275278|3432, 275279|3451, 275279|3463, 275282|3495, 275283|3524, 275284|3544, 275284|3566, 275285|3597, 275285|3619, 275287|3630, 275288|3643, 275293|3660, 275293|3683, 275296|3705, 275296|3718, 275297|3730, 275297|3786, 275299|3804, 275300|3816, 275300|3837, 275302|3850, 275302|3878, 275303|3894, 275304|3915, 275304|3949, 275306|3966, 275306|3981, 275307|3998, 275307|4012, com.mxtech.videoplayer.ad, 
275319|1, 275319|2976, 275321|2993, 275321|3198, 275324|3209, 275325|3246, 275326|3318, 275327|4003, at.DiTronic.androidgroup.randomgallery, 
275357|1, 275357|1789, 275358|1832, 275359|1858, 275359|1872, 275363|1903, 275363|1915, 275369|1946, 275369|1967, 275379|1986, 275379|1998, 275381|2011, 275383|2022, 275384|2036, 275384|2067, 275386|2079, 275387|2090, 275394|2111, 275394|3014, 275397|3036, 275398|4034, com.google.android.music, 
275424|1, 275424|1974, 275425|1987, 275425|2006, 275426|2023, 275428|2042, 275428|2060, 275430|2079, 275430|2101, 275434|2116, 275434|2157, 275435|2176, 275435|2339, 275437|2370, 275437|4011, com.google.android.keep, 
275439|1, 275439|1204, 275441|1378, 275445|1425, 275445|1527, 275452|1611, 275453|1662, 275453|1991, 275457|2063, 275457|3399, 275460|3411, 275460|3461, 275462|3473, 275462|3507, 275465|3520, 275470|3534, 275470|3545, 275472|3556, 275472|3590, 275474|3602, 275474|3625, 275476|3638, 275476|4011, com.google.android.apps.docs, 
275483|1, 275483|1819, 275485|1902, 275485|1947, 275490|1959, 275490|2000, 275495|2011, 275495|2033, 275497|2045, 275506|2058, 275506|2071, 275512|2085, 275512|2141, 275513|2152, 275513|2164, 275519|2176, 275520|2187, 275520|2982, 275523|2995, 275523|4011, com.google.android.music, 
275552|1, 275552|725, 275554|757, 275558|839, 275560|937, 275563|956, 275564|972, 275564|994, 275566|1038, 275566|1060, 275567|1144, 275573|1236, 275573|1396, 275574|1491, 275574|1611, 275575|1640, 275575|1820, 275576|1835, 275577|1861, 275577|2151, 275579|2171, 275579|2439, 275581|2462, 275582|2489, 275582|2617, 275585|2649, 275585|3191, 275586|3206, 275586|4007, com.sololearn.cplusplus, 
275592|1, 275592|2500, 275593|2545, 275594|2584, 275595|2616, 275595|2664, 275597|2677, 275597|2710, 275603|2729, 275603|2756, 275609|2769, 275609|2904, 275610|2917, 275611|2928, 275611|3139, 275614|3193, 275614|3537, 275615|3553, 275615|4003, com.google.android.apps.photos, 
275620|1, 275620|1716, 275621|1746, 275621|1788, 275622|1800, 275622|1830, 275623|1844, 275623|1988, 275626|2001, 275626|2114, 275629|2154, 275629|2322, 275631|2335, 275631|2533, 275633|2544, 275633|2729, 275635|2740, 275636|2753, 275636|2970, 275637|2981, 275637|3141, 275638|3155, 275638|3842, 275639|3858, 275640|3903, 275640|3951, 275641|3977, 275643|4016, com.bankofamerica.cashpromobile, 
275665|1, 275665|756, 275666|801, 275669|882, 275674|973, 275679|1033, 275679|1083, 275681|1101, 275681|1152, 275683|1171, 275683|1823, 275686|1836, 275686|1950, 275689|2023, 275689|2169, 275690|2193, 275690|2218, 275691|2253, 275691|2378, 275696|2391, 275696|2437, 275697|2453, 275697|2588, 275699|2603, 275699|2821, 275700|2833, 275700|2909, 275702|2995, 275704|3059, 275709|3101, 275709|3216, 275711|3243, 275713|3277, 275713|3291, 275715|3310, 275715|3323, 275716|3346, 275719|3385, 275719|3411, 275722|3422, 275722|3450, 275725|3468, 275725|3478, 275726|3490, 275726|3502, 275728|3526, 275729|3538, 275729|3568, 275731|3583, 275731|3628, 275733|3641, 275733|3684, 275735|3712, 275735|4010, com.mxtech.videoplayer.ad, 
275748|1, 275748|618, 275750|732, 275750|749, 275752|779, 275756|852, 275760|954, 275763|970, 275763|1036, 275764|1061, 275764|1616, 275767|1669, 275767|1771, 275768|1832, 275768|2052, 275769|2075, 275769|2306, 275771|2323, 275771|2516, 275777|2539, 275777|2560, 275779|2571, 275779|2695, 275781|2744, 275785|2813, 275789|2841, 275789|2887, 275790|2905, 275790|2922, 275792|2933, 275794|2973, 275794|3000, 275797|3037, 275800|3061, 275800|3078, 275802|3095, 275802|3129, 275806|3143, 275807|3155, 275807|3168, 275808|3184, 275808|3197, 275810|3210, 275810|3232, 275811|3246, 275811|3290, 275813|3307, 275813|3349, 275815|3366, 275815|3427, 275817|3438, 275817|4014, com.mxtech.videoplayer.ad, 
275829|1, 275829|1307, 275831|1405, 275831|1445, 275832|1465, 275832|1500, 275834|1523, 275838|1547, 275843|1627, 275849|1687, 275861|1734, 275872|1815, 275890|1950, 275893|2018, 275896|2052, 275896|2142, 275897|2181, 275903|2218, 275904|2242, 275906|2273, 275910|2299, 275911|2344, 275913|2397, 275913|2497, 275915|2516, 275916|2533, 275917|2572, 275917|2588, 275920|2601, 275920|2626, 275921|2642, 275922|2655, 275922|2676, 275924|2724, 275924|2794, 275926|2806, 275926|2846, 275927|2861, 275928|2874, 275929|2902, 275930|2917, 275931|2947, 275931|2962, 275932|2980, 275932|2989, 275934|3004, 275934|3027, 275935|3046, 275935|3057, 275936|3072, 275936|3103, 275940|3122, 275940|3328, 275945|3361, 275945|3376, 275946|3401, 275949|3413, 275951|3431, 275951|3641, 275952|3654, 275952|3719, 275954|3734, 275954|3749, 275957|3761, 275957|4008, com.dropbox.android, 
275984|1, 275984|1023, 275985|1152, 275989|1382, 275989|1436, 275993|1475, 275993|1550, 276005|1670, 276006|1729, 276007|1775, 276007|1807, 276010|1849, 276012|1924, 276012|1974, 276015|1990, 276017|2015, 276019|2046, 276022|2135, 276026|2219, 276032|2293, 276032|2334, 276036|2391, 276039|2440, 276041|2491, 276048|2567, 276052|2610, 276054|2756, 276054|2800, 276056|2832, 276056|2971, 276060|3036, 276060|3197, 276061|3261, 276061|3710, 276062|3721, 276062|4004, com.ebay.mobile, 
276077|1, 276077|1561, 276078|1583, 276078|1622, 276080|1632, 276080|1660, 276083|1678, 276083|1704, 276086|1720, 276086|1734, 276087|1744, 276087|2025, 276089|2038, 276089|4012, com.google.android.keep, 
276091|1, 276091|968, 276092|1166, 276092|1230, 276095|1328, 276095|1458, 276102|1518, 276102|1553, 276103|1573, 276108|1716, 276108|1773, 276112|1845, 276122|2021, 276127|2155, 276127|2233, 276131|2265, 276137|2449, 276142|2590, 276142|2756, 276144|2787, 276144|4003, com.ebay.mobile, 
276156|1, 276156|2641, 276158|2707, 276166|2920, 276166|3097, 276167|3129, 276170|3179, 276170|3828, 276171|3851, 276171|4020, air.com.hypah.io.slither, 
276186|1, 276186|2041, 276189|2071, 276191|2091, 276191|2126, 276195|2138, 276195|2160, 276197|2172, 276201|2185, 276205|2197, 276210|2210, 276215|2235, 276215|2292, 276217|2306, 276217|2317, 276224|2334, 276224|3364, 276227|3380, 276227|4004, com.google.android.music, 
276263|1, 276263|4010, com.android.vending, 
276268|1, 276268|701, 276269|758, 276277|901, 276277|1065, 276278|1195, 276280|1299, 276280|2512, 276283|2596, 276283|3269, 276285|3336, 276292|3390, 276292|3413, 276293|3455, 276293|3478, 276294|3510, 276297|3565, 276297|3640, 276298|3659, 276298|3694, 276301|3717, 276301|4018, com.scb.breezebanking.hk, 
276303|1, 276303|2239, 276304|2279, 276306|2341, 276308|2388, 276308|2592, 276310|2667, 276310|2976, 276311|3042, 276314|3091, 276314|3135, 276318|3163, 276318|3182, 276320|3214, 276320|4012, com.sometimeswefly.littlealchemy, 
276326|1, 276326|674, 276327|711, 276329|791, 276334|862, 276339|930, 276340|945, 276340|975, 276345|1007, 276345|1075, 276346|1095, 276346|1620, 276349|1674, 276349|1843, 276350|1924, 276350|2194, 276351|2240, 276352|2261, 276353|2282, 276353|2419, 276355|2432, 276355|2630, 276361|2644, 276361|2666, 276362|2678, 276362|2780, 276364|2809, 276365|2848, 276368|2896, 276369|2911, 276369|2923, 276374|2940, 276374|3002, 276375|3019, 276377|3042, 276378|3066, 276379|3079, 276379|3092, 276381|3115, 276381|3150, 276382|3177, 276384|3212, 276384|3231, 276386|3279, 276390|3297, 276393|3311, 276393|3330, 276394|3348, 276394|3368, 276396|3394, 276397|3420, 276397|3430, 276399|3448, 276400|3476, 276400|3513, 276402|3526, 276402|3577, 276404|3590, 276404|4009, com.mxtech.videoplayer.ad, 
276417|1, 276417|1360, 276419|1505, 276423|1651, 276433|1781, 276434|1832, 276434|2192, 276437|2233, 276437|2725, 276439|2797, 276443|2867, 276448|2938, 276453|2968, 276453|2992, 276457|3190, 276457|4003, com.google.android.apps.docs, 
276461|1, 276461|586, 276462|610, 276462|640, 276464|679, 276469|739, 276469|860, 276473|912, 276474|945, 276474|982, 276478|1124, 276478|1234, 276483|1302, 276483|1455, 276484|1521, 276484|1788, 276486|1801, 276486|2112, 276488|2135, 276488|2394, 276490|2413, 276490|2431, 276491|2445, 276491|2610, 276494|2633, 276494|3151, 276495|3164, 276495|4007, com.sololearn.cplusplus, 
276501|1, 276501|1775, 276502|1799, 276502|1928, 276503|1942, 276503|2035, 276504|2049, 276504|2094, 276506|2108, 276506|2523, 276509|2535, 276509|2781, 276510|2796, 276510|2829, 276512|2842, 276512|3138, 276518|3154, 276518|3449, 276519|3500, 276519|3562, 276520|3602, 276520|3770, 276522|3791, 276522|4014, com.bankofamerica.cashpromobile, 
276550|1, 276550|1044, 276551|1114, 276555|1208, 276561|1346, 276561|1434, 276562|1506, 276562|4009, org.catrobat.catroid, 
276564|1, 276564|1208, 276565|1245, 276567|1344, 276567|4001, com.whatsapp, 
276567|1, 276567|719, 276569|751, 276570|845, 276570|1043, 276571|1094, 276572|1109, 276573|1157, 276573|1271, 276576|1286, 276579|1306, 276579|1471, 276580|1483, 276580|1691, 276583|1721, 276583|1875, 276584|1885, 276585|1898, 276585|2084, 276590|2097, 276590|2153, 276591|2173, 276591|2339, 276594|2397, 276597|2468, 276602|2531, 276605|2600, 276606|2647, 276606|2885, 276607|2918, 276607|4002, com.Slack, 
276624|1, 276624|597, 276625|657, 276625|4003, com.whatsapp, 
276625|1, 276625|616, 276631|744, 276636|826, 276639|891, 276639|910, 276642|928, 276642|1019, 276643|1040, 276643|1533, 276646|1596, 276646|1745, 276647|1820, 276647|2046, 276648|2093, 276648|2317, 276650|2330, 276650|2517, 276656|2531, 276656|2582, 276657|2593, 276657|2725, 276659|2763, 276659|2809, 276660|2885, 276663|2918, 276668|2943, 276668|2969, 276669|3001, 276670|3020, 276670|3048, 276672|3063, 276672|3085, 276673|3102, 276674|3138, 276674|3162, 276677|3183, 276677|3195, 276680|3213, 276683|3230, 276684|3245, 276684|3258, 276685|3270, 276685|3319, 276687|3330, 276687|3375, 276689|3388, 276690|3400, 276690|3411, 276691|3429, 276691|3444, 276693|3455, 276694|3472, 276694|3542, 276696|3553, 276696|4002, com.mxtech.videoplayer.ad, 
276709|1, 276709|4008, com.ted.android.conference, 
276709|1, 276709|4009, com.google.android.gm, 
276709|1, 276709|1395, 276722|1802, 276722|1996, 276724|2204, 276742|2403, 276752|2490, 276761|2565, 276761|2587, 276765|2621, 276774|2655, 276778|2731, 276779|2772, 276779|4004, com.android.chrome, 
276791|1, 276791|617, 276796|686, 276798|714, 276801|738, 276801|893, 276806|1052, 276811|1202, 276811|1237, 276815|1339, 276815|1568, 276816|1596, 276816|1818, 276818|1833, 276818|2162, 276820|2172, 276820|2441, 276822|2471, 276823|2497, 276823|2636, 276826|2663, 276826|3274, 276827|3347, 276827|4006, com.sololearn.cplusplus, 
276833|1, 276833|658, 276834|672, 276835|701, 276837|727, 276840|755, 276840|850, 276844|896, 276845|1033, 276849|1159, 276849|1311, 276854|1381, 276854|1478, 276855|1520, 276855|1747, 276857|1762, 276857|2075, 276859|2097, 276859|2360, 276861|2380, 276861|2397, 276862|2416, 276862|2565, 276865|2583, 276865|3120, 276866|3131, 276866|4009, com.sololearn.cplusplus, 
276873|1, 276873|829, 276874|915, 276875|1024, 276875|4007, com.whatsapp, 
276875|1, 276875|4009, com.google.android.gm, 
276875|1, 276875|1674, 276876|1693, 276876|1746, 276877|1774, 276877|1923, 276879|1935, 276879|2138, 276881|2162, 276881|2333, 276883|2345, 276883|2545, 276886|2560, 276886|2746, 276888|2759, 276888|2961, 276889|2987, 276889|3150, 276890|3163, 276890|3842, 276891|3857, 276891|3901, 276892|3918, 276892|3940, 276894|3974, 276894|4012, com.bankofamerica.cashpromobile, 
276915|1, 276915|1954, 276916|1975, 276916|2019, 276917|2031, 276918|2044, 276918|2063, 276920|2088, 276924|2099, 276924|2147, 276925|2159, 276925|2351, 276927|2362, 276927|4002, com.google.android.keep, 
276941|1, 276941|2011, 276942|2065, 276943|2108, 276945|2151, 276945|2451, 276947|2514, 276947|4038, com.sometimeswefly.littlealchemy, 
276949|1, 276949|1648, 276950|1663, 276950|1723, 276952|1734, 276952|1758, 276955|1769, 276956|1779, 276958|1798, 276958|1839, 276959|1851, 276959|1860, 276960|1872, 276960|2123, 276962|2135, 276962|4007, com.google.android.keep, 
276964|1, 276964|1433, 276965|1510, 276967|1577, 276970|1589, 276973|1601, 276973|1612, 276976|1679, 276977|1689, 276977|2325, 276980|2359, 276980|3525, 276982|3559, 276982|3596, 276985|3607, 276985|3627, 276988|3639, 276993|3649, 276993|3689, 276995|3701, 276995|3732, 276997|3744, 276997|3759, 276999|3775, 276999|4009, com.google.android.apps.docs, 
277003|1, 277003|4008, at.DiTronic.androidgroup.randomgallery, 
277040|1, 277040|4009, com.android.vending, 
277040|1, 277040|3085, 277042|3157, 277042|3387, 277043|3415, 277045|3497, 277047|3568, 277053|3605, 277053|3628, 277059|3656, 277059|3804, 277060|3823, 277060|3933, 277062|3973, 277063|4016, com.google.android.apps.photos, 
277069|1, 277069|1447, 277077|1625, 277077|2148, 277083|2264, 277094|2337, 277100|2397, 277111|2454, 277115|2480, 277124|2547, 277131|2614, 277131|4018, com.android.chrome, 
277143|1, 277143|1350, 277144|1410, 277149|1587, 277152|1653, 277157|1702, 277157|1783, 277158|1818, 277158|2052, 277159|2065, 277161|2101, 277161|3369, 277162|3399, 277164|3441, 277164|3476, 277169|3509, 277174|3531, 277175|3543, 277176|3558, 277176|3582, 277178|3597, 277178|3691, 277180|3704, 277180|4002, com.google.android.apps.docs, 
277184|1, 277184|1754, 277185|1793, 277185|1817, 277187|1830, 277187|1854, 277190|1879, 277193|1901, 277193|1936, 277194|1958, 277194|2189, 277196|2207, 277196|4003, com.google.android.keep, 
277198|1, 277198|1736, 277199|1774, 277199|1790, 277200|1804, 277200|1972, 277203|2042, 277203|2197, 277206|2209, 277206|2402, 277208|2418, 277208|2599, 277211|2621, 277211|2813, 277213|2825, 277213|3034, 277214|3059, 277214|3227, 277215|3249, 277215|3855, 277216|3872, 277216|3908, 277217|3937, 277219|3959, 277219|4006, com.bankofamerica.cashpromobile, 
277241|1, 277241|1146, 277242|1260, 277244|1397, 277244|1552, 277246|1602, 277246|1714, 277250|1767, 277252|1859, 277253|1925, 277253|2037, 277257|2091, 277257|2258, 277264|2370, 277264|2572, 277269|2622, 277269|2777, 277275|2977, 277275|3066, 277277|3216, 277277|3267, 277278|3310, 277278|3342, 277280|3386, 277285|3518, 277285|3737, 277286|3781, 277286|3906, 277288|3918, 277288|4001, com.ebay.mobile, 
277297|1, 277297|4011, com.google.android.gm, 
277297|1, 277297|705, 277299|786, 277299|4010, com.whatsapp, 
277299|1, 277299|987, 277301|1054, 277303|1085, 277304|1102, 277304|1114, 277311|1130, 277311|1149, 277313|1163, 277313|1216, 277316|1234, 277316|1313, 277317|1345, 277324|1358, 277324|1370, 277325|1380, 277325|1516, 277326|1530, 277326|1743, 277327|1753, 277327|2225, 277330|2317, 277331|2335, 277335|2353, 277335|2508, 277338|2535, 277339|2553, 277339|3043, 277340|3083, 277340|4002, com.Slack, 
277347|1, 277347|2696, 277348|2899, 277348|2951, 277356|3056, 277356|3217, 277358|3248, 277358|4011, air.com.hypah.io.slither, 
277377|1, 277377|38, 277378|67, 277378|269, 277380|294, 277380|319, 277382|355, 277384|407, 277387|463, 277390|524, 277390|652, 277399|686, 277399|1195, 277400|1233, 277401|1307, 277401|1367, 277403|1428, 277403|1445, 277404|1470, 277407|1517, 277407|1569, 277409|1590, 277409|1604, 277410|1617, 277410|1656, 277412|1717, 277423|1774, 277426|1800, 277430|1840, 277430|1898, 277431|1934, 277433|1956, 277441|2015, 277449|2112, 277460|2178, 277461|2198, 277475|2329, 277480|2391, 277482|2421, 277483|2438, 277483|2520, 277485|2538, 277485|2569, 277487|2655, 277492|2716, 277496|2746, 277496|2932, 277498|2944, 277498|2998, 277500|3019, 277500|3036, 277502|3054, 277503|3071, 277504|3090, 277506|3103, 277506|3117, 277509|3131, 277509|3168, 277511|3184, 277512|3200, 277512|3433, 277514|3447, 277517|3467, 277517|3478, 277519|3501, 277519|3807, 277520|3824, 277520|3860, 277521|3882, 277523|3900, 277523|4001, com.dropbox.android, 
277543|1, 277543|2275, 277544|2340, 277546|2431, 277546|2472, 277552|2631, 277554|2721, 277554|2859, 277556|2890, 277556|2901, 277558|2934, 277559|2993, 277559|4012, com.sometimeswefly.littlealchemy, 
277561|1, 277561|1314, 277563|1435, 277564|1481, 277566|1580, 277575|1628, 277575|1670, 277576|1700, 277576|1910, 277579|1954, 277579|2910, 277582|3104, 277586|3190, 277592|3251, 277594|3313, 277594|3393, 277595|3405, 277595|3675, 277598|3689, 277598|4004, com.google.android.apps.docs, 
277603|1, 277603|726, 277604|810, 277604|889, 277606|1048, 277612|1186, 277612|1465, 277615|1497, 277615|1924, 277618|1997, 277618|2960, 277619|2986, 277620|3025, 277623|3077, 277627|3107, 277628|3160, 277630|3261, 277630|3283, 277633|3376, 277636|3445, 277636|4027, com.scb.breezebanking.hk, 
277638|1, 277638|1787, 277639|1813, 277639|1847, 277640|1866, 277640|2043, 277643|2056, 277643|2209, 277646|2225, 277646|2419, 277648|2431, 277648|2590, 277653|2634, 277653|2851, 277654|2863, 277654|3027, 277655|3049, 277655|3459, 277656|3544, 277660|3722, 277660|3829, 277662|3862, 277664|4028, com.bankofamerica.cashpromobile, 
277687|1, 277687|1965, 277688|2036, 277692|2084, 277692|2104, 277694|2119, 277696|2140, 277707|2190, 277712|2217, 277714|2232, 277714|2241, 277717|2253, 277717|2275, 277718|2287, 277719|2298, 277723|2310, 277727|2322, 277727|3335, 277729|3348, 277730|3373, 277730|4002, com.google.android.music, 
277761|1, 277761|1243, 277762|1310, 277762|1356, 277763|1429, 277772|1556, 277776|1613, 277776|1635, 277777|1667, 277777|1936, 277780|1980, 277780|2817, 277781|2879, 277783|2930, 277786|2953, 277786|2982, 277789|3003, 277794|3017, 277794|3035, 277796|3047, 277796|3070, 277797|3086, 277798|3103, 277798|3160, 277800|3179, 277800|4027, com.google.android.apps.docs, 
277804|1, 277804|2867, 277805|2879, 277805|3115, 277813|3129, 277813|3591, 277819|3640, 277820|3672, 277822|3708, 277825|3728, 277825|3741, 277830|3762, 277832|3774, 277832|3796, 277836|3809, 277840|3821, 277843|3838, 277844|3853, 277846|3872, 277846|4012, at.DiTronic.androidgroup.randomgallery, 
277855|1, 277855|1046, 277857|1094, 277858|1129, 277859|1202, 277860|1237, 277866|1278, 277877|1370, 277886|1424, 277886|1435, 277887|1470, 277890|1518, 277898|1578, 277901|1602, 277903|1619, 277906|1642, 277914|1703, 277920|1725, 277922|1799, 277923|1815, 277925|1834, 277925|1846, 277927|1871, 277928|1896, 277929|1917, 277930|1934, 277931|1947, 277931|1962, 277933|1985, 277934|2012, 277934|2093, 277935|2130, 277935|2161, 277936|2198, 277939|2214, 277943|2232, 277943|2301, 277944|2338, 277944|2384, 277945|2406, 277947|2446, 277947|2541, 277949|2553, 277949|2591, 277950|2609, 277950|2623, 277952|2635, 277956|2650, 277956|2708, 277958|2721, 277958|2887, 277961|2902, 277961|2914, 277962|2928, 277963|2946, 277963|2956, 277965|2980, 277965|3012, 277966|3027, 277966|3081, 277968|3111, 277968|3150, 277969|3170, 277969|3402, 277971|3420, 277971|3478, 277973|3501, 277973|3814, 277974|3827, 277975|3843, 277975|3857, 277977|3870, 277977|4004, com.dropbox.android, 
278005|1, 278005|2938, 278009|3094, 278017|3300, 278029|3352, 278039|3414, 278041|3493, 278041|3513, 278043|3544, 278043|3555, 278044|3574, 278045|3592, 278045|3651, 278046|3673, 278047|3685, 278047|3698, 278048|3717, 278048|3741, 278049|3752, 278049|4025, air.com.hypah.io.slither, 
278088|1, 278088|745, 278091|831, 278096|939, 278096|1116, 278100|1263, 278100|1514, 278101|1585, 278103|1656, 278103|2760, 278104|2774, 278105|2808, 278112|2905, 278114|2990, 278117|3055, 278117|3103, 278118|3117, 278118|3141, 278121|3163, 278121|4007, com.scb.breezebanking.hk, 
278123|1, 278123|1782, 278125|1869, 278127|1903, 278127|1937, 278131|1948, 278131|1985, 278135|1998, 278137|2010, 278138|2021, 278147|2035, 278147|2046, 278152|2063, 278152|2119, 278153|2131, 278153|2158, 278161|2171, 278163|2185, 278163|3018, 278166|3031, 278167|4016, com.google.android.music, 
278194|1, 278194|2809, 278195|2824, 278195|3049, 278198|3059, 278207|3076, 278207|3558, 278208|3619, 278209|3648, 278211|3671, 278213|3689, 278215|3712, 278224|3736, 278224|3746, 278228|3760, 278228|3771, 278232|3782, 278232|3824, 278233|3839, 278233|4008, at.DiTronic.androidgroup.randomgallery, 
278243|1, 278243|922, 278245|959, 278245|972, 278247|1059, 278247|1158, 278248|1191, 278250|1230, 278250|1688, 278254|1870, 278254|1977, 278257|2011, 278257|4007, com.android.vending, 
278259|1, 278259|1951, 278260|1978, 278261|2025, 278263|2054, 278263|2306, 278265|2359, 278265|4003, com.sometimeswefly.littlealchemy, 
278267|1, 278267|2883, 278275|3096, 278275|3226, 278278|3306, 278281|3323, 278281|4004, air.com.hypah.io.slither, 
278297|1, 278297|1674, 278301|1728, 278301|1759, 278303|1792, 278305|1845, 278306|1879, 278307|1914, 278308|1949, 278310|1972, 278310|2022, 278313|2041, 278317|2068, 278321|2172, 278322|2190, 278323|2229, 278327|2307, 278331|2354, 278333|2388, 278333|2408, 278335|2454, 278339|2526, 278342|2565, 278347|2635, 278348|2720, 278352|2755, 278352|2819, 278355|2915, 278356|2988, 278358|3019, 278359|3090, 278362|3242, 278362|3382, 278364|3607, 278366|3705, 278366|3842, 278368|3858, 278368|4007, com.ebay.mobile, 
278393|1, 278393|983, 278401|1122, 278404|1282, 278404|1361, 278405|1388, 278405|4001, org.catrobat.catroid, 
278409|1, 278409|1162, 278411|1242, 278411|1319, 278421|1396, 278429|1427, 278436|1457, 278449|1538, 278453|1567, 278453|1597, 278458|1618, 278459|1633, 278459|1647, 278461|1667, 278466|1693, 278467|1706, 278471|1756, 278471|2066, 278475|2124, 278483|2169, 278483|2289, 278484|2307, 278484|2325, 278486|2344, 278488|2360, 278493|2408, 278493|2424, 278494|2441, 278497|2464, 278498|2480, 278498|2547, 278499|2567, 278501|2587, 278501|2653, 278502|2665, 278502|2707, 278506|2741, 278507|2780, 278507|2824, 278510|2841, 278510|2918, 278514|2935, 278514|2958, 278516|2983, 278517|2996, 278517|3152, 278521|3167, 278521|3179, 278522|3191, 278522|3217, 278524|3228, 278524|3267, 278526|3285, 278526|3299, 278527|3311, 278527|3351, 278528|3367, 278528|3411, 278530|3424, 278530|3436, 278531|3449, 278531|3668, 278532|3681, 278532|3692, 278534|3717, 278534|3728, 278536|3749, 278536|4005, com.dropbox.android, 
278566|1, 278566|778, 278576|1102, 278577|1180, 278577|4001, org.catrobat.catroid, 
278579|1, 278579|1281, 278580|1337, 278582|1428, 278583|1527, 278586|1589, 278586|1624, 278599|1675, 278599|1720, 278601|1803, 278601|1828, 278606|1902, 278608|1959, 278608|1993, 278612|2045, 278616|2094, 278617|2151, 278619|2202, 278619|2246, 278627|2317, 278628|2363, 278630|2451, 278644|3000, 278644|3141, 278645|3276, 278645|4003, com.ebay.mobile, 
278653|1, 278653|3035, 278657|3047, 278657|3259, 278660|3277, 278669|3303, 278669|3701, 278672|3744, 278672|3771, 278675|3811, 278675|3841, 278677|3853, 278679|3866, 278679|3878, 278688|3898, 278688|3909, 278690|3922, 278690|3932, 278692|3947, 278692|3958, 278694|3972, 278696|3988, 278696|4002, at.DiTronic.androidgroup.randomgallery, 
278702|1, 278702|1140, 278712|1623, 278712|1879, 278715|2165, 278727|2280, 278736|2365, 278741|2405, 278750|2455, 278752|2497, 278754|2569, 278755|2625, 278755|4003, com.android.chrome, 
278767|1, 278767|2863, 278775|3087, 278775|3220, 278776|3248, 278776|3269, 278779|3295, 278779|4016, air.com.hypah.io.slither, 
278799|1, 278799|202, 278801|238, 278801|248, 278803|278, 278803|320, 278806|345, 278806|390, 278811|440, 278811|570, 278820|740, 278820|1025, 278821|1097, 278823|1161, 278827|1206, 278827|1272, 278830|1383, 278830|1502, 278831|1571, 278831|4009, org.catrobat.catroid, 
278833|1, 278833|1040, 278835|1100, 278836|1155, 278836|1194, 278838|1207, 278845|1270, 278851|1324, 278876|1396, 278876|1407, 278887|1429, 278890|1475, 278894|1568, 278896|1616, 278900|1650, 278906|1715, 278907|1740, 278909|1794, 278913|1838, 278914|1863, 278915|1902, 278916|1940, 278918|1979, 278918|2692, 278919|2706, 278919|3000, 278920|3013, 278920|3084, 278921|3108, 278922|3125, 278922|3149, 278924|3172, 278924|3190, 278925|3206, 278927|3223, 278927|3322, 278928|3341, 278930|3373, 278930|3396, 278931|3409, 278933|3453, 278933|3524, 278934|3541, 278934|3552, 278937|3564, 278937|3575, 278941|3601, 278943|3613, 278943|3723, 278944|3735, 278945|3757, 278945|3807, 278946|3818, 278946|4006, com.dropbox.android, 
278975|1, 278975|2880, 278976|2902, 278979|2960, 278979|2979, 278980|2997, 278980|3043, 278981|3057, 278982|3069, 278982|3087, 278989|3101, 278989|3117, 278994|3129, 278996|3141, 278996|3217, 278997|3227, 278997|3453, 278999|3466, 279000|3478, 279000|3931, 279001|3952, 279001|4003, com.google.android.apps.photos, 
279006|1, 279006|715, 279007|779, 279008|867, 279014|1064, 279016|1155, 279017|1306, 279017|1457, 279019|1578, 279020|1689, 279020|2866, 279021|2895, 279022|2947, 279029|3084, 279030|3146, 279033|3190, 279033|3292, 279034|3321, 279034|3337, 279037|3359, 279037|4041, com.scb.breezebanking.hk, 
279039|1, 279039|1523, 279049|1693, 279049|2075, 279064|2310, 279064|2323, 279078|2395, 279085|2460, 279094|2518, 279099|2605, 279099|4002, com.android.chrome, 
279109|1, 279109|1064, 279111|1104, 279112|1142, 279112|1304, 279113|1316, 279114|1328, 279114|1506, 279119|1544, 279119|1593, 279120|1607, 279120|1820, 279122|1830, 279122|2069, 279123|2109, 279123|2302, 279127|2400, 279131|2438, 279133|2483, 279135|2524, 279136|2556, 279136|2838, 279137|2872, 279137|4002, com.Slack, 
279156|1, 279156|902, 279157|936, 279159|1082, 279159|4007, com.whatsapp, 
279159|1, 279159|4008, com.android.vending, 
279159|1, 279159|2747, 279160|2772, 279160|2822, 279161|2834, 279164|2849, 279164|2868, 279165|2880, 279170|2891, 279170|2901, 279171|2913, 279174|2925, 279177|2936, 279177|2996, 279178|3008, 279178|3261, 279181|3274, 279181|3830, 279182|3847, 279182|4008, com.google.android.apps.photos, 
279187|1, 279187|702, 279188|742, 279190|784, 279190|799, 279192|818, 279192|839, 279197|861, 279197|877, 279200|906, 279202|924, 279202|939, 279203|956, 279203|1028, 279208|1043, 279208|1054, 279210|1070, 279210|1143, 279211|1154, 279211|1348, 279212|1360, 279213|1374, 279213|1581, 279214|1598, 279214|1931, 279215|1974, 279216|2011, 279216|2040, 279218|2059, 279218|2069, 279223|2091, 279223|2170, 279225|2191, 279226|2228, 279226|2774, 279227|2808, 279227|4004, com.Slack, 
279233|1, 279233|959, 279236|1066, 279244|1136, 279245|1164, 279245|1265, 279247|1276, 279247|1418, 279253|1432, 279253|1450, 279254|1464, 279254|1476, 279255|1486, 279255|1616, 279256|1630, 279257|1647, 279257|1861, 279258|1875, 279258|2236, 279259|2272, 279259|2300, 279261|2321, 279261|2335, 279266|2364, 279269|2457, 279269|2642, 279270|2685, 279270|4002, com.Slack, 
279276|1, 279276|2436, 279286|2797, 279286|3051, 279287|3087, 279288|3144, 279289|3179, 279289|3214, 279291|3226, 279291|3248, 279293|3259, 279293|3399, 279295|3420, 279297|3479, 279297|3562, 279301|3614, 279301|4020, air.com.hypah.io.slither, 
279305|1, 279305|228, 279306|328, 279306|391, 279307|415, 279307|521, 279309|535, 279310|564, 279313|599, 279317|629, 279317|693, 279319|713, 279319|734, 279320|759, 279320|839, 279322|896, 279322|977, 279323|1046, 279324|1100, 279324|1181, 279329|1219, 279329|1352, 279332|1452, 279334|1555, 279352|1643, 279367|1725, 279372|1785, 279374|1821, 279378|1853, 279380|1879, 279387|1931, 279404|2045, 279406|2056, 279406|2069, 279413|2091, 279414|2119, 279418|2165, 279420|2235, 279420|2323, 279421|2342, 279421|2358, 279425|2392, 279427|2430, 279428|2475, 279431|2524, 279431|2551, 279432|2582, 279433|2619, 279435|2637, 279435|2663, 279436|2684, 279436|2701, 279437|2715, 279438|2744, 279439|2757, 279439|2797, 279441|2809, 279441|2855, 279443|2870, 279443|2881, 279445|2922, 279449|2953, 279451|2966, 279451|3241, 279456|3259, 279456|3270, 279457|3287, 279457|3306, 279462|3326, 279462|3543, 279463|3554, 279463|3632, 279465|3645, 279467|3662, 279469|3673, 279469|4013, com.dropbox.android, 
279504|1, 279504|2815, 279511|2984, 279511|3109, 279516|3155, 279516|4014, air.com.hypah.io.slither, 
279533|1, 279533|1012, 279534|1070, 279534|1117, 279543|1218, 279545|1264, 279546|1304, 279546|1324, 279548|1336, 279548|1437, 279553|1449, 279553|1518, 279555|1532, 279555|1659, 279557|1671, 279557|1900, 279558|1911, 279558|2274, 279559|2316, 279567|2389, 279567|2452, 279568|2531, 279569|2555, 279570|2576, 279570|3302, 279571|3337, 279571|4010, com.Slack, 
279577|1, 279577|977, 279578|996, 279582|1078, 279592|1140, 279597|1170, 279597|1181, 279602|1219, 279608|1320, 279612|1371, 279618|1411, 279639|1528, 279645|1586, 279649|1745, 279649|1807, 279653|1899, 279655|1922, 279655|1956, 279657|1982, 279660|2019, 279662|2060, 279662|2143, 279664|2158, 279666|2182, 279666|2243, 279668|2270, 279668|2283, 279670|2305, 279670|2362, 279671|2379, 279671|2401, 279672|2414, 279672|2428, 279673|2440, 279674|2453, 279674|2486, 279675|2499, 279677|2512, 279678|2524, 279678|2567, 279680|2581, 279680|2793, 279685|2815, 279687|2848, 279691|2874, 279691|3140, 279692|3153, 279692|4011, com.dropbox.android, 
279720|1, 279720|2917, 279721|2933, 279721|3077, 279733|3093, 279733|3605, 279734|3669, 279736|3717, 279738|3738, 279738|3756, 279740|3769, 279743|3791, 279743|3802, 279747|3814, 279755|3842, 279755|3858, 279758|3873, 279758|3884, 279760|3911, 279760|4009, at.DiTronic.androidgroup.randomgallery, 
279766|1, 279766|2480, 279768|2520, 279769|2558, 279770|2587, 279770|2956, 279771|2977, 279771|3035, 279773|3065, 279780|3184, 279786|3250, 279786|3321, 279787|3350, 279787|3519, 279788|3538, 279788|3562, 279791|3585, 279792|3604, 279792|4011, com.google.android.apps.photos, 
279797|1, 279797|868, 279798|913, 279798|4004, com.whatsapp, 
279798|1, 279798|1060, 279799|1100, 279801|1176, 279806|1262, 279806|1295, 279808|1340, 279809|1389, 279809|1455, 279810|1494, 279810|4014, org.catrobat.catroid, 
279812|1, 279812|2795, 279813|2850, 279813|3001, 279821|3015, 279826|3029, 279826|3500, 279830|3564, 279831|3589, 279832|3605, 279834|3618, 279834|3628, 279839|3652, 279847|3671, 279847|3681, 279849|3694, 279851|3723, 279853|3745, 279853|4022, at.DiTronic.androidgroup.randomgallery, 
279862|1, 279862|4006, com.android.vending, 
279864|1, 279864|663, 279865|737, 279866|796, 279871|970, 279871|1250, 279875|1508, 279875|1936, 279877|2025, 279878|2224, 279878|3185, 279880|3216, 279881|3242, 279889|3334, 279889|3375, 279890|3391, 279891|3441, 279894|3500, 279895|3559, 279895|3577, 279898|3612, 279898|4004, com.scb.breezebanking.hk, 
279900|1, 279900|814, 279903|955, 279905|1042, 279906|1072, 279909|1091, 279909|1106, 279915|1134, 279916|1151, 279917|1163, 279917|1194, 279918|1208, 279923|1225, 279923|1247, 279924|1258, 279924|1303, 279925|1318, 279925|1372, 279926|1384, 279926|1561, 279927|1577, 279927|2253, 279929|2350, 279930|2368, 279931|2381, 279931|2405, 279934|2417, 279934|2505, 279938|2519, 279938|2548, 279939|2591, 279939|3063, 279940|3086, 279940|4003, com.Slack, 
279946|1, 279946|3169, 279948|3310, 279954|3382, 279955|3417, 279956|3454, 279979|3497, 279981|3530, 279982|3592, 279982|3619, 279984|3655, 279986|3680, 279986|3713, 279987|3738, 279987|3772, 279989|3794, 279990|3833, 279991|3854, 279991|4011, air.com.hypah.io.slither, 
280031|1, 280031|1108, 280032|1327, 280032|1599, 280033|1647, 280036|1748, 280039|1797, 280040|1876, 280047|1942, 280047|1959, 280048|2004, 280048|2336, 280051|2386, 280051|3669, 280054|3716, 280055|3739, 280056|3751, 280056|3786, 280057|3802, 280057|3825, 280060|3837, 280066|3849, 280066|3872, 280068|3886, 280068|3910, 280069|3922, 280070|3934, 280070|3945, 280072|3967, 280072|4006, com.google.android.apps.docs, 
280075|1, 280075|1202, 280077|1316, 280079|1389, 280089|1540, 280090|1625, 280090|1881, 280093|1923, 280093|3076, 280094|3122, 280095|3189, 280100|3250, 280106|3266, 280108|3293, 280108|3319, 280110|3332, 280110|3382, 280112|3395, 280112|4012, com.google.android.apps.docs, 
280116|1, 280116|668, 280117|743, 280118|804, 280125|879, 280125|1005, 280128|1129, 280128|1517, 280131|1601, 280131|2731, 280132|2775, 280133|2831, 280135|2858, 280135|2883, 280140|2900, 280140|2928, 280141|2966, 280145|3005, 280145|3083, 280146|3097, 280146|3109, 280149|3135, 280149|4003, com.scb.breezebanking.hk, 
280151|1, 280151|1779, 280155|1841, 280156|1854, 280156|1894, 280161|1906, 280161|1940, 280167|1953, 280167|1963, 280168|1975, 280172|1986, 280177|1999, 280177|2177, 280179|2193, 280179|2205, 280181|2228, 280181|2277, 280183|2289, 280183|2301, 280184|2312, 280184|2415, 280187|2427, 280187|3601, 280190|3626, 280190|4065, com.google.android.music, 
280217|1, 280217|905, 280218|953, 280225|1161, 280228|1207, 280228|1325, 280229|1391, 280229|4009, org.catrobat.catroid, 
280231|1, 280231|712, 280232|801, 280239|889, 280240|944, 280240|1014, 280241|1095, 280241|4003, org.catrobat.catroid, 
280243|1, 280243|4004, com.android.vending, 
280243|1, 280243|849, 280245|883, 280250|966, 280253|1066, 280253|1246, 280254|1332, 280254|4004, org.catrobat.catroid, 
280256|1, 280256|794, 280258|863, 280260|905, 280263|1081, 280265|1211, 280266|1258, 280266|1615, 280268|1629, 280268|1639, 280269|1674, 280269|2330, 280270|2394, 280270|2420, 280271|2435, 280271|2464, 280273|2484, 280277|2503, 280277|2548, 280279|2571, 280279|2598, 280280|2618, 280280|2765, 280282|2795, 280285|2852, 280285|4007, com.scb.breezebanking.hk, 
280287|1, 280287|2737, 280288|2762, 280289|2773, 280289|2885, 280292|2907, 280292|2956, 280294|2969, 280294|2995, 280300|3038, 280305|3057, 280307|3071, 280307|3132, 280308|3145, 280308|3452, 280311|3464, 280311|3574, 280312|3598, 280312|3752, 280313|3765, 280313|4008, com.google.android.apps.photos, 
280318|1, 280318|2194, 280319|2213, 280319|2229, 280320|2251, 280321|2268, 280321|2308, 280323|2331, 280323|2563, 280325|2581, 280325|4008, com.sometimeswefly.littlealchemy, 
280327|1, 280327|1920, 280328|1941, 280329|1954, 280329|1967, 280335|2087, 280335|2117, 280336|2157, 280337|2219, 280338|2282, 280338|2301, 280339|2329, 280340|2392, 280342|2461, 280342|2638, 280344|2669, 280344|4034, com.sometimeswefly.littlealchemy, 
280346|1, 280346|2108, 280348|2198, 280348|2508, 280349|2542, 280349|2811, 280350|2834, 280350|2889, 280352|2912, 280352|2939, 280357|2951, 280358|2977, 280363|2988, 280363|2997, 280364|3015, 280364|3067, 280365|3085, 280365|3140, 280366|3152, 280366|3356, 280369|3374, 280370|3386, 280370|4002, com.google.android.apps.photos, 
280375|1, 280375|999, 280376|1047, 280376|4002, com.whatsapp, 
280376|1, 280376|1278, 280377|1362, 280378|1400, 280380|1435, 280383|1508, 280392|1664, 280392|1849, 280395|1893, 280395|2965, 280396|3030, 280398|3096, 280401|3135, 280406|3163, 280406|3173, 280409|3192, 280409|3223, 280412|3242, 280412|3515, 280414|3526, 280414|4009, com.google.android.apps.docs, 
280418|1, 280418|1397, 280420|1453, 280428|1598, 280428|2191, 280434|2431, 280451|2558, 280463|2661, 280468|2738, 280470|2808, 280470|2853, 280471|2878, 280471|4008, com.android.chrome, 
280481|1, 280481|1195, 280487|1388, 280487|1827, 280488|1947, 280492|1999, 280502|2060, 280512|2160, 280524|2238, 280536|2338, 280537|2363, 280537|4007, com.android.chrome, 
280543|1, 280543|660, 280544|671, 280544|4011, com.whatsapp, 
