622475673|1, 622475673|1297, 622475809|1377, 622475911|1491, 622475911|1604, 622475995|1686, 622475995|1886, 622479269|1975, 622479511|2037, 622479511|2065, 622479551|2087, 622479551|2209, 622479766|2292, 622479766|2392, 622484806|2548, 622484806|2712, 622484977|2900, 622484977|3046, 622486536|3243, 622487341|3381, 622487341|3537, 622487425|3562, 622487425|3726, 622496830|3785, 622496870|4019, com.ebay.mobile, 
622512791|1, 622512791|789, 622513047|868, 622513227|895, 622517044|963, 622517124|1042, 622517414|1063, 622517414|1127, 622518554|1259, 622524586|1505, 622524586|1541, 622524831|1613, 622524831|2053, 622524871|2065, 622524871|2276, 622525026|2289, 622525026|2579, 622525503|2598, 622525543|2657, 622525543|2872, 622525924|2902, 622526008|2942, 622526008|3092, 622526293|3130, 622526293|3704, 622526674|3715, 622526674|4006, com.sololearn.cplusplus, 
622526937|1, 622526937|265, 622527079|281, 622527209|302, 622527209|331, 622527253|349, 622527293|382, 622531146|404, 622531186|423, 622531226|444, 622531571|469, 622531571|486, 622532027|505, 622532027|4007, com.ted.android.conference, 
622537736|1, 622537736|1283, 622537865|1319, 622537982|1381, 622537982|1399, 622538026|1423, 622538026|1471, 622538066|1487, 622542161|1512, 622542245|1537, 622546437|1598, 622550505|1635, 622550925|1737, 622559185|1778, 622563333|1827, 622563333|1879, 622563377|1892, 622563501|1909, 622563501|1922, 622567569|1938, 622571677|1978, 622571677|2009, 622571717|2026, 622571968|2055, 622572539|2083, 622573252|2259, 622573252|2330, 622574501|2382, 622576046|2448, 622577366|2700, 622577366|2763, 622577639|2845, 622577679|2881, 622577679|3132, 622578342|3146, 622578342|3331, 622582397|3346, 622582437|3356, 622582477|3368, 622582477|3644, 622582791|3658, 622582791|3889, 622583450|3929, 622583490|3944, 622583490|4002, com.dropbox.android, 
622590303|1, 622590303|904, 622590469|934, 622590469|1088, 622590513|1161, 622590553|1204, 622590721|1294, 622593777|1352, 622603452|1444, 622603452|1491, 622623872|1610, 622623872|2133, 622623992|2197, 622624203|2214, 622624632|2227, 622624763|2263, 622624803|2286, 622624883|2307, 622624923|2333, 622624923|2385, 622625407|2402, 622625407|2413, 622625447|2425, 622625447|2470, 622626656|2492, 622626656|2538, 622628154|2559, 622628154|2684, 622628920|2696, 622628920|2713, 622629787|2754, 622629787|2770, 622630383|2787, 622630467|2807, 622632226|2828, 622632226|2865, 622632266|2889, 622632266|2998, 622636361|3020, 622636441|3046, 622636441|3078, 622638023|3103, 622638103|3115, 622638103|3173, 622638951|3184, 622638951|3209, 622639265|3223, 622639265|3451, 622641456|3465, 622641456|3479, 622641536|3505, 622641536|3862, 622643148|3879, 622643188|3891, 622643228|3903, 622643228|4009, com.dropbox.android, 
622647400|1, 622647400|2426, 622647512|2440, 622647512|2703, 622647640|2721, 622647640|2937, 622647724|2949, 622647724|3141, 622647931|3156, 622647931|3344, 622648015|3356, 622648015|3552, 622652407|3565, 622652407|3746, 622652580|3759, 622652620|3772, 622652620|3951, 622652735|3978, 622652735|4005, com.bankofamerica.cashpromobile, 
622654000|1, 622654000|1949, 622655437|1967, 622655437|1979, 622655495|1993, 622655495|2053, 622656096|2065, 622656096|4005, com.android.chrome, 
622656214|1, 622656214|636, 622656470|664, 622656470|695, 622660621|849, 622660621|931, 622667669|1149, 622667669|1247, 622667914|1278, 622667914|1349, 622667954|1455, 622667954|1645, 622668069|1695, 622668109|1730, 622668109|1993, 622668586|2005, 622668626|2033, 622668626|2297, 622669091|2320, 622669091|2608, 622669376|2654, 622669376|3115, 622669757|3133, 622669757|4004, com.sololearn.cplusplus, 
622670020|1, 622670020|4005, com.google.android.gm, 
622670020|1, 622670020|2261, 622670166|2291, 622670166|2301, 622670278|2311, 622670278|2350, 622670322|2360, 622670362|2371, 622670362|2391, 622670621|2407, 622670621|2512, 622671529|2527, 622671720|2561, 622671720|2627, 622671851|2646, 622672130|2657, 622672130|2691, 622672258|2712, 622672298|2726, 622672298|2738, 622679858|2754, 622679858|2779, 622680098|2801, 622680719|2817, 622681260|2844, 622681260|2858, 622681416|2874, 622681416|2886, 622694874|2915, 622694914|2939, 622694914|3178, 622695041|3219, 622695041|3229, 622695316|3239, 622695316|3276, 622695400|3286, 622695400|3315, 622699165|3327, 622699165|3348, 622699205|3359, 622699205|3378, 622699288|3392, 622699768|3408, 622699768|3602, 622700493|3613, 622700493|3683, 622702246|3701, 622702246|4148, com.google.android.music, 
622710846|1, 622710846|1890, 622710974|1937, 622710974|2067, 622711058|2084, 622711058|2280, 622711265|2294, 622711265|2480, 622711349|2493, 622711349|2692, 622715954|2705, 622715954|2889, 622716069|2901, 622716069|2920, 622716109|2930, 622716109|3101, 622716762|3119, 622716762|3923, 622717031|3946, 622717115|3975, 622717115|4029, com.bankofamerica.cashpromobile, 
622726750|1, 622726750|2406, 622726834|2416, 622726834|2437, 622730586|2456, 622730586|2469, 622730706|2491, 622730706|2500, 622731045|2513, 622731045|2825, 622731986|2860, 622731986|4001, com.google.android.keep, 
622732066|1, 622732066|4006, com.ted.android.conference, 
622732066|1, 622732066|1330, 622732200|1356, 622732322|1383, 622736100|1480, 622736390|1532, 622736390|1641, 622737482|1656, 622737482|4007, org.catrobat.catroid, 
622737585|1, 622737585|1104, 622737714|1157, 622737831|1178, 622737831|1222, 622737963|1264, 622742514|1349, 622754878|1384, 622755046|1411, 622755046|1433, 622763346|1465, 622767498|1540, 622767498|1553, 622771646|1575, 622771686|1620, 622771857|1655, 622772079|1692, 622772159|1761, 622772199|1833, 622772330|1886, 622772370|1960, 622774620|2020, 622774751|2053, 622774831|2081, 622774962|2105, 622774962|2142, 622775800|2156, 622775840|2170, 622775880|2181, 622776178|2235, 622776178|2348, 622776774|2361, 622776774|2374, 622777583|2392, 622778723|2407, 622778763|2422, 622780302|2441, 622780382|2457, 622781001|2474, 622781001|2490, 622781145|2538, 622781145|2769, 622783354|2794, 622784182|2810, 622784182|2826, 622784262|2840, 622784262|2967, 622788357|2979, 622788357|2990, 622788397|3001, 622788437|3018, 622788437|3048, 622789103|3060, 622789103|3188, 622791030|3211, 622791030|3233, 622791110|3249, 622791110|3558, 622791922|3571, 622791922|3592, 622792708|3604, 622792788|3614, 622792788|4006, com.dropbox.android, 
622798641|1, 622798641|1047, 622799085|1248, 622799525|1420, 622799525|2217, 622803838|2376, 622806194|2484, 622806516|2570, 622806516|2619, 622812304|2702, 622813455|2801, 622813455|4008, com.android.chrome, 
622813615|1, 622813615|4001, at.DiTronic.androidgroup.randomgallery, 
622838237|1, 622838237|848, 622838719|1003, 622842461|1121, 622842461|1435, 622843257|1459, 622843320|1492, 622843320|3140, 622843392|3176, 622847503|3238, 622847849|3338, 622847889|3381, 622849726|3444, 622849726|3506, 622849766|3518, 622849766|3565, 622851475|3596, 622851475|4006, com.scb.breezebanking.hk, 
622851608|1, 622851608|1194, 622851891|1478, 622856452|1649, 622856452|2474, 622856536|2509, 622856536|2532, 622860483|2566, 622862551|2600, 622862959|2668, 622862959|2836, 622864512|2959, 622865153|3032, 622865153|3801, 622865193|3828, 622865193|3858, 622865649|3882, 622865649|4009, com.android.chrome, 
622865969|1, 622865969|2179, 622866053|2192, 622866053|2223, 622869805|2241, 622869805|2252, 622869925|2262, 622869925|2284, 622870264|2295, 622870264|2489, 622871149|2509, 622871149|4007, com.google.android.keep, 
622871229|1, 622871229|3160, 622871368|3172, 622871368|3185, 622871495|3200, 622871495|3243, 622871539|3261, 622871579|3278, 622871579|3309, 622878272|3326, 622878272|3382, 622878312|3409, 622878312|3451, 622878512|3479, 622878968|3502, 622879008|3515, 622879008|3553, 622879097|3565, 622879097|3596, 622879137|3609, 622879177|3624, 622879177|3649, 622879247|3660, 622879247|4007, com.google.android.apps.photos, 
622881725|1, 622881725|1802, 622881933|1880, 622882017|1949, 622886416|2081, 622886616|2185, 622886616|2225, 622887455|2260, 622887455|2441, 622887574|2482, 622887753|2573, 622888519|2772, 622888519|3549, 622888559|3585, 622888559|3629, 622888875|3658, 622888875|4020, com.sometimeswefly.littlealchemy, 
622889035|1, 622889035|2219, 622889119|2251, 622889119|2567, 622889885|2585, 622889885|4001, com.sometimeswefly.littlealchemy, 
622889965|1, 622889965|1941, 622890881|2026, 622891049|2073, 622891049|2104, 622898609|2115, 622898609|2125, 622898689|2144, 622899009|2161, 622899510|2172, 622900011|2182, 622900011|2192, 622900089|2203, 622900167|2214, 622900167|2263, 622913667|2289, 622913667|3158, 622915327|3190, 622915327|4014, com.google.android.music, 
622920761|1, 622920761|1790, 622920887|1806, 622920887|1838, 622920971|1850, 622920971|1872, 622922429|1881, 622924763|1897, 622924763|1911, 622925182|1931, 622925182|2293, 622925776|2303, 622926181|2320, 622926181|4004, com.google.android.keep, 
622926261|1, 622926261|1746, 622926389|1780, 622926389|1963, 622926473|1976, 622926473|2106, 622926724|2117, 622926724|2244, 622926808|2254, 622926808|2419, 622931200|2437, 622931200|2621, 622931413|2634, 622931413|2815, 622931528|2830, 622931528|2852, 622931568|2864, 622931568|3021, 622932181|3035, 622932221|3047, 622932221|3783, 622932490|3818, 622932574|3894, 622936944|4064, com.bankofamerica.cashpromobile, 
622942489|1, 622942489|4007, com.ted.android.conference, 
622942489|1, 622942489|750, 622942668|889, 622942800|967, 622942800|1010, 622943140|1094, 622943224|1126, 622949976|1159, 622950056|1215, 622950346|1228, 622950346|1359, 622951552|1371, 622951552|1943, 622951672|1956, 622951672|2080, 622952715|2147, 622952715|2269, 622952799|2390, 622952799|2482, 622958868|2493, 622958868|2515, 622958908|2551, 622958908|2692, 622959039|2704, 622959039|2893, 622960382|2913, 622960382|2960, 622960593|2996, 622960850|3014, 622960850|3092, 622960974|3178, 622960974|3275, 622967043|3289, 622967043|3309, 622968364|3337, 622968364|3364, 622968404|3383, 622968404|3452, 622968535|3485, 622968535|3534, 622969820|3578, 622970029|3605, 622970029|4001, com.mxtech.videoplayer.ad, 
622971293|1, 622971293|636, 622971385|686, 622971588|699, 622975201|735, 622975201|873, 622975655|1009, 622976711|1068, 622982743|1099, 622982743|1225, 622982988|1305, 622982988|1472, 622983028|1495, 622983028|1692, 622983183|1705, 622983183|2000, 622983660|2012, 622983660|2023, 622983700|2047, 622983700|2304, 622984125|2339, 622984165|2371, 622984165|2603, 622984370|2623, 622984450|2639, 622984450|3230, 622984831|3241, 622984831|4010, com.sololearn.cplusplus, 
622985134|1, 622985134|4008, com.ted.android.conference, 
622985134|1, 622985134|1295, 622985391|1353, 622985391|1419, 622985583|1448, 622985583|1489, 622985667|1517, 622985667|1541, 622985751|1590, 622985751|1607, 622991820|1647, 622996416|1700, 622996416|1787, 622996496|1849, 622996496|1875, 622996580|1906, 622997009|1960, 622997009|1990, 622997133|2036, 623000379|2076, 623001401|2148, 623001401|2172, 623004647|2207, 623004647|2236, 623005460|2290, 623005500|2321, 623005500|2375, 623005540|2396, 623005540|2428, 623006353|2462, 623006353|2503, 623006524|2561, 623006615|2608, 623007548|2680, 623007548|2694, 623009063|2753, 623012809|2968, 623012809|3009, 623013785|3055, 623014069|3134, 623017982|3182, 623019037|3202, 623019077|3236, 623019077|3400, 623019850|3436, 623019890|3459, 623019890|3481, 623029723|3499, 623029723|3563, 623030496|3584, 623030496|4016, com.ebay.mobile, 
623030958|1, 623030958|1718, 623031002|1728, 623031042|1740, 623031042|1751, 623034794|1769, 623034794|1785, 623034914|1805, 623034914|1815, 623035253|1825, 623035253|2148, 623036175|2162, 623036175|4002, com.google.android.keep, 
623036255|1, 623036255|1045, 623036955|1338, 623036955|1963, 623037042|2055, 623037126|2092, 623042630|2161, 623043550|2275, 623043550|2303, 623045045|2370, 623045103|2411, 623045705|2444, 623045705|4004, com.android.chrome, 
623045785|1, 623045785|4010, at.DiTronic.androidgroup.randomgallery, 
623070360|1, 623070360|543, 623070616|613, 623074314|664, 623074398|771, 623074768|903, 623075824|946, 623081856|1003, 623081856|1157, 623082141|1254, 623082141|1464, 623082296|1497, 623082296|1775, 623082773|1792, 623082813|1809, 623082813|2083, 623083278|2099, 623083278|2281, 623083523|2308, 623083563|2333, 623083563|2912, 623083944|2925, 623083944|4015, com.sololearn.cplusplus, 
623084207|1, 623084207|850, 623084337|898, 623084337|925, 623084421|952, 623084421|971, 623088274|989, 623088354|1009, 623088354|1026, 623088699|1039, 623088699|1069, 623089155|1079, 623089155|1157, 623089195|1174, 623089195|1217, 623089651|1236, 623089651|4011, com.ted.android.conference, 
623089651|1, 623089651|799, 623089735|818, 623089735|846, 623093512|896, 623093802|915, 623093802|984, 623096940|1007, 623096940|1060, 623098146|1096, 623098146|1813, 623098266|1849, 623098266|2051, 623098817|2083, 623098817|3227, 623098930|3265, 623098930|3303, 623099014|3317, 623099014|3338, 623104209|3358, 623104249|3383, 623104249|3469, 623104289|3484, 623104289|3502, 623104420|3519, 623109197|3559, 623113070|3588, 623113070|3620, 623113476|3632, 623113476|3657, 623118671|3667, 623118711|3681, 623118711|3704, 623120162|3720, 623120162|3749, 623120445|3772, 623120445|3784, 623120688|3800, 623120728|3815, 623120728|3847, 623120971|3860, 623121011|3877, 623121011|3898, 623121254|3913, 623121254|4001, com.mxtech.videoplayer.ad, 
623122235|1, 623122235|634, 623122369|701, 623122369|745, 623126307|917, 623126677|1003, 623126677|1111, 623127817|1139, 623127817|1404, 623133889|1420, 623133889|2002, 623134134|2014, 623134134|2043, 623134174|2055, 623134174|2624, 623134329|2728, 623134329|2940, 623134806|2956, 623134846|2973, 623134846|3164, 623135227|3179, 623135311|3195, 623135311|3421, 623135596|3432, 623135596|4006, com.sololearn.cplusplus, 
623136240|1, 623136240|3517, 623136352|3605, 623136524|3688, 623137056|3791, 623137056|3813, 623137096|3836, 623138796|3971, 623138796|4028, air.com.hypah.io.slither, 
623153124|1, 623153124|2888, 623153244|2912, 623153244|3124, 623167833|3141, 623167833|3534, 623167917|3545, 623167917|3579, 623172226|3606, 623172715|3617, 623172715|3643, 623173084|3657, 623173084|3815, 623173253|3849, 623173421|3865, 623173764|3908, 623173804|3942, 623177501|3963, 623177581|3977, 623177581|3988, 623177930|3999, 623177930|4014, at.DiTronic.androidgroup.randomgallery, 
623179583|1, 623179583|736, 623179805|902, 623183217|1005, 623183217|1067, 623183587|1247, 623183587|1648, 623184383|1737, 623184446|1846, 623184446|3228, 623188669|3336, 623189015|3435, 623189015|3472, 623190852|3515, 623190852|3593, 623190892|3632, 623192601|3655, 623192601|4015, com.scb.breezebanking.hk, 
623192774|1, 623192774|4009, com.ted.android.conference, 
623192774|1, 623192774|2189, 623192814|2207, 623192814|4010, com.ted.android.conference, 
623192854|1, 623192854|4005, com.android.vending, 
623192854|1, 623192854|1183, 623193098|1281, 623193098|4001, com.whatsapp, 
623193098|1, 623193098|1814, 623193226|1854, 623193226|2028, 623193310|2039, 623193310|2162, 623193561|2184, 623193561|2368, 623193645|2380, 623193645|2567, 623198037|2579, 623198037|2782, 623198826|2794, 623198826|2991, 623198941|3011, 623198941|3035, 623198981|3052, 623198981|3188, 623199634|3203, 623199634|3919, 623199903|3935, 623199903|3953, 623199987|3991, 623199987|4018, com.bankofamerica.cashpromobile, 
623209702|1, 623209702|2072, 623209746|2083, 623209786|2102, 623209786|2282, 623209993|2293, 623209993|2491, 623210077|2503, 623210077|2693, 623215258|2704, 623215258|2899, 623215373|2920, 623215373|2931, 623215413|2942, 623215413|3106, 623216066|3131, 623216066|3724, 623216150|3767, 623216150|3925, 623220520|3979, 623220520|4022, com.bankofamerica.cashpromobile, 
623227294|1, 623227294|729, 623227370|793, 623227370|4004, com.whatsapp, 
623227370|1, 623227370|2254, 623227454|2288, 623227454|2574, 623228220|2640, 623228220|4023, com.sometimeswefly.littlealchemy, 
623228300|1, 623228300|4003, com.google.android.gm, 
623228300|1, 623228300|1046, 623228558|1166, 623228558|1234, 623228686|1271, 623232978|1309, 623232978|1324, 623237231|1348, 623237231|1464, 623237431|1503, 623238141|1533, 623238141|1635, 623239284|1661, 623239284|1948, 623245389|1969, 623245389|2269, 623245549|2429, 623249884|2583, 623269759|2698, 623269759|2827, 623269879|2890, 623270274|2921, 623270709|2957, 623270709|2968, 623270789|3024, 623273940|3079, 623274020|3126, 623277046|3171, 623286239|3226, 623291599|3291, 623291599|3941, 623291727|3981, 623291843|4027, com.android.vending, 
623315316|1, 623315316|92, 623315356|106, 623315356|1935, 623315400|1947, 623315400|1959, 623315440|1975, 623315440|1985, 623315659|1995, 623315699|2007, 623315699|2120, 623316935|2135, 623316935|2247, 623317019|2307, 623320855|2329, 623324687|2391, 623344523|2503, 623374325|2536, 623374325|2801, 623375206|2816, 623375206|3046, 623375290|3058, 623375290|3083, 623375869|3094, 623375869|3173, 623377423|3187, 623377423|4001, com.google.android.keep, 
623378039|1, 623378039|1727, 623385767|1818, 623385767|1842, 623385807|1861, 623386127|1883, 623386588|1901, 623387089|1915, 623387167|1927, 623387245|1937, 623387245|2017, 623400703|2029, 623400743|2042, 623400743|2914, 623402340|2948, 623402482|4044, com.google.android.music, 
623428217|1, 623428217|813, 623428557|904, 623432256|960, 623435394|1012, 623435764|1084, 623435764|1201, 623436970|1214, 623436970|1805, 623437090|1830, 623437090|1958, 623437898|2120, 623437898|2216, 623437982|2279, 623437982|2477, 623444091|2488, 623444091|2501, 623444131|2514, 623444131|2674, 623444222|2686, 623444262|2699, 623444262|2886, 623444471|2898, 623444471|3022, 623444628|3087, 623444708|3123, 623449903|3139, 623449903|3201, 623449943|3224, 623449943|3235, 623450074|3252, 623451354|3275, 623451354|3287, 623454764|3305, 623454764|3347, 623454878|3391, 623454962|3419, 623454962|3440, 623461396|3463, 623461396|3476, 623461436|3488, 623461436|3510, 623461607|3523, 623461607|3537, 623461850|3551, 623461890|3568, 623461890|3594, 623462133|3605, 623462173|3618, 623462173|3730, 623462416|3743, 623462456|3758, 623462456|3861, 623462699|3880, 623462699|4001, com.mxtech.videoplayer.ad, 
623463335|1, 623463335|767, 623466969|928, 623467339|991, 623467339|1329, 623468095|1453, 623468238|1527, 623468238|2700, 623468394|2770, 623472501|2792, 623472807|2824, 623472847|2871, 623474684|2899, 623474684|2991, 623474724|3010, 623474724|3046, 623476433|3072, 623476433|4010, com.scb.breezebanking.hk, 
623476566|1, 623476566|786, 623476688|837, 623476856|878, 623480471|915, 623480841|975, 623483979|1017, 623483979|1109, 623485185|1127, 623485185|1728, 623485305|1774, 623485305|1895, 623486326|1949, 623486326|2151, 623486410|2194, 623486410|2381, 623492479|2392, 623492479|2432, 623492519|2447, 623492519|2576, 623492610|2589, 623492650|2602, 623492650|2812, 623492859|2841, 623492859|2930, 623492972|3004, 623493056|3064, 623498251|3089, 623498251|3199, 623499572|3248, 623499703|3276, 623499703|3336, 623503157|3367, 623508352|3388, 623508352|3401, 623508392|3415, 623508392|3428, 623508523|3442, 623508523|3468, 623508766|3488, 623508766|3529, 623510126|3549, 623510126|3573, 623510369|3584, 623510369|3597, 623510449|3613, 623510449|3638, 623510692|3648, 623510732|3660, 623510732|3682, 623510975|3694, 623510975|4008, com.mxtech.videoplayer.ad, 
623511531|1, 623511531|2234, 623511615|2348, 623511615|2573, 623512381|2586, 623512381|4003, com.sometimeswefly.littlealchemy, 
623512461|1, 623512461|1298, 623512545|1311, 623512545|1499, 623518614|1515, 623518614|1579, 623518654|1596, 623518654|1731, 623518785|1743, 623518785|1863, 623518994|1880, 623518994|2445, 623519069|2514, 623519153|2548, 623519153|2569, 623523734|2636, 623523814|2684, 623524096|2720, 623524096|2918, 623524782|2947, 623524782|4009, com.Slack, 
623525221|1, 623525221|1292, 623525515|1411, 623525515|1512, 623525683|1558, 623525683|1600, 623533401|1761, 623533593|1878, 623533593|2045, 623534106|2064, 623534190|2087, 623534230|2110, 623534230|2166, 623538209|2229, 623542896|2379, 623543749|2583, 623544733|2660, 623544733|2859, 623546461|2892, 623546461|3033, 623549384|3170, 623549384|4019, com.ebay.mobile, 
623555358|1, 623555358|1369, 623555526|1449, 623555526|1482, 623555610|1531, 623566163|1613, 623566163|1680, 623569489|1838, 623569867|1878, 623569907|1921, 623569991|1979, 623570855|2036, 623571146|2062, 623574392|2147, 623575414|2235, 623578387|2286, 623578387|2345, 623579331|2484, 623580925|2619, 623580925|2837, 623582249|2875, 623582249|4023, com.ebay.mobile, 
623583803|1, 623583803|4012, com.android.vending, 
623583803|1, 623583803|4008, com.android.vending, 
623583803|1, 623583803|805, 623584203|905, 623584371|940, 623584371|955, 623589214|972, 623589214|1005, 623589294|1022, 623589294|1040, 623594583|1074, 623594583|1089, 623594865|1099, 623594865|1170, 623599081|1181, 623602462|1205, 623602462|1239, 623603576|1263, 623603576|1313, 623603707|1328, 623603707|1492, 623603916|1506, 623603916|2114, 623604000|2164, 623604000|2178, 623608581|2204, 623608581|2299, 623608661|2310, 623608661|2324, 623608943|2338, 623608943|2616, 623609629|2633, 623609629|4007, com.Slack, 
623609980|1, 623609980|706, 623610425|772, 623610631|853, 623614329|929, 623614699|1013, 623617837|1034, 623617837|1098, 623619043|1112, 623619043|1685, 623619163|1735, 623619163|1833, 623619714|1920, 623619714|2126, 623619828|2168, 623619912|2187, 623625067|2238, 623625107|2249, 623625107|2271, 623625238|2283, 623625238|2308, 623625565|2320, 623625565|2441, 623631674|2463, 623631674|2486, 623631714|2497, 623631714|2618, 623631845|2633, 623631845|2801, 623632094|2839, 623632094|2877, 623632178|2919, 623637333|2934, 623637373|2964, 623637373|2977, 623638744|2987, 623638744|3046, 623638824|3063, 623638824|3087, 623642194|3106, 623642194|3117, 623642274|3130, 623642274|3160, 623642517|3175, 623642517|3205, 623643878|3216, 623643878|3249, 623644121|3262, 623644201|3280, 623644201|3306, 623644444|3323, 623644444|4003, com.mxtech.videoplayer.ad, 
623645040|1, 623645040|4016, com.ted.android.conference, 
623645040|1, 623645040|1732, 623645520|1807, 623645604|1862, 623649350|1941, 623649966|2123, 623650006|2160, 623650006|2179, 623650084|2218, 623650084|2717, 623650204|2731, 623650204|2763, 623651121|2799, 623651121|3319, 623651367|3401, 623651451|3509, 623655696|3569, 623674847|3683, 623675869|3733, 623675869|4076, com.google.android.apps.docs, 
623676029|1, 623676029|4011, com.ted.android.conference, 
623676204|1, 623676204|669, 623680100|820, 623680390|881, 623680390|955, 623680474|978, 623681530|1022, 623681530|1240, 623687562|1264, 623687562|1445, 623687807|1492, 623687807|1564, 623687847|1593, 623687847|1869, 623688002|1883, 623688002|2472, 623688479|2503, 623688479|2550, 623688519|2587, 623688519|2621, 623688559|2677, 623688559|2717, 623688624|2752, 623689049|2784, 623689089|2841, 623689129|2884, 623689129|2953, 623689414|2989, 623701886|3018, 623738660|3051, 623738660|3400, 623739020|3410, 623739020|3494, 623739401|3506, 623739401|3517, 623741058|3528, 623741058|4006, com.sololearn.cplusplus, 
623741361|1, 623741361|1255, 623741401|1281, 623741401|1324, 623741857|1357, 623741857|4011, com.google.android.gm, 
623741857|1, 623741857|2604, 623741946|2637, 623741946|3179, 623742085|3208, 623742212|3235, 623742212|3274, 623742296|3305, 623749029|3344, 623749485|3378, 623749645|3411, 623749685|3436, 623749685|3496, 623749755|3527, 623749755|3607, 623749844|3639, 623749844|3817, 623750753|3843, 623750753|3981, 623750793|3995, 623750793|4007, com.google.android.apps.photos, 
623750962|1, 623750962|4004, com.google.android.gm, 
623750962|1, 623750962|1752, 623751224|1780, 623751942|1793, 623751942|1828, 623752026|1841, 623752026|1854, 623752110|1873, 623752110|1882, 623755890|1898, 623759670|1913, 623759710|1933, 623760070|1954, 623761072|1977, 623761072|1996, 623761228|2015, 623761228|2036, 623761610|2050, 623774686|2080, 623774726|2123, 623774726|3050, 623776231|3071, 623776231|3864, 623776361|3951, 623776445|4007, com.google.android.music, 
623802200|1, 623802200|2599, 623802289|2646, 623802289|3026, 623802333|3038, 623802373|3051, 623802373|3081, 623809106|3094, 623809106|3117, 623809762|3132, 623809842|3143, 623809842|3155, 623809912|3169, 623809912|3423, 623810732|3436, 623810732|3632, 623810821|3642, 623810821|4003, com.google.android.apps.photos, 
623810990|1, 623810990|764, 623811061|876, 623816246|934, 623816326|977, 623816608|993, 623816608|1044, 623816692|1057, 623816692|1133, 623818140|1158, 623824209|1172, 623824209|1191, 623824249|1201, 623824249|1336, 623824340|1349, 623824380|1360, 623824380|1541, 623824589|1552, 623824589|4013, com.Slack, 
623824998|1, 623824998|1323, 623825190|1441, 623825278|1536, 623825470|1604, 623825470|1709, 623836107|1932, 623839393|2073, 623839393|2130, 623839895|2198, 623839895|2291, 623844005|2354, 623844136|2382, 623844545|2525, 623845358|2590, 623848293|2674, 623849237|2792, 623849237|2951, 623850785|2996, 623850785|3192, 623852264|3274, 623852264|4025, com.ebay.mobile, 
623859569|1, 623859569|4005, com.google.android.gm, 
623859569|1, 623859569|3354, 623859745|3483, 623863599|3817, 623864111|3865, 623864155|3889, 623864199|3910, 623864199|3953, 623864287|3989, 623864331|4007, air.com.hypah.io.slither, 
623883679|1, 623883679|1211, 623883751|1235, 623883751|4011, com.google.android.gm, 
623883751|1, 623883751|4004, com.google.android.gm, 
623883751|1, 623883751|1230, 623884091|1339, 623887784|1433, 623888074|1472, 623888074|1591, 623889166|1610, 623889166|4004, org.catrobat.catroid, 
623889269|1, 623889269|825, 623889329|911, 623889461|970, 623889545|1073, 623893243|1133, 623893613|1177, 623896751|1228, 623896751|1313, 623897957|1325, 623897957|1983, 623898077|2001, 623898077|2221, 623898628|2260, 623898628|2317, 623898886|2428, 623898886|2532, 623898970|2554, 623898970|2729, 623905039|2763, 623905039|2809, 623905079|2831, 623905079|2946, 623905210|2959, 623905210|3148, 623905419|3160, 623905419|3258, 623905576|3342, 623905616|3372, 623905616|3385, 623910771|3419, 623910771|3434, 623910811|3453, 623910811|3465, 623910982|3496, 623914352|3522, 623914352|3546, 623914466|3557, 623914466|3621, 623914550|3631, 623915830|3645, 623921065|3662, 623921065|3684, 623921145|3705, 623921145|3720, 623921276|3731, 623921276|3765, 623921519|3776, 623921519|3805, 623921599|3818, 623921599|3839, 623921842|3851, 623921842|3880, 623923124|3895, 623923204|3916, 623923204|3951, 623923447|3967, 623923447|3983, 623923527|4000, 623923527|4013, com.mxtech.videoplayer.ad, 
623924326|1, 623924326|2978, 623924446|2994, 623924446|3199, 623928820|3210, 623938852|3242, 623938852|4004, at.DiTronic.androidgroup.randomgallery, 
623949291|1, 623949291|1874, 623949459|1903, 623949459|1917, 623957019|1947, 623957019|1968, 623957419|1987, 623957419|1999, 623957880|2012, 623958341|2024, 623958421|2037, 623958499|2048, 623958577|2057, 623958577|2091, 623972075|2112, 623972075|3016, 623973692|3036, 623973692|4035, com.google.android.music, 
623999569|1, 623999569|2007, 623999609|2023, 623999693|2043, 623999693|2061, 624003445|2079, 624003445|2101, 624003565|2116, 624003565|2127, 624003904|2139, 624003904|2339, 624004926|2371, 624004926|4011, com.google.android.keep, 
624005006|1, 624005006|1206, 624005050|1378, 624005090|1417, 624008836|1529, 624009570|1613, 624009570|1993, 624010518|2064, 624010518|3401, 624010598|3412, 624010598|3462, 624010682|3475, 624010682|3508, 624014929|3521, 624015129|3535, 624015129|3546, 624015621|3558, 624015621|3582, 624015699|3592, 624016562|3603, 624016562|3627, 624017039|3639, 624017039|4012, com.google.android.apps.docs, 
624017775|1, 624017775|1949, 624017903|1960, 624017943|1981, 624017943|2001, 624025503|2013, 624025503|2046, 624025903|2059, 624025903|2072, 624026905|2087, 624026905|2107, 624027061|2120, 624027061|2166, 624040519|2177, 624040559|2188, 624040559|2984, 624042123|2996, 624042123|4012, com.google.android.music, 
624068004|1, 624068004|758, 624068341|840, 624071955|938, 624072035|958, 624072325|973, 624072325|995, 624072409|1038, 624072409|1062, 624073465|1145, 624079497|1236, 624079497|1398, 624079742|1481, 624079742|1612, 624079782|1640, 624079782|1821, 624079897|1837, 624079937|1862, 624079937|2137, 624080414|2151, 624080454|2173, 624080454|2441, 624080879|2463, 624080919|2490, 624080919|2617, 624081204|2650, 624081204|3159, 624081585|3172, 624081585|4009, com.sololearn.cplusplus, 
624081848|1, 624081848|2546, 624081937|2585, 624081937|2666, 624082021|2678, 624082021|2712, 624088754|2730, 624088754|2758, 624089410|2770, 624089410|2880, 624089480|2896, 624089480|3140, 624090693|3194, 624090693|3539, 624090782|3554, 624090782|4005, com.google.android.apps.photos, 
624090951|1, 624090951|1790, 624091063|1801, 624091063|1832, 624091191|1845, 624091191|1990, 624091275|2003, 624091275|2115, 624091526|2155, 624091526|2324, 624091610|2337, 624091610|2535, 624096002|2546, 624096002|2741, 624096791|2755, 624096791|2938, 624096906|2951, 624096906|2972, 624096946|2983, 624096946|3143, 624097599|3156, 624097599|3860, 624097698|3905, 624097698|3930, 624097967|3952, 624098051|4017, com.bankofamerica.cashpromobile, 
624107806|1, 624107806|803, 624108107|885, 624111806|972, 624112260|1033, 624112260|1086, 624115358|1103, 624115358|1154, 624116564|1173, 624116564|1825, 624116684|1838, 624116684|1952, 624117493|2025, 624117493|2171, 624117537|2195, 624117537|2221, 624117577|2256, 624117577|2381, 624123646|2393, 624123646|2440, 624123686|2455, 624123686|2591, 624123817|2605, 624123817|2797, 624124026|2809, 624124026|2911, 624124139|2997, 624124223|3061, 624129418|3103, 624129418|3219, 624130740|3245, 624130871|3279, 624130871|3294, 624134241|3312, 624134241|3325, 624134355|3344, 624134479|3387, 624134479|3413, 624139674|3425, 624139674|3449, 624139714|3470, 624139714|3481, 624139845|3492, 624139845|3505, 624141121|3519, 624141404|3541, 624141404|3570, 624141687|3585, 624141687|3619, 624141930|3630, 624141930|3642, 624141970|3667, 624142213|3687, 624142213|4002, com.mxtech.videoplayer.ad, 
624142849|1, 624142849|751, 624142933|780, 624146631|853, 624147001|955, 624150099|972, 624150099|1038, 624151305|1058, 624151305|1617, 624151425|1670, 624151425|1772, 624151976|1833, 624151976|2308, 624152060|2324, 624152060|2518, 624158209|2540, 624158209|2562, 624158249|2573, 624158249|2697, 624158340|2745, 624158504|2814, 624163659|2842, 624163659|2888, 624163908|2905, 624163908|2924, 624163999|2935, 624165318|2975, 624165318|3002, 624168688|3028, 624168728|3061, 624168728|3080, 624168812|3096, 624168812|3130, 624173967|3144, 624174007|3156, 624174007|3169, 624174138|3186, 624174138|3199, 624175419|3211, 624175662|3234, 624175702|3247, 624175702|3275, 624175945|3292, 624175985|3307, 624175985|3335, 624176228|3350, 624176268|3368, 624176268|3391, 624176511|3404, 624176511|4001, com.mxtech.videoplayer.ad, 
624177107|1, 624177107|1309, 624177353|1406, 624177353|1502, 624177437|1524, 624181532|1549, 624181784|1619, 624182036|1688, 624194320|1736, 624194488|1814, 624211168|1949, 624211339|2019, 624211470|2053, 624211510|2068, 624211510|2144, 624211550|2182, 624211852|2216, 624211983|2243, 624212063|2274, 624212325|2298, 624212955|2345, 624213793|2398, 624213793|2498, 624214492|2517, 624214532|2535, 624215619|2566, 624215619|2590, 624215699|2603, 624215699|2628, 624217020|2643, 624217020|2672, 624218200|2725, 624218200|2796, 624218819|2807, 624218819|2848, 624218859|2863, 624218859|2876, 624219028|2903, 624219132|2918, 624219904|2948, 624219904|2964, 624220713|2981, 624220713|2991, 624220793|3005, 624220793|3029, 624221601|3047, 624221601|3059, 624221641|3072, 624221641|3105, 624222344|3123, 624222344|3329, 624228589|3360, 624228589|3403, 624228669|3415, 624228749|3433, 624228749|3643, 624229063|3656, 624229063|3721, 624230676|3735, 624230676|3751, 624230756|3762, 624230756|4009, com.dropbox.android, 
624236196|1, 624236196|1164, 624236878|1391, 624236878|1449, 624237046|1487, 624237046|1563, 624247751|1675, 624247791|1741, 624247835|1788, 624247835|1820, 624248213|1856, 624248213|1936, 624248253|1962, 624249026|1986, 624252272|2003, 624252272|2028, 624252403|2058, 624252527|2142, 624254716|2230, 624258002|2305, 624258002|2346, 624258950|2400, 624259070|2451, 624259241|2503, 624265350|2573, 624268354|2619, 624269978|2767, 624269978|2812, 624270018|2837, 624270018|2984, 624271694|3044, 624271694|3208, 624271903|3267, 624271903|3722, 624271943|3733, 624271943|4006, com.ebay.mobile, 
624273649|1, 624273649|1623, 624273733|1632, 624273733|1661, 624277485|1678, 624277485|1704, 624277525|1719, 624277605|1735, 624277944|1745, 624277944|2025, 624278863|2038, 624278863|4001, com.google.android.keep, 
624278943|1, 624278943|1228, 624279027|1327, 624279027|1459, 624285180|1516, 624285180|1575, 624289704|1717, 624289704|1775, 624289828|1846, 624293627|2018, 624294520|2143, 624294729|2215, 624294729|2235, 624298708|2263, 624298999|2448, 624302844|2587, 624302844|2757, 624304362|2788, 624304362|4004, com.ebay.mobile, 
624305919|1, 624305919|2719, 624307697|2932, 624307697|3110, 624307737|3141, 624309371|3191, 624309371|3841, 624309411|3864, 624309411|4012, air.com.hypah.io.slither, 
624322844|1, 624322844|2072, 624323466|2092, 624323466|2128, 624323634|2139, 624323634|2162, 624325092|2173, 624331194|2187, 624331354|2198, 624331554|2212, 624332596|2236, 624332596|2256, 624332752|2271, 624332752|2318, 624346241|2336, 624346241|3366, 624347996|3380, 624347996|4005, com.google.android.music, 
624375285|1, 624375285|4003, com.android.vending, 
624375365|1, 624375365|755, 624379039|888, 624379039|1067, 624379079|1196, 624379409|1300, 624379409|2515, 624380268|2592, 624380268|3271, 624380340|3337, 624384531|3393, 624384531|3415, 624384837|3451, 624384837|3475, 624384877|3512, 624386714|3567, 624386714|3643, 624386754|3661, 624386754|3697, 624388463|3719, 624388463|4020, com.scb.breezebanking.hk, 
624388596|1, 624388596|2278, 624388810|2341, 624388894|2389, 624388894|2593, 624389660|2666, 624389660|3042, 624389749|3091, 624389826|3117, 624389826|3136, 624389994|3164, 624389994|3183, 624390698|3215, 624390698|4013, com.sometimeswefly.littlealchemy, 
624390938|1, 624390938|713, 624391072|791, 624391362|860, 624395056|931, 624395346|945, 624395346|976, 624398524|1008, 624398524|1077, 624399730|1096, 624399730|1621, 624399850|1674, 624399850|1844, 624400401|1925, 624400401|2241, 624400612|2262, 624400869|2284, 624400869|2420, 624400953|2434, 624400953|2632, 624407062|2645, 624407062|2668, 624407102|2679, 624407102|2782, 624407193|2811, 624407346|2849, 624407430|2898, 624407470|2912, 624407470|2925, 624412665|2940, 624412665|3003, 624412874|3018, 624412954|3044, 624413045|3066, 624413085|3080, 624413085|3094, 624416455|3116, 624416455|3178, 624417851|3213, 624417851|3233, 624417935|3280, 624423170|3299, 624423210|3312, 624423210|3331, 624423381|3349, 624423381|3369, 624423624|3395, 624423664|3421, 624423664|3432, 624424943|3448, 624425226|3474, 624425226|3492, 624425469|3503, 624425469|3515, 624425509|3527, 624425509|3545, 624425752|3578, 624425752|4010, com.mxtech.videoplayer.ad, 
624426388|1, 624426388|1362, 624426694|1504, 624430524|1650, 624431754|1781, 624431754|2194, 624432738|2230, 624432738|2727, 624432827|2781, 624433068|2867, 624437355|2936, 624437927|2969, 624437927|2993, 624439298|3188, 624439298|4004, com.google.android.apps.docs, 
624439458|1, 624439458|612, 624439577|641, 624439577|680, 624443276|740, 624443276|862, 624443440|913, 624443730|946, 624443730|982, 624450858|1126, 624450858|1236, 624451103|1296, 624451103|1453, 624451143|1520, 624451143|1790, 624451258|1802, 624451298|1816, 624451298|2101, 624451775|2113, 624451815|2136, 624451815|2396, 624452280|2414, 624452280|2611, 624452565|2633, 624452565|3123, 624452946|3143, 624452946|4008, com.sololearn.cplusplus, 
624453209|1, 624453209|1933, 624453337|1946, 624453337|2099, 624453421|2112, 624453421|2528, 624453672|2539, 624453672|2833, 624453756|2846, 624453756|3143, 624458405|3158, 624458405|3454, 624458520|3502, 624458520|3566, 624458560|3604, 624458560|3775, 624459213|3795, 624459213|4001, com.bankofamerica.cashpromobile, 
624469401|1, 624469401|1130, 624469741|1224, 624473724|1359, 624473724|1450, 624474816|1521, 624474816|4001, org.catrobat.catroid, 
624474919|1, 624474919|1247, 624475087|1346, 624475163|1372, 624475163|4004, com.whatsapp, 
624475163|1, 624475163|749, 624475501|846, 624475501|1045, 624475545|1094, 624475585|1110, 624475585|1272, 624481654|1287, 624481694|1307, 624481694|1473, 624481825|1484, 624481825|1679, 624483158|1692, 624483415|1722, 624483415|1877, 624483459|1887, 624483499|1899, 624483499|2085, 624489568|2098, 624489568|2173, 624489608|2190, 624489608|2341, 624489739|2398, 624489898|2469, 624494479|2511, 624494768|2600, 624495050|2646, 624495050|2887, 624495736|2917, 624495736|4003, com.Slack, 
624501213|1, 624501213|673, 624501289|795, 624501289|4005, com.whatsapp, 
624501289|1, 624501289|617, 624501565|744, 624505263|826, 624505633|893, 624505633|911, 624508731|929, 624508731|1020, 624509937|1042, 624509937|1535, 624510057|1596, 624510057|1746, 624510608|1821, 624510608|2319, 624510692|2331, 624510692|2519, 624516801|2533, 624516801|2584, 624516841|2594, 624516841|2727, 624516972|2764, 624516972|2811, 624517181|2885, 624517265|2920, 624522460|2945, 624522460|3003, 624522540|3021, 624522540|3050, 624522671|3064, 624522671|3087, 624526041|3103, 624526041|3164, 624527402|3184, 624527402|3196, 624532597|3214, 624532637|3232, 624532677|3247, 624532677|3260, 624532808|3272, 624532808|3294, 624533051|3307, 624533051|3321, 624533091|3331, 624533091|3364, 624533334|3376, 624534613|3389, 624534613|3412, 624534693|3430, 624534693|3446, 624534936|3456, 624535016|3474, 624535016|3496, 624535259|3516, 624535259|4004, com.mxtech.videoplayer.ad, 
624535895|1, 624535895|4010, com.ted.android.conference, 
624535895|1, 624535895|4003, com.google.android.gm, 
624535895|1, 624535895|1412, 624539797|1820, 624539797|2213, 624545741|2421, 624550775|2505, 624551512|2583, 624551512|2606, 624553091|2635, 624557732|2674, 624558923|2749, 624558923|4022, com.android.chrome, 
624559403|1, 624559403|618, 624559778|688, 624559862|715, 624563477|734, 624563477|894, 624563931|1035, 624571059|1204, 624571059|1239, 624571304|1329, 624571304|1569, 624571344|1593, 624571344|1820, 624571499|1835, 624571499|2132, 624571976|2163, 624572016|2174, 624572016|2442, 624572481|2472, 624572481|2637, 624572766|2664, 624572766|3260, 624573147|3275, 624573147|4007, com.sololearn.cplusplus, 
624573410|1, 624573410|702, 624573494|728, 624577108|755, 624577108|893, 624577562|1034, 624584690|1160, 624584690|1312, 624584935|1381, 624584935|1477, 624584975|1521, 624584975|1749, 624585130|1764, 624585130|2063, 624585607|2077, 624585647|2098, 624585647|2362, 624586112|2381, 624586112|2567, 624586397|2584, 624586397|3089, 624586778|3098, 624586778|4010, com.sololearn.cplusplus, 
624587081|1, 624587081|915, 624587235|1025, 624587235|4008, com.whatsapp, 
624587235|1, 624587235|4001, com.google.android.gm, 
624587235|1, 624587235|1748, 624587363|1775, 624587363|1925, 624587447|1936, 624587447|2137, 624587654|2164, 624587654|2334, 624587738|2347, 624587738|2547, 624592130|2561, 624592130|2748, 624592343|2760, 624592343|2952, 624592458|2962, 624592498|2988, 624592498|3152, 624593151|3164, 624593151|3903, 624593420|3919, 624593420|3941, 624593504|3975, 624593504|4014, com.bankofamerica.cashpromobile, 
624604624|1, 624604624|2022, 624604668|2033, 624604708|2046, 624604708|2066, 624608460|2090, 624608580|2101, 624608580|2119, 624608919|2140, 624608919|2354, 624609987|2364, 624609987|4004, com.google.android.keep, 
624615157|1, 624615157|2052, 624615252|2102, 624615336|2152, 624615336|2453, 624616102|2515, 624616102|4039, com.sometimeswefly.littlealchemy, 
624616182|1, 624616182|1734, 624616266|1746, 624616266|1770, 624620018|1780, 624620058|1791, 624620138|1810, 624620477|1827, 624620477|1872, 624620517|1883, 624620517|2135, 624621505|2146, 624621505|4008, com.google.android.keep, 
624621585|1, 624621585|1501, 624621669|1578, 624625415|1591, 624625535|1603, 624625535|1614, 624626149|1677, 624626149|2327, 624626972|2360, 624626972|3527, 624627052|3560, 624627052|3597, 624627136|3608, 624627136|3629, 624631382|3640, 624631542|3651, 624631582|3663, 624631582|3691, 624632074|3702, 624632074|3723, 624632152|3734, 624633015|3745, 624633015|3760, 624633813|3776, 624633813|4010, com.google.android.apps.docs, 
624633973|1, 624633973|4008, at.DiTronic.androidgroup.randomgallery, 
624658336|1, 624658336|4010, com.android.vending, 
624658336|1, 624658336|3086, 624658425|3150, 624658425|3416, 624658691|3496, 624658775|3567, 624665508|3605, 624665508|3629, 624666164|3656, 624666164|3754, 624666234|3772, 624667331|4015, com.google.android.apps.photos, 
624667500|1, 624667500|1448, 624668200|1626, 624668200|2150, 624668284|2265, 624673872|2338, 624679273|2396, 624679473|2456, 624681052|2481, 624685771|2548, 624686884|2615, 624686884|4002, com.android.chrome, 
624687364|1, 624687364|1411, 624691194|1589, 624691690|1654, 624691890|1700, 624691890|1749, 624691968|1784, 624691968|2067, 624692819|2101, 624692819|3400, 624692983|3441, 624692983|3477, 624697229|3506, 624697429|3533, 624697772|3544, 624697921|3559, 624697921|3574, 624697999|3583, 624698862|3599, 624698862|3693, 624699452|3705, 624699452|4003, com.google.android.apps.docs, 
624699612|1, 624699612|1821, 624699696|1832, 624699696|1858, 624703448|1882, 624703568|1904, 624703907|1919, 624703907|2193, 624704744|2209, 624704744|4006, com.google.android.keep, 
624704824|1, 624704824|1791, 624704952|1806, 624704952|1974, 624705036|2043, 624705036|2199, 624705287|2210, 624705287|2403, 624705371|2419, 624705371|2601, 624709763|2622, 624709763|2815, 624709976|2826, 624709976|3024, 624710091|3036, 624710091|3060, 624710131|3075, 624710131|3229, 624710784|3250, 624710784|3910, 624711053|3938, 624711137|3960, 624711137|4007, com.bankofamerica.cashpromobile, 
624720932|1, 624720932|1148, 624721034|1261, 624721034|1554, 624721118|1603, 624721118|1715, 624724392|1768, 624724504|1855, 624724544|1924, 624724544|2037, 624724759|2091, 624724759|2259, 624729339|2365, 624729339|2573, 624729594|2611, 624729594|2779, 624731445|2969, 624731445|3067, 624731702|3214, 624731702|3268, 624734678|3305, 624734678|3343, 624734762|3386, 624740831|3517, 624740831|3739, 624740871|3782, 624740871|3908, 624741002|3919, 624741002|4002, com.ebay.mobile, 
624741899|1, 624741899|4011, com.google.android.gm, 
624741899|1, 624741899|708, 624741975|787, 624741975|4002, com.whatsapp, 
624741975|1, 624741975|989, 624742046|1056, 624742090|1087, 624742130|1105, 624742130|1117, 624747053|1132, 624747053|1151, 624747133|1165, 624747133|1182, 624747415|1193, 624747415|1219, 624747499|1236, 624747499|1316, 624748947|1344, 624755096|1361, 624755096|1372, 624755136|1383, 624755136|1506, 624755227|1518, 624755267|1531, 624755267|1712, 624755476|1726, 624755476|2228, 624755551|2302, 624755635|2337, 624760216|2355, 624760216|2510, 624760296|2536, 624760578|2555, 624760578|3045, 624761264|3085, 624761264|4004, com.Slack, 
624761575|1, 624761575|2901, 624761751|2952, 624763305|3054, 624763305|3218, 624763345|3247, 624763345|4012, air.com.hypah.io.slither, 
624769937|1, 624770226|40, 624770266|68, 624770266|321, 624770350|356, 624774219|408, 624774727|465, 624774727|653, 624787918|687, 624787918|1235, 624788164|1308, 624788164|1369, 624788208|1429, 624788208|1447, 624788248|1472, 624792343|1513, 624792343|1606, 624792475|1618, 624792595|1631, 624792595|1718, 624800939|1775, 624801023|1801, 624802551|1833, 624805131|1860, 624805131|1935, 624805215|1958, 624809363|2013, 624813686|2113, 624818340|2179, 624818380|2199, 624823682|2330, 624823893|2392, 624824643|2422, 624824643|2521, 624826100|2539, 624826100|2570, 624826887|2653, 624828005|2717, 624829781|2742, 624829821|2772, 624829821|2933, 624829905|2945, 624829905|2982, 624830524|2999, 624830524|3020, 624831333|3036, 624832141|3055, 624832912|3072, 624832952|3092, 624833032|3103, 624833032|3119, 624837127|3132, 624837127|3170, 624837167|3185, 624837207|3201, 624837207|3435, 624838931|3448, 624839793|3469, 624839793|3480, 624839873|3502, 624839873|3809, 624840720|3826, 624840720|3862, 624841524|3884, 624841604|3901, 624841604|4002, com.dropbox.android, 
624842497|1, 624842497|2338, 624842581|2432, 624842581|2473, 624843573|2632, 624847426|2722, 624847426|2861, 624847466|2891, 624847466|2903, 624847851|2935, 624848307|2991, 624848307|4002, com.sometimeswefly.littlealchemy, 
624848387|1, 624848387|1315, 624848431|1436, 624848471|1482, 624852217|1581, 624852873|1630, 624852991|1661, 624852991|1912, 624853933|1955, 624853933|2912, 624854106|3102, 624858352|3190, 624858964|3247, 624859865|3313, 624859865|3395, 624859945|3406, 624859945|3676, 624860755|3690, 624860755|4004, com.google.android.apps.docs, 
624860955|1, 624860955|891, 624861353|1047, 624864809|1186, 624864809|1468, 624865179|1499, 624865179|1927, 624865977|1991, 624866040|2081, 624866040|2989, 624866112|3026, 624866196|3079, 624870609|3109, 624870609|3163, 624872486|3263, 624872486|3285, 624872526|3376, 624874235|3440, 624874235|4029, com.scb.breezebanking.hk, 
624874368|1, 624874368|1848, 624874496|1867, 624874496|2045, 624874580|2057, 624874580|2211, 624874831|2226, 624874831|2421, 624874915|2432, 624874915|2592, 624879520|2635, 624879520|2832, 624879635|2846, 624879635|2864, 624879675|2875, 624879675|3029, 624880328|3051, 624880328|3528, 624880780|3717, 624880780|3831, 624885110|3864, 624885150|4026, com.bankofamerica.cashpromobile, 
624892129|1, 624892129|2038, 624892882|2085, 624892882|2106, 624892966|2120, 624893050|2141, 624900810|2192, 624901362|2219, 624901511|2233, 624901511|2243, 624902090|2254, 624902090|2276, 624902168|2289, 624902168|2300, 624914176|2312, 624915706|2324, 624915706|3337, 624917247|3349, 624917287|3374, 624917287|4003, com.google.android.music, 
624943396|1, 624943396|1311, 624943702|1358, 624943702|1417, 624947692|1557, 624948228|1614, 624948306|1636, 624948306|1937, 624949272|1977, 624949272|2879, 624949429|2931, 624949513|2954, 624949513|2983, 624953760|3002, 624953960|3018, 624953960|3036, 624954452|3049, 624954452|3070, 624955353|3087, 624955393|3104, 624955393|3161, 624955892|3179, 624955892|4027, com.google.android.apps.docs, 
624956052|1, 624956052|2869, 624956172|2880, 624956172|3116, 624970578|3130, 624970578|3593, 624970747|3642, 624970875|3673, 624970976|3709, 624971174|3730, 624971174|3743, 624974955|3763, 624975035|3775, 624975035|3798, 624979533|3810, 624979693|3822, 624980182|3840, 624980703|3855, 624981072|3873, 624981072|4013, at.DiTronic.androidgroup.randomgallery, 
624982101|1, 624982101|1048, 624982230|1096, 624982347|1130, 624982391|1192, 624982431|1239, 624986526|1277, 624991054|1372, 624999354|1425, 624999354|1471, 624999438|1510, 625003670|1579, 625007778|1604, 625007778|1621, 625007858|1643, 625008288|1704, 625008802|1726, 625008882|1801, 625008973|1816, 625009104|1836, 625009104|1848, 625009184|1872, 625009275|1897, 625009315|1919, 625009945|1935, 625009985|1949, 625009985|1963, 625010323|1984, 625011121|2012, 625011121|2066, 625011780|2094, 625011780|2130, 625012528|2162, 625013124|2199, 625013972|2216, 625015731|2233, 625015731|2303, 625015771|2339, 625015771|2408, 625015915|2447, 625015915|2543, 625016724|2554, 625016724|2593, 625017495|2610, 625017495|2625, 625017539|2635, 625018507|2652, 625018507|2708, 625019126|2722, 625019126|2889, 625023181|2903, 625023847|2916, 625023847|2929, 625024665|2947, 625024665|2958, 625024745|2981, 625024745|3014, 625025533|3028, 625025533|3083, 625025613|3112, 625025613|3152, 625025927|3171, 625025927|3404, 625027577|3421, 625027577|3479, 625027657|3502, 625027657|3815, 625028469|3828, 625029256|3843, 625029256|3859, 625029336|3871, 625029336|4005, com.dropbox.android, 
625034134|1, 625034134|2940, 625034358|3095, 625035952|3294, 625038737|3353, 625038781|3416, 625038869|3494, 625038869|3515, 625038957|3546, 625038957|3557, 625039001|3575, 625039045|3593, 625039045|3653, 625039089|3674, 625039133|3687, 625039133|3718, 625039177|3742, 625039221|3754, 625039221|4022, air.com.hypah.io.slither, 
625053715|1, 625053715|746, 625053965|830, 625057541|940, 625057541|1117, 625057911|1265, 625057911|1516, 625058667|1577, 625058770|1658, 625058770|2775, 625058842|2809, 625063033|2895, 625063379|2985, 625065216|3054, 625065216|3104, 625065256|3119, 625065256|3143, 625066965|3164, 625066965|4009, com.scb.breezebanking.hk, 
625067098|1, 625067098|1870, 625067360|1905, 625067360|1939, 625067528|1950, 625067528|1988, 625071308|2000, 625075088|2013, 625075128|2024, 625075448|2037, 625075488|2048, 625076490|2065, 625076490|2086, 625076646|2100, 625076646|2161, 625088632|2172, 625090144|2188, 625090144|3020, 625091810|3034, 625091810|4018, com.google.android.music, 
625117466|1, 625117466|2811, 625117586|2825, 625117586|3061, 625132150|3077, 625132150|3649, 625132234|3672, 625132318|3691, 625136015|3713, 625140324|3737, 625140324|3748, 625140893|3761, 625140893|3772, 625141651|3784, 625141651|3819, 625142172|3840, 625142172|4009, at.DiTronic.androidgroup.randomgallery, 
625143324|1, 625143324|924, 625143470|960, 625143470|974, 625143626|1060, 625143626|1160, 625143666|1191, 625147918|1231, 625147918|1689, 625148353|1871, 625148353|1978, 625149434|2008, 625149434|4008, com.android.vending, 
625149514|1, 625149514|1980, 625149633|2026, 625149717|2056, 625149717|2308, 625150483|2350, 625150483|4004, com.sometimeswefly.littlealchemy, 
625150563|1, 625150563|2882, 625152117|3076, 625152117|3227, 625152201|3307, 625153872|3324, 625153872|4005, air.com.hypah.io.slither, 
625167430|1, 625167430|1729, 625167898|1760, 625167898|1793, 625168090|1846, 625168202|1881, 625168202|1916, 625168286|1950, 625168370|1974, 625168370|2042, 625174523|2067, 625179007|2173, 625179007|2192, 625179047|2230, 625182333|2308, 625182711|2354, 625182842|2389, 625182842|2409, 625182926|2455, 625184119|2522, 625184119|2561, 625187409|2633, 625190394|2721, 625194878|2756, 625194878|2820, 625195009|2916, 625195089|2986, 625195387|3019, 625195427|3087, 625197751|3243, 625197751|3378, 625198564|3607, 625199377|3707, 625199377|3844, 625200190|3859, 625200190|4008, com.ebay.mobile, 
625207090|1, 625207090|985, 625207430|1117, 625211414|1283, 625211414|1362, 625212506|1389, 625212506|4002, org.catrobat.catroid, 
625213105|1, 625213105|1164, 625213234|1242, 625213351|1277, 625213351|1315, 625213603|1398, 625221938|1430, 625226166|1459, 625234630|1540, 625234674|1570, 625234714|1600, 625238822|1621, 625238822|1650, 625238906|1668, 625242006|1695, 625243098|1709, 625247206|1757, 625247206|2069, 625247366|2125, 625247890|2171, 625247890|2308, 625247930|2327, 625248061|2345, 625248192|2362, 625248610|2411, 625248650|2427, 625249280|2444, 625250828|2461, 625250868|2483, 625250868|2550, 625251656|2569, 625251736|2590, 625251736|2656, 625252355|2668, 625252355|2710, 625253095|2743, 625253859|2782, 625253859|2827, 625255039|2843, 625255039|2921, 625256664|2937, 625256704|2961, 625256784|2985, 625257403|2998, 625257403|3155, 625262266|3168, 625262266|3182, 625262306|3194, 625262306|3219, 625262386|3230, 625262386|3269, 625263204|3286, 625263204|3302, 625263992|3313, 625263992|3351, 625264072|3369, 625264072|3414, 625264386|3426, 625264386|3439, 625265052|3451, 625265052|3670, 625265856|3683, 625265856|3694, 625266703|3715, 625266703|3731, 625266783|3752, 625266783|4007, com.dropbox.android, 
625272515|1, 625272515|780, 625276718|1102, 625277810|1181, 625277810|4002, org.catrobat.catroid, 
625277913|1, 625277913|1282, 625278170|1334, 625278170|1429, 625278214|1526, 625278338|1581, 625278338|1626, 625289083|1675, 625289083|1722, 625289123|1800, 625289163|1829, 625289585|1900, 625289716|1960, 625289716|1994, 625293735|2046, 625294028|2096, 625294028|2151, 625294112|2196, 625294112|2247, 625297358|2313, 625301842|2364, 625301962|2451, 625307941|2996, 625307941|3143, 625308714|3276, 625308714|4004, com.ebay.mobile, 
625309185|1, 625309185|3036, 625309305|3047, 625309305|3260, 625310763|3277, 625323948|3303, 625323948|3701, 625324112|3744, 625324112|3772, 625324156|3811, 625324196|3830, 625324196|3842, 625324280|3853, 625327977|3866, 625327977|3878, 625332286|3898, 625332286|3910, 625332775|3922, 625332775|3933, 625332855|3947, 625332855|3959, 625333264|3972, 625333613|3988, 625333613|4002, at.DiTronic.androidgroup.randomgallery, 
625334629|1, 625334629|1142, 625335490|1602, 625335490|1880, 625335652|2167, 625339803|2281, 625342437|2366, 625346468|2406, 625347245|2456, 625347647|2499, 625349142|2570, 625349743|2626, 625349743|4005, com.android.chrome, 
625350223|1, 625350223|2865, 625351777|3086, 625351777|3221, 625351817|3242, 625351817|3271, 625353514|3295, 625353514|4005, air.com.hypah.io.slither, 
625358965|1, 625358965|248, 625359049|278, 625359049|321, 625362918|345, 625362918|391, 625363426|441, 625363426|571, 625376589|740, 625376589|1097, 625376755|1161, 625380408|1205, 625380408|1273, 625380778|1383, 625380778|1503, 625381870|1571, 625381870|4009, org.catrobat.catroid, 
625381973|1, 625381973|1041, 625382179|1101, 625382179|1195, 625382263|1207, 625386570|1271, 625386654|1321, 625399438|1396, 625399438|1407, 625411762|1429, 625411846|1475, 625415954|1568, 625416034|1617, 625416296|1651, 625416638|1715, 625416678|1741, 625416769|1775, 625417020|1837, 625417111|1863, 625417151|1898, 625417191|1937, 625417529|1977, 625417529|2693, 625418295|2706, 625418295|3001, 625418915|3014, 625418915|3084, 625418955|3106, 625419552|3125, 625419552|3150, 625420184|3173, 625420184|3190, 625420973|3207, 625421634|3223, 625421674|3234, 625421674|3323, 625422473|3341, 625422557|3373, 625423698|3386, 625423698|3409, 625424358|3452, 625424358|3525, 625425167|3541, 625425167|3552, 625429262|3565, 625429262|3575, 625430114|3601, 625430194|3614, 625430194|3724, 625431002|3735, 625431042|3757, 625431042|3768, 625431356|3784, 625431356|4006, com.dropbox.android, 
625436841|1, 625436841|2904, 625437069|2961, 625437069|2981, 625437196|2998, 625437196|3045, 625437240|3058, 625437280|3070, 625437280|3089, 625443973|3102, 625444013|3118, 625444213|3130, 625444669|3143, 625444709|3157, 625444709|3180, 625444779|3191, 625444779|3455, 625445744|3467, 625445784|3480, 625445784|3933, 625445873|3953, 625445873|4004, com.google.android.apps.photos, 
625446042|1, 625446042|780, 625446220|859, 625449676|1060, 625449756|1148, 625450046|1281, 625450046|1458, 625450804|1566, 625450907|1691, 625450907|2897, 625450979|2947, 625455436|3086, 625455476|3148, 625457313|3189, 625457313|3294, 625457353|3321, 625457353|3339, 625459062|3358, 625459062|4002, com.scb.breezebanking.hk, 
625459195|1, 625459195|1524, 625461334|1694, 625461334|2068, 625465569|2311, 625467437|2325, 625472380|2395, 625473977|2461, 625478672|2520, 625479863|2606, 625479863|4004, com.android.chrome, 
625480263|1, 625480263|1098, 625480520|1143, 625480520|1305, 625480564|1318, 625480604|1329, 625480604|1508, 625486673|1545, 625486673|1595, 625486713|1608, 625486713|1822, 625486844|1831, 625486844|2033, 625487053|2045, 625487053|2303, 625487172|2401, 625488740|2438, 625491833|2484, 625491913|2525, 625492195|2556, 625492195|2839, 625492881|2862, 625492881|4003, com.Slack, 
625500097|1, 625500097|937, 625500265|1079, 625500341|1152, 625500341|4009, com.whatsapp, 
625500341|1, 625500341|4009, com.android.vending, 
625500341|1, 625500341|2835, 625500514|2850, 625500514|2870, 625501972|2881, 625507247|2893, 625507247|2915, 625507407|2926, 625507903|2937, 625507943|2948, 625507943|2969, 625508013|2980, 625508013|3262, 625509106|3275, 625509106|3832, 625509195|3848, 625509195|4010, com.google.android.apps.photos, 
625509364|1, 625509364|742, 625509435|785, 625509435|800, 625509519|819, 625509519|841, 625514402|861, 625514402|878, 625514482|906, 625514848|926, 625514848|1030, 625520957|1045, 625520957|1056, 625522405|1072, 625522405|1145, 625522445|1155, 625522445|1350, 625522536|1361, 625522576|1375, 625522576|1559, 625522785|1570, 625522785|1975, 625522860|2012, 625522860|2042, 625522944|2060, 625522944|2071, 625527525|2092, 625527525|2172, 625527605|2192, 625527887|2224, 625527887|2775, 625528573|2806, 625528573|4005, com.Slack, 
625528844|1, 625528844|958, 625528928|1061, 625533811|1135, 625533851|1156, 625534133|1179, 625534133|1266, 625534217|1277, 625534217|1420, 625540326|1433, 625540326|1452, 625541774|1465, 625541774|1478, 625541814|1487, 625541814|1631, 625541945|1648, 625541945|1826, 625542154|1844, 625542154|2302, 625542238|2322, 625542238|2336, 625546819|2365, 625547181|2437, 625547181|2643, 625547867|2686, 625547867|4003, com.Slack, 
625548138|1, 625548138|2438, 625549868|2788, 625549868|3089, 625550302|3145, 625550302|3216, 625550346|3225, 625550386|3249, 625554138|3260, 625554138|3401, 625554178|3421, 625554678|3481, 625554678|3541, 625555632|3564, 625555632|4021, air.com.hypah.io.slither, 
625555792|1, 625555792|394, 625555918|417, 625555918|524, 625556002|538, 625557460|566, 625560151|601, 625560311|632, 625560311|696, 625560800|715, 625560800|842, 625561209|899, 625561209|979, 625561253|1048, 625561293|1103, 625561293|1184, 625565162|1201, 625565322|1236, 625565322|1450, 625565916|1550, 625579409|1646, 625589268|1725, 625595916|1784, 625596000|1824, 625600068|1856, 625600068|1882, 625600360|1928, 625612986|2047, 625613066|2058, 625613066|2072, 625613459|2093, 625613539|2120, 625613801|2164, 625614471|2238, 625614471|2326, 625614511|2344, 625614511|2361, 625615615|2394, 625617822|2433, 625617822|2477, 625618498|2525, 625618498|2554, 625619638|2583, 625619678|2621, 625620297|2640, 625620297|2666, 625620337|2685, 625620337|2717, 625620506|2747, 625620610|2759, 625620610|2800, 625621419|2812, 625621419|2858, 625622192|2872, 625622192|2884, 625622272|2924, 625623739|2955, 625623823|2968, 625623823|3244, 625630070|3261, 625630070|3309, 625630230|3328, 625630230|3545, 625630544|3557, 625630544|3634, 625631391|3647, 625632195|3665, 625632275|3676, 625632275|4001, com.dropbox.android, 
625639683|1, 625639683|2816, 625641237|2984, 625641237|3110, 625642966|3157, 625642966|4016, air.com.hypah.io.slither, 
625656559|1, 625656559|1118, 625661743|1218, 625661823|1265, 625662105|1306, 625662105|1326, 625662189|1337, 625662189|1439, 625667853|1450, 625669706|1463, 625669706|1520, 625669746|1533, 625669746|1661, 625669877|1673, 625669877|1869, 625670086|1879, 625670086|2317, 625674791|2390, 625674791|2454, 625674831|2532, 625674871|2557, 625675153|2577, 625675153|3304, 625675839|3337, 625675839|4001, com.Slack, 
625676110|1, 625676110|1008, 625676439|1091, 625682230|1152, 625684894|1182, 625684894|1194, 625689002|1227, 625693194|1332, 625693325|1383, 625693493|1421, 625706413|1540, 625706755|1598, 625707556|1756, 625707556|1818, 625709649|1911, 625709780|1934, 625709780|1969, 625709860|1994, 625710947|2031, 625711027|2072, 625711027|2156, 625712167|2170, 625712974|2195, 625712974|2254, 625713593|2282, 625713593|2296, 625713633|2317, 625713633|2375, 625715175|2391, 625715175|2441, 625715215|2452, 625715255|2465, 625715255|2499, 625716063|2510, 625716147|2524, 625716187|2537, 625716187|2580, 625716806|2593, 625716806|2805, 625723053|2823, 625723133|2860, 625723213|2886, 625723213|3117, 625723527|3131, 625723527|4009, com.dropbox.android, 
625728979|1, 625728979|2920, 625729099|2936, 625729099|3080, 625743587|3096, 625743587|3602, 625743756|3671, 625743756|3719, 625743840|3740, 625743840|3758, 625743924|3771, 625747621|3793, 625747621|3805, 625751770|3816, 625752499|3844, 625752499|3861, 625753257|3875, 625753257|3887, 625753778|3913, 625753778|4007, at.DiTronic.androidgroup.randomgallery, 
625754533|1, 625754533|2523, 625754622|2559, 625754622|3037, 625754706|3066, 625761895|3185, 625762135|3249, 625762135|3323, 625762205|3350, 625762205|3522, 625762294|3541, 625762294|3565, 625763290|3584, 625763330|3607, 625763330|4003, com.google.android.apps.photos, 
625763499|1, 625763499|913, 625763575|948, 625763575|4004, com.whatsapp, 
625763575|1, 625763575|1102, 625763831|1177, 625767529|1263, 625767529|1297, 625767609|1340, 625767899|1390, 625767899|1456, 625768991|1494, 625768991|4015, org.catrobat.catroid, 
625769094|1, 625769094|2850, 625769214|2876, 625769214|3003, 625777962|3016, 625783739|3030, 625783739|3501, 625783840|3561, 625783954|3591, 625784038|3606, 625784122|3619, 625784122|3630, 625789277|3653, 625792208|3673, 625792208|3682, 625793046|3695, 625793288|3724, 625793936|3746, 625793936|4023, at.DiTronic.androidgroup.randomgallery, 
625794965|1, 625794965|4008, com.android.vending, 
625795045|1, 625795045|738, 625795223|797, 625798679|961, 625798679|1236, 625799049|1509, 625799049|2024, 625799948|2205, 625799948|3217, 625800020|3244, 625804251|3335, 625804557|3375, 625804557|3392, 625804597|3442, 625806434|3501, 625806434|3556, 625806474|3578, 625808183|3613, 625808183|4005, com.scb.breezebanking.hk, 
625808316|1, 625808316|815, 625808784|956, 625808855|1044, 625808899|1073, 625809023|1093, 625809023|1107, 625813906|1134, 625813946|1153, 625813986|1164, 625814268|1177, 625814268|1209, 625820337|1226, 625820337|1249, 625820377|1259, 625820377|1304, 625821825|1319, 625821825|1363, 625821916|1374, 625821956|1386, 625821956|1526, 625822165|1537, 625822165|2254, 625822240|2351, 625822284|2370, 625822324|2383, 625822324|2406, 625826905|2418, 625826905|2507, 625826945|2520, 625826985|2532, 625826985|2550, 625827267|2591, 625827267|3065, 625827953|3087, 625827953|4004, com.Slack, 
625828224|1, 625828224|3320, 625829778|3394, 625829778|3429, 625829862|3465, 625831557|3509, 625832753|3543, 625832797|3605, 625832797|3632, 625832885|3667, 625832973|3692, 625832973|3725, 625833017|3751, 625833017|3784, 625833105|3806, 625833149|3845, 625833193|3865, 625833193|4003, air.com.hypah.io.slither, 
625847564|1, 625847564|1117, 625847636|1334, 625847636|1657, 625848042|1756, 625851788|1806, 625851788|1880, 625852484|1952, 625852562|1968, 625852562|2346, 625853627|2394, 625853667|2436, 625853667|3675, 625853747|3725, 625853836|3749, 625853913|3760, 625853913|3796, 625853997|3811, 625853997|3835, 625855455|3847, 625858322|3858, 625858442|3870, 625858442|3882, 625858934|3895, 625858934|3919, 625859325|3931, 625859875|3944, 625859875|3955, 625860477|3976, 625860477|4003, com.google.android.apps.docs, 
625860637|1, 625860637|1318, 625860721|1391, 625865201|1541, 625865241|1628, 625865241|1884, 625866146|1925, 625866146|3124, 625866226|3189, 625870555|3251, 625870755|3269, 625871247|3295, 625871325|3322, 625872188|3334, 625872188|3385, 625872817|3398, 625872817|4015, com.google.android.apps.docs, 
625872977|1, 625872977|743, 625873155|797, 625876651|872, 625876651|1006, 625877021|1129, 625877021|1519, 625877882|1602, 625877882|2768, 625877954|2833, 625878038|2859, 625878038|2885, 625882145|2901, 625882451|2929, 625882451|2968, 625882491|3005, 625884328|3056, 625884328|3085, 625884368|3098, 625884368|3110, 625886077|3136, 625886077|4004, com.scb.breezebanking.hk, 
625886210|1, 625886210|1785, 625886472|1846, 625887126|1859, 625887126|1900, 625887294|1911, 625887294|1945, 625894854|1958, 625894854|1968, 625894894|1980, 625895054|1992, 625895254|2004, 625895254|2195, 625896136|2211, 625896216|2234, 625896216|2272, 625896372|2282, 625901068|2295, 625901068|2421, 625909830|2432, 625909870|2456, 625909870|3607, 625911452|3629, 625911492|3669, 625911492|4065, com.google.android.music, 
625918979|1, 625918979|953, 625922932|1164, 625923302|1210, 625923302|1329, 625924394|1393, 625924394|4012, org.catrobat.catroid, 
625924497|1, 625924497|765, 625928274|889, 625928564|945, 625928564|1015, 625929656|1091, 625929656|4005, org.catrobat.catroid, 
625929799|1, 625929799|4006, com.android.vending, 
625929799|1, 625929799|884, 625933498|967, 625933868|1065, 625933868|1248, 625934960|1332, 625934960|4005, org.catrobat.catroid, 
625935063|1, 625935063|795, 625935241|864, 625935325|905, 625938657|1082, 625938657|1193, 625939027|1257, 625939027|1617, 625939823|1630, 625939823|1641, 625939886|1675, 625939886|2422, 625939958|2436, 625939958|2466, 625940042|2485, 625944109|2504, 625944415|2521, 625944415|2550, 625944455|2572, 625944455|2599, 625946252|2619, 625946252|2767, 625946292|2791, 625948001|2851, 625948001|4008, com.scb.breezebanking.hk, 
625948134|1, 625948134|2763, 625948223|2775, 625948223|2886, 625948427|2908, 625948427|2958, 625948471|2970, 625948511|2996, 625955244|3040, 625955444|3058, 625955940|3073, 625955940|3096, 625956010|3112, 625956010|3454, 625956952|3465, 625956952|3767, 625957041|3780, 625957041|4009, com.google.android.apps.photos, 
625957210|1, 625957210|2230, 625957329|2252, 625957424|2269, 625957424|2310, 625957508|2332, 625957508|2564, 625958274|2583, 625958274|4010, com.sometimeswefly.littlealchemy, 
625958354|1, 625958354|1943, 625958496|1955, 625958496|1969, 625962563|2086, 625962563|2119, 625962603|2157, 625962948|2220, 625962988|2277, 625962988|2303, 625963444|2330, 625963444|2394, 625963528|2442, 625963528|2640, 625964294|2662, 625964294|4035, com.sometimeswefly.littlealchemy, 
625964374|1, 625964374|2109, 625964463|2197, 625964463|2891, 625964547|2913, 625964547|2940, 625971240|2952, 625971280|2979, 625971480|2989, 625971480|2999, 625971936|3016, 625971936|3042, 625972006|3058, 625972006|3142, 625972095|3153, 625972095|3358, 625973201|3371, 625973241|3387, 625973241|4003, com.google.android.apps.photos, 
625973410|1, 625973410|1049, 625973486|1112, 625973486|4003, com.whatsapp, 
625973486|1, 625973486|1287, 625973612|1371, 625973612|1410, 625973696|1444, 625977442|1518, 625978216|1674, 625978216|1858, 625979012|1902, 625979012|3040, 625979096|3099, 625983341|3144, 625983541|3173, 625983541|3183, 625984113|3201, 625984113|3216, 625984191|3232, 625985014|3251, 625985014|3525, 625985795|3536, 625985795|4009, com.google.android.apps.docs, 
625985955|1, 625985955|1453, 625986839|1599, 625986839|2192, 625987085|2432, 625993448|2559, 625998538|2660, 626000395|2737, 626000453|2809, 626000453|2855, 626001054|2880, 626001054|4009, com.android.chrome, 
626001454|1, 626001454|1198, 626003147|1388, 626003147|1938, 626003231|2001, 626008735|2061, 626013769|2161, 626015959|2241, 626021721|2340, 626021721|4010, com.android.chrome, 
626021961|1, 626021961|690, 626022037|719, 626022037|4012, com.whatsapp, 
