355|1, 356|39, 356|185, 357|214, 352|302, 354|405, 352|454, 352|1025, 353|1053, 352|1076, 352|1299, 363|1379, 361|1494, 361|1544, 368|1607, 368|1739, 366|1779, 366|1886, 368|1967, 369|2039, 369|2391, 362|2504, 362|2873, 363|3036, 363|3233, 365|3366, 363|3491, 363|3728, 348|3778, 348|4009, com.ebay.mobile, 
333|1, 333|85, 334|108, 334|188, 337|241, 330|312, 330|790, 336|866, 334|893, 334|956, 332|1045, 332|1089, 340|1239, 340|1946, 342|2017, 340|2039, 340|2581, 342|2599, 341|2652, 341|3729, 343|3741, 341|3754, 341|4008, com.sololearn.cplusplus, 
333|1, 333|58, 335|76, 333|101, 335|122, 333|140, 333|219, 336|245, 336|284, 335|304, 335|531, 338|585, 338|631, 331|737, 333|892, 333|1064, 339|1143, 343|1350, 343|1474, 340|1654, 340|1827, 346|1904, 346|1923, 340|1946, 340|4010, com.ted.android.conference, 
334|1, 334|152, 335|171, 335|277, 336|307, 329|376, 331|402, 329|432, 329|566, 330|587, 330|1274, 333|1293, 333|1329, 332|1378, 331|1409, 331|1481, 332|1496, 332|1520, 340|1546, 337|1608, 344|1637, 344|1837, 345|1857, 346|1876, 346|1947, 350|1989, 350|2066, 352|2086, 352|2740, 354|2761, 353|2854, 353|3857, 355|3868, 353|3900, 353|4004, com.dropbox.android, 
334|1, 334|171, 335|181, 335|208, 337|222, 335|277, 335|318, 336|337, 329|399, 330|466, 330|788, 331|807, 330|850, 332|906, 330|936, 331|974, 331|1055, 339|1089, 341|1162, 342|1203, 346|1295, 350|1352, 352|1429, 354|1488, 352|1606, 352|2034, 354|2069, 352|2099, 352|2113, 354|2134, 352|2196, 352|2560, 353|2589, 353|3864, 355|3880, 353|3892, 353|3905, 355|3917, 353|3931, 353|4010, com.dropbox.android, 
333|1, 333|184, 334|194, 334|306, 330|380, 330|770, 337|895, 341|1000, 341|1073, 345|1087, 351|1181, 355|1268, 355|1330, 359|1389, 361|1453, 361|1491, 363|1534, 361|1654, 361|2027, 359|2038, 359|2194, 362|2242, 362|2705, 360|2722, 360|3143, 361|3157, 361|4003, com.bankofamerica.cashpromobile, 
333|1, 333|259, 334|273, 334|418, 327|468, 327|669, 329|692, 329|765, 330|825, 330|1744, 334|1803, 336|1899, 337|1940, 337|2380, 339|2416, 337|2427, 337|2460, 343|2485, 337|2525, 337|4008, com.android.chrome, 
286|1, 286|154, 287|164, 287|259, 283|314, 283|601, 287|634, 287|664, 285|693, 285|892, 293|1139, 293|2005, 294|2033, 294|3452, 296|3467, 294|3479, 294|4005, com.sololearn.cplusplus, 
286|1, 286|47, 287|56, 286|90, 286|140, 287|179, 287|322, 290|406, 283|497, 283|1479, 285|1490, 283|1518, 283|1759, 291|1792, 293|1903, 293|1964, 291|2056, 291|3857, 293|3868, 291|3893, 291|4007, com.google.android.gm, 
286|1, 286|196, 287|226, 287|336, 288|369, 283|448, 283|689, 290|760, 284|780, 284|1723, 292|1776, 292|1833, 293|1855, 294|1908, 292|2052, 292|2249, 294|2261, 295|2291, 295|2311, 293|2338, 293|2592, 297|2604, 298|2628, 298|2646, 295|2657, 295|3034, 296|3088, 296|3166, 298|3178, 299|3217, 299|3230, 297|3240, 297|3717, 299|3735, 297|3905, 299|4145, com.google.android.music, 
289|1, 289|219, 290|229, 290|335, 293|359, 286|486, 286|607, 297|693, 297|752, 301|803, 307|936, 311|1080, 311|1151, 317|1220, 315|1474, 315|1822, 317|1841, 318|1869, 318|1892, 316|1939, 316|2283, 317|2296, 317|2495, 319|2507, 317|2517, 317|3103, 316|3122, 316|3399, 322|3545, 322|3638, 316|3734, 316|3862, 319|3877, 319|3925, 317|3948, 317|4003, com.bankofamerica.cashpromobile, 
289|1, 289|263, 290|275, 290|443, 286|518, 286|1130, 292|1178, 294|1295, 294|1697, 296|1804, 294|1869, 294|2353, 295|2366, 295|2409, 297|2418, 295|2430, 295|2940, 297|2966, 295|3032, 295|3618, 297|3633, 295|3676, 295|4003, com.google.android.keep, 
289|1, 289|209, 290|220, 290|341, 293|379, 286|424, 286|478, 288|546, 288|574, 296|627, 296|716, 298|781, 298|1000, 296|1059, 296|1802, 298|1815, 296|1830, 296|2340, 298|2351, 296|2380, 296|4007, com.ted.android.conference, 
289|1, 289|198, 290|220, 290|368, 291|394, 286|436, 286|1256, 289|1332, 289|1358, 287|1372, 295|1478, 295|1589, 297|1610, 297|1655, 301|1702, 299|1721, 299|3212, 301|3223, 299|3249, 299|4008, org.catrobat.catroid, 
289|1, 289|269, 290|283, 290|407, 291|425, 284|470, 284|498, 285|509, 285|569, 287|609, 285|657, 287|683, 285|725, 285|1057, 287|1103, 288|1157, 285|1178, 293|1221, 301|1263, 299|1350, 302|1384, 304|1411, 304|1434, 305|1453, 307|1539, 307|2474, 310|2491, 308|2538, 308|3060, 310|3075, 308|3099, 308|3636, 309|3647, 308|3657, 308|4007, com.dropbox.android, 
289|1, 289|146, 290|177, 290|283, 289|354, 289|461, 293|526, 293|603, 294|625, 294|746, 296|787, 296|875, 299|942, 299|979, 301|1027, 320|1248, 310|1401, 314|1527, 320|1740, 324|2008, 324|2154, 327|2205, 326|2373, 329|2462, 331|2571, 333|2620, 340|2699, 340|3678, 342|3697, 340|3735, 340|4009, com.android.chrome, 
289|1, 289|175, 290|185, 290|295, 292|326, 286|459, 286|485, 288|516, 288|550, 286|574, 286|1529, 297|1677, 298|1753, 299|1765, 298|1775, 298|1854, 302|1868, 300|1983, 300|2294, 301|2307, 300|2324, 302|2342, 300|2363, 300|3426, 302|3443, 300|3486, 300|4003, at.DiTronic.androidgroup.randomgallery, 
314|1, 314|180, 315|199, 317|222, 315|236, 315|312, 317|325, 311|410, 311|627, 318|706, 326|848, 331|1001, 333|1084, 337|1204, 337|1300, 339|1399, 339|1436, 338|1460, 338|2137, 340|2229, 340|2291, 338|2601, 338|2957, 340|2984, 338|2999, 338|3123, 341|3138, 339|3178, 339|4008, com.scb.breezebanking.hk, 
314|1, 314|156, 315|167, 315|294, 314|369, 314|439, 318|521, 318|606, 319|667, 321|771, 321|878, 323|916, 323|995, 324|1050, 324|1196, 334|1477, 335|1646, 335|1756, 339|1882, 343|2050, 349|2231, 349|2362, 351|2466, 351|2602, 354|2657, 358|2831, 361|2957, 361|3649, 364|3700, 364|4010, com.android.chrome, 
285|1, 285|96, 287|107, 285|131, 285|244, 286|275, 286|373, 288|390, 289|466, 282|572, 282|686, 284|702, 290|748, 290|1285, 292|1309, 290|1386, 290|1889, 292|1921, 292|1959, 290|1985, 290|2091, 292|2102, 292|2119, 291|2135, 291|2563, 293|2595, 291|2634, 291|4008, com.google.android.keep, 
285|1, 285|214, 286|248, 286|347, 280|425, 288|522, 282|698, 282|1124, 290|1286, 290|1370, 293|1384, 295|1417, 295|3105, 298|3150, 298|3209, 296|3236, 296|3537, 297|3549, 297|3703, 299|3716, 297|3726, 297|3747, 299|3758, 297|3801, 297|4019, com.google.android.apps.photos, 
285|1, 285|194, 286|203, 286|349, 282|399, 282|524, 284|666, 282|720, 301|958, 305|1026, 305|1057, 307|1111, 309|1248, 309|1803, 312|1879, 310|1949, 310|2060, 312|2186, 312|2405, 315|2443, 315|2484, 313|2574, 313|3196, 319|3228, 319|3269, 313|3328, 313|4010, com.sometimeswefly.littlealchemy, 
285|1, 285|141, 286|156, 286|287, 282|379, 282|600, 289|746, 289|817, 293|883, 293|912, 307|1048, 309|1239, 309|1884, 311|1899, 309|1945, 309|2087, 311|2144, 313|2188, 312|2219, 312|2458, 314|2474, 312|2496, 312|3072, 314|3130, 312|3189, 312|3729, 314|3742, 312|3753, 312|4001, com.sometimeswefly.littlealchemy, 
285|1, 285|53, 286|85, 285|115, 285|140, 287|164, 285|186, 285|212, 286|228, 286|322, 288|352, 283|630, 283|685, 285|717, 283|739, 283|1592, 291|1659, 293|1749, 293|1825, 291|1862, 291|1936, 293|2027, 293|2630, 295|2641, 293|2666, 293|3175, 295|3210, 293|3245, 293|3739, 295|3904, 295|4015, com.google.android.music, 
285|1, 285|185, 287|194, 286|278, 286|352, 282|421, 282|675, 286|703, 292|770, 290|869, 290|1067, 292|1095, 290|1135, 290|1343, 296|1548, 296|1676, 290|1703, 290|1747, 292|1763, 293|1790, 291|1807, 291|3628, 292|3638, 291|3660, 291|4005, com.google.android.keep, 
285|1, 285|181, 286|204, 286|287, 288|310, 282|429, 282|529, 283|566, 293|676, 293|710, 307|802, 307|907, 309|936, 309|975, 311|1005, 313|1100, 311|1222, 311|1715, 314|1743, 312|1782, 312|1964, 313|1977, 313|2108, 314|2118, 314|2949, 316|2964, 314|2975, 314|3036, 313|3048, 313|3596, 315|3648, 313|3694, 313|3720, 316|3749, 316|3785, 314|3818, 314|4057, com.bankofamerica.cashpromobile, 
285|1, 285|255, 286|272, 286|351, 288|380, 282|490, 282|525, 284|551, 288|621, 292|654, 292|700, 294|772, 294|968, 292|993, 292|1138, 293|1153, 292|1171, 292|2871, 294|2883, 292|2906, 292|4001, com.ted.android.conference, 
285|1, 285|147, 288|165, 286|196, 288|207, 286|218, 286|326, 282|418, 282|731, 292|892, 290|968, 290|1008, 291|1094, 291|1129, 295|1152, 295|1389, 297|1401, 295|1432, 295|1762, 299|1798, 299|2058, 302|2076, 307|2146, 307|2229, 305|2257, 305|2554, 307|2566, 305|2576, 305|2943, 301|2963, 304|2997, 301|3018, 302|3061, 302|3085, 305|3180, 305|3445, 308|3456, 308|3574, 311|3608, 311|4004, com.mxtech.videoplayer.ad, 
285|1, 285|157, 286|178, 286|293, 287|332, 282|411, 284|472, 282|496, 282|635, 286|686, 285|700, 284|735, 284|870, 292|1008, 294|1069, 294|1093, 292|1199, 292|1792, 293|1802, 292|1813, 292|2024, 293|2047, 293|2339, 295|2370, 295|2497, 293|2539, 293|2998, 295|3008, 293|3035, 293|4001, com.sololearn.cplusplus, 
285|1, 285|147, 286|163, 286|268, 289|299, 282|351, 282|388, 284|413, 290|508, 292|545, 294|617, 294|762, 292|838, 292|1645, 294|1656, 292|1666, 292|3362, 294|3376, 292|3398, 292|4008, com.ted.android.conference, 
285|1, 285|170, 286|208, 286|311, 287|332, 282|405, 282|1088, 290|1145, 290|1285, 293|1353, 298|1419, 296|1448, 296|1603, 294|1641, 295|1700, 297|1787, 298|1846, 298|2732, 294|2966, 294|3010, 297|3050, 295|3134, 296|4011, com.ebay.mobile, 
285|1, 285|155, 286|170, 286|260, 290|279, 284|383, 282|458, 282|567, 286|592, 286|642, 288|662, 290|751, 290|805, 296|847, 298|953, 296|1002, 290|1050, 290|1658, 291|1677, 291|3327, 293|3365, 291|3388, 291|4002, com.google.android.keep, 
285|1, 285|209, 288|218, 286|269, 286|356, 288|399, 285|520, 289|564, 289|625, 290|649, 290|762, 292|812, 294|890, 295|961, 295|1043, 306|1332, 310|1444, 314|1592, 318|1807, 320|1936, 322|2049, 322|2142, 325|2247, 326|2300, 335|2367, 335|3565, 342|3580, 341|3615, 335|3640, 335|4004, com.android.chrome, 
285|1, 285|220, 286|238, 286|415, 282|549, 282|1411, 284|1421, 282|1442, 282|1476, 292|1557, 292|1701, 294|1728, 294|1832, 296|1867, 296|1938, 298|1954, 296|1971, 296|3720, 298|3731, 296|3763, 296|4012, at.DiTronic.androidgroup.randomgallery, 
310|1, 310|151, 311|162, 311|271, 316|326, 307|474, 307|527, 311|544, 309|611, 309|662, 315|762, 317|902, 317|1789, 318|1810, 318|3360, 320|3371, 318|3401, 318|4016, com.sololearn.cplusplus, 
310|1, 310|155, 311|170, 311|268, 313|288, 307|386, 309|497, 313|524, 317|562, 317|642, 319|689, 319|808, 317|860, 318|910, 318|1560, 324|1573, 318|1620, 318|3683, 320|3696, 318|3729, 318|4013, com.ted.android.conference, 
311|1, 311|146, 312|156, 312|272, 315|295, 308|370, 308|450, 310|494, 308|523, 308|578, 310|600, 315|658, 316|740, 317|785, 317|1029, 321|1058, 321|1650, 323|1678, 325|1715, 327|1770, 325|1814, 325|1861, 323|1907, 323|2043, 328|2081, 331|2138, 330|2171, 330|3023, 328|3066, 328|3217, 329|3265, 329|3484, 330|3498, 332|3519, 333|3560, 331|3589, 331|4001, com.mxtech.videoplayer.ad, 
312|1, 312|94, 313|112, 313|204, 316|234, 309|373, 309|520, 311|538, 315|635, 315|703, 323|745, 319|904, 319|2957, 320|2975, 320|3244, 322|3257, 320|3273, 320|4007, com.sololearn.cplusplus, 
312|1, 312|121, 318|143, 318|172, 312|201, 312|318, 313|352, 313|463, 309|614, 309|997, 321|1219, 321|1392, 317|1418, 317|2703, 319|2714, 317|2735, 317|3341, 319|3463, 319|3508, 322|3600, 318|3683, 319|3789, 319|4002, air.com.hypah.io.slither, 
312|1, 312|188, 313|200, 313|385, 309|476, 311|536, 309|578, 309|1392, 313|1420, 319|1478, 319|1585, 321|1632, 321|1732, 323|1753, 323|2385, 329|2422, 323|2472, 323|3232, 330|3287, 336|3360, 340|3404, 342|3434, 342|3463, 344|3492, 343|3508, 343|3781, 346|3825, 346|3859, 344|3876, 344|4011, at.DiTronic.androidgroup.randomgallery, 
314|1, 312|25, 312|220, 313|246, 313|267, 315|281, 313|334, 313|365, 309|432, 309|641, 316|737, 333|903, 335|997, 337|1063, 337|1648, 336|1737, 336|2094, 338|2132, 336|2173, 336|2977, 338|2994, 336|3029, 336|3195, 339|3222, 337|3331, 337|3593, 339|3620, 337|3656, 337|4017, com.scb.breezebanking.hk, 
312|1, 312|196, 313|215, 313|290, 314|331, 309|448, 311|504, 311|552, 315|575, 319|623, 319|683, 321|761, 321|1027, 319|1058, 319|1446, 321|1457, 319|1468, 319|3189, 321|3201, 319|3216, 319|3759, 321|3771, 319|3790, 319|4009, com.ted.android.conference, 
312|1, 312|142, 313|164, 313|294, 316|333, 315|434, 311|512, 311|570, 315|581, 319|628, 319|667, 321|699, 321|866, 319|955, 319|1067, 321|1089, 319|1114, 319|2787, 321|2805, 319|2827, 321|2847, 319|2873, 319|4010, com.ted.android.conference, 
312|1, 312|141, 313|157, 313|188, 315|199, 313|217, 313|284, 306|392, 306|1329, 308|1344, 306|1355, 306|2460, 308|2473, 306|2488, 306|3153, 312|3185, 312|3214, 306|3234, 306|3699, 307|3710, 306|3721, 306|3741, 308|3752, 306|3779, 306|4005, com.android.vending, 
290|1, 290|172, 291|185, 291|336, 293|356, 287|432, 287|1132, 298|1184, 297|1281, 297|1362, 295|1416, 295|1839, 297|1854, 295|1882, 295|4001, com.whatsapp, 
290|1, 290|165, 291|194, 291|294, 287|454, 287|554, 298|617, 298|704, 308|762, 312|834, 312|929, 314|957, 312|986, 312|1046, 314|1071, 318|1201, 318|1286, 316|1480, 316|1570, 317|1590, 316|1605, 316|1785, 319|1816, 317|1856, 317|2031, 318|2041, 318|2115, 320|2126, 318|2164, 319|2187, 319|2692, 321|2703, 319|2714, 319|2726, 321|2738, 319|2766, 319|3190, 318|3205, 318|3264, 320|3281, 318|3322, 318|3837, 321|3867, 323|3890, 321|3902, 321|3915, 319|3938, 319|4020, com.bankofamerica.cashpromobile, 
290|1, 290|246, 291|257, 291|383, 294|419, 287|498, 287|652, 289|680, 298|775, 306|849, 312|915, 312|1061, 316|1098, 318|1224, 316|1350, 316|1828, 317|1844, 317|2082, 319|2097, 317|2121, 317|2282, 318|2294, 318|3107, 317|3130, 317|3188, 319|3209, 317|3228, 317|3637, 319|3674, 318|3719, 318|4020, com.bankofamerica.cashpromobile, 
290|1, 290|187, 291|208, 291|312, 287|400, 287|703, 291|790, 295|885, 295|1759, 297|1771, 295|1799, 295|3441, 297|3453, 295|3469, 295|3479, 297|3490, 295|3502, 295|3891, 301|3909, 301|3938, 295|3951, 295|4007, com.whatsapp, 
290|1, 290|197, 291|254, 291|302, 293|330, 287|526, 288|649, 294|701, 298|770, 306|830, 316|982, 316|1116, 314|1263, 314|1600, 316|1639, 314|1666, 316|1793, 316|2186, 318|2222, 317|2288, 317|2859, 319|2873, 317|2899, 319|2911, 317|2962, 317|4021, com.sometimeswefly.littlealchemy, 
290|1, 290|145, 291|155, 291|292, 289|440, 287|492, 287|1040, 289|1051, 287|1076, 287|1451, 295|1475, 295|1538, 297|1585, 295|1713, 295|2224, 297|2235, 295|2271, 295|4004, com.google.android.gm, 
290|1, 290|133, 291|154, 291|185, 293|197, 291|238, 291|279, 292|299, 285|353, 285|715, 289|757, 289|776, 293|861, 293|1010, 295|1048, 297|1166, 297|2258, 303|2420, 299|2582, 299|3286, 301|3335, 299|3507, 299|3922, 304|3941, 306|3982, 302|4022, com.android.vending, 
290|1, 290|167, 291|197, 291|302, 293|326, 287|403, 287|694, 295|807, 295|1024, 297|1058, 295|1096, 295|1871, 296|1898, 296|2200, 297|2248, 298|2308, 300|2330, 298|2390, 298|2900, 300|2947, 298|2992, 299|3003, 299|4002, com.google.android.keep, 
293|1, 293|139, 294|162, 294|245, 296|284, 290|349, 291|505, 291|1445, 295|1457, 299|1526, 299|1542, 301|1574, 301|3571, 303|3601, 304|4043, com.google.android.music, 
293|1, 293|131, 294|144, 294|245, 290|309, 290|561, 291|608, 291|640, 304|815, 299|905, 299|949, 301|1015, 303|1083, 303|1622, 305|1643, 307|1701, 307|1937, 312|1955, 313|2117, 313|2169, 311|2220, 311|2984, 314|3023, 312|3090, 312|3330, 315|3350, 313|3395, 313|4004, com.mxtech.videoplayer.ad, 
293|1, 293|116, 295|137, 295|170, 294|205, 294|286, 296|307, 290|499, 290|603, 310|761, 312|915, 312|991, 316|1038, 318|1140, 318|1453, 317|1527, 317|2627, 320|2689, 318|2760, 320|2791, 318|2825, 318|3372, 320|3399, 318|3410, 324|3480, 318|3565, 318|4011, com.scb.breezebanking.hk, 
293|1, 293|216, 294|266, 294|357, 297|398, 290|448, 290|644, 297|682, 298|784, 301|826, 299|878, 299|915, 303|972, 303|1570, 307|1591, 307|1896, 315|1944, 311|2040, 311|2928, 313|2985, 312|3065, 312|3246, 313|3276, 313|3752, 315|3768, 313|3780, 313|4008, com.mxtech.videoplayer.ad, 
293|1, 293|164, 294|193, 294|262, 296|276, 297|315, 290|372, 290|599, 301|702, 309|806, 313|857, 315|956, 317|1026, 317|1860, 319|1903, 319|2203, 320|2219, 320|2586, 322|2603, 320|2649, 320|3891, 322|3902, 320|3915, 320|4004, com.sometimeswefly.littlealchemy, 
293|1, 293|157, 294|201, 294|343, 296|361, 290|437, 290|756, 292|773, 290|930, 290|1126, 292|1159, 291|1182, 296|1211, 296|1892, 297|1902, 296|1913, 296|2425, 304|2445, 305|2512, 307|2549, 307|2570, 305|2622, 305|3630, 307|3654, 305|3673, 305|4007, com.Slack, 
293|1, 293|137, 294|156, 294|245, 297|280, 290|419, 290|933, 298|965, 300|1027, 298|1111, 300|1267, 304|1413, 304|1549, 302|1600, 304|1750, 306|1879, 306|2381, 302|2551, 302|3545, 304|3563, 302|3585, 302|3932, 303|3996, 303|4021, com.ebay.mobile, 
295|1, 295|127, 296|148, 296|239, 299|278, 292|455, 292|732, 300|893, 300|1037, 302|1067, 300|1107, 300|1163, 302|1216, 307|1370, 307|1477, 305|1531, 305|1613, 307|1660, 308|1812, 308|2280, 309|2336, 308|2485, 308|2620, 304|2723, 304|3008, 306|3043, 304|3143, 304|3703, 306|3716, 304|3733, 304|4005, com.ebay.mobile, 
295|1, 295|188, 296|209, 296|370, 289|404, 293|457, 293|501, 297|524, 297|631, 299|685, 299|2396, 301|2484, 299|2543, 299|3049, 301|3059, 299|3070, 299|3668, 301|3679, 299|3707, 299|4002, com.android.vending, 
294|1, 294|188, 295|216, 295|348, 289|449, 289|674, 293|699, 293|734, 297|765, 297|925, 299|984, 299|1607, 301|1620, 299|1647, 299|2498, 305|2592, 299|2773, 301|2853, 301|2885, 299|2914, 299|4008, com.android.vending, 
294|1, 294|156, 295|174, 295|184, 297|196, 295|214, 295|309, 297|335, 291|393, 291|737, 293|807, 295|906, 294|942, 294|1979, 296|1990, 294|2012, 294|2066, 303|2111, 303|2180, 305|2206, 305|2364, 303|2416, 303|3723, 305|3741, 303|3764, 303|4009, com.Slack, 
294|1, 294|168, 295|187, 295|278, 291|349, 291|478, 298|559, 300|616, 298|663, 301|704, 302|775, 300|857, 304|930, 304|1524, 308|1540, 308|1763, 315|1829, 313|1924, 313|2075, 316|2128, 316|2164, 315|2190, 315|2324, 317|2336, 315|2350, 315|2707, 313|2718, 313|2803, 315|2831, 314|2881, 314|4002, com.mxtech.videoplayer.ad, 
294|1, 294|174, 295|189, 295|280, 291|331, 293|435, 293|524, 297|536, 301|601, 303|670, 303|841, 309|899, 307|1013, 301|1049, 301|2240, 303|2251, 301|2271, 301|2820, 303|2832, 301|2845, 301|4016, com.ted.android.conference, 
294|1, 294|368, 295|395, 295|533, 293|562, 291|651, 291|1375, 295|1423, 299|1465, 299|1490, 301|1515, 301|1733, 303|1801, 304|1863, 302|1938, 302|2122, 300|2157, 300|2719, 302|2732, 300|2754, 302|2765, 300|2795, 300|3315, 301|3399, 301|3569, 309|3684, 303|3733, 305|4068, com.google.android.apps.docs, 
294|1, 294|256, 295|268, 295|415, 298|470, 293|614, 297|642, 301|696, 301|744, 303|845, 303|924, 301|969, 301|1785, 303|1802, 301|1828, 301|4004, com.ted.android.conference, 
292|1, 292|167, 293|188, 293|269, 295|293, 289|405, 289|667, 293|783, 291|880, 291|1019, 295|1049, 299|1092, 299|2551, 300|2588, 300|4008, com.sololearn.cplusplus, 
292|1, 294|28, 292|60, 292|226, 293|237, 293|320, 296|359, 289|453, 289|593, 291|615, 289|655, 289|1375, 301|1405, 303|1456, 299|1565, 297|1651, 297|1784, 299|1805, 297|1827, 297|2952, 299|2963, 297|2991, 297|3565, 299|3583, 297|3611, 297|4001, com.google.android.gm, 
293|1, 293|123, 294|150, 294|260, 297|287, 290|400, 290|773, 298|841, 298|1088, 303|1125, 303|2535, 304|2565, 304|3142, 307|3178, 307|3206, 305|3231, 305|4008, com.google.android.apps.photos, 
293|1, 293|191, 294|203, 294|334, 297|353, 290|398, 290|1092, 292|1107, 290|1120, 290|1478, 294|1494, 298|1564, 300|1634, 300|1667, 298|1755, 298|2284, 300|2294, 298|2305, 298|3970, 300|3982, 298|3997, 298|4009, com.google.android.gm, 
293|1, 293|149, 294|159, 294|256, 297|291, 290|373, 291|461, 291|847, 293|922, 291|1085, 291|1302, 299|1339, 299|1428, 301|1486, 299|1571, 299|1713, 305|1753, 305|1781, 301|1795, 301|3301, 303|3315, 303|3331, 301|3356, 301|3504, 303|3571, 303|3852, 306|3951, 304|4007, com.google.android.music, 
293|1, 293|134, 294|146, 294|303, 290|465, 290|649, 294|680, 300|734, 298|804, 298|1000, 303|1038, 303|1326, 307|1352, 303|1474, 303|2071, 305|2115, 303|2185, 303|2348, 304|2426, 310|2488, 304|2599, 304|2976, 305|2998, 305|4004, com.google.android.apps.photos, 
293|1, 293|145, 294|165, 294|259, 296|284, 290|345, 290|764, 295|877, 292|938, 292|1437, 294|1449, 292|1460, 292|1807, 294|1839, 294|2019, 305|2128, 305|2168, 307|2186, 307|2317, 303|2355, 303|4017, com.Slack, 
293|1, 293|38, 295|60, 293|81, 293|177, 294|207, 294|325, 297|355, 290|442, 290|588, 292|600, 290|623, 290|749, 294|836, 298|908, 298|1258, 301|1322, 304|1440, 307|1528, 305|1600, 303|1705, 306|1910, 306|2664, 302|2792, 302|3770, 304|3786, 302|3819, 302|3898, 303|3935, 303|4025, com.ebay.mobile, 
295|1, 295|92, 297|106, 295|136, 295|178, 296|192, 296|309, 292|426, 292|1221, 294|1236, 292|1257, 292|1472, 300|1525, 302|1642, 300|1737, 300|2359, 302|2374, 300|2396, 300|4007, com.google.android.gm, 
295|1, 295|249, 296|274, 296|386, 298|400, 292|468, 292|795, 298|898, 302|1026, 302|1061, 304|1123, 304|1203, 300|1278, 300|3052, 302|3120, 302|3479, 308|3799, 313|3867, 313|4008, air.com.hypah.io.slither, 
295|1, 295|353, 296|382, 296|526, 298|560, 292|700, 292|1550, 296|1565, 300|1616, 300|1688, 302|1717, 302|1790, 300|1843, 300|4003, com.google.android.gm, 
295|1, 295|175, 296|198, 296|288, 299|330, 299|360, 292|420, 292|1347, 296|1360, 300|1395, 300|1446, 302|1493, 302|1569, 300|1602, 300|2835, 302|2850, 300|2874, 300|4005, com.google.android.gm, 
295|1, 295|190, 296|204, 298|225, 298|268, 296|303, 296|328, 299|366, 292|494, 292|1154, 294|1226, 307|1337, 301|1424, 301|1511, 303|1558, 303|1592, 307|1608, 307|1647, 305|1681, 305|2033, 307|2044, 305|2065, 305|3144, 307|3154, 305|3168, 305|3710, 307|3722, 305|3739, 305|4024, org.catrobat.catroid, 
295|1, 295|204, 296|218, 296|320, 292|397, 292|695, 293|720, 293|771, 299|826, 302|912, 300|966, 301|1076, 301|1136, 305|1179, 305|1688, 307|1698, 305|1715, 305|1851, 309|1866, 309|2060, 307|2078, 307|2246, 317|2320, 315|2431, 315|3072, 313|3117, 313|3223, 315|3261, 314|3345, 314|3455, 316|3468, 314|3498, 314|3525, 317|3548, 316|3560, 316|3570, 315|3600, 315|4002, com.mxtech.videoplayer.ad, 
295|1, 295|173, 296|184, 296|305, 292|437, 292|1373, 302|1464, 302|1586, 304|1641, 304|1764, 306|1789, 306|2739, 308|2749, 306|2759, 306|3242, 313|3313, 319|3402, 323|3452, 323|3592, 325|3606, 328|4004, at.DiTronic.androidgroup.randomgallery, 
295|1, 295|174, 296|195, 296|271, 298|283, 296|312, 296|351, 292|415, 293|550, 293|1433, 297|1454, 301|1498, 301|1536, 305|1573, 301|1742, 301|1812, 303|1858, 303|2179, 305|2191, 303|2203, 303|2744, 304|2764, 303|2775, 303|2787, 305|2798, 303|2830, 303|3361, 305|3376, 303|3466, 303|3580, 305|3615, 305|3908, 307|3943, 306|4033, com.google.android.music, 
295|1, 295|225, 296|238, 296|307, 298|326, 299|377, 299|499, 292|562, 292|739, 300|833, 300|1192, 302|1261, 300|1659, 300|1959, 302|1973, 301|1989, 301|2340, 307|2372, 301|2434, 301|2840, 303|2850, 301|2874, 301|3365, 303|3380, 301|3391, 301|4001, com.google.android.keep, 
295|1, 295|164, 296|184, 296|286, 299|317, 292|440, 292|664, 294|680, 292|727, 292|1004, 296|1070, 300|1122, 300|1160, 302|1202, 305|1375, 305|1420, 301|1525, 301|1870, 303|1902, 301|1983, 301|2841, 303|2872, 303|3010, 305|3069, 303|3140, 303|3407, 304|3417, 304|3803, 306|3827, 304|3899, 304|4016, com.google.android.apps.docs, 
295|1, 295|14, 297|35, 295|59, 295|224, 296|235, 296|368, 292|488, 293|595, 293|1176, 295|1259, 293|1307, 293|1443, 297|1469, 301|1558, 303|1647, 303|1689, 302|1718, 301|1778, 301|1821, 303|1904, 303|3586, 305|3648, 305|4009, com.google.android.music, 
295|1, 295|151, 296|161, 296|265, 298|281, 299|384, 298|468, 292|563, 292|596, 294|621, 294|644, 292|655, 292|729, 298|760, 294|831, 294|1063, 302|1147, 302|1918, 304|1931, 302|1960, 302|2150, 303|2174, 303|4001, com.sololearn.cplusplus, 
295|1, 295|179, 296|189, 296|290, 292|364, 292|667, 296|717, 300|885, 303|927, 305|983, 305|2503, 306|2542, 306|2581, 307|2618, 307|3141, 313|3195, 307|3225, 307|4006, com.google.android.apps.photos, 
295|1, 295|176, 296|230, 296|304, 298|332, 292|420, 292|596, 303|683, 303|774, 313|859, 319|940, 323|1077, 323|1131, 321|1249, 321|1574, 323|1587, 321|1624, 321|1718, 324|1745, 324|1832, 322|1845, 322|1991, 323|2003, 323|2116, 324|2155, 324|2722, 326|2731, 324|2742, 324|3143, 323|3157, 323|3256, 324|3284, 323|3309, 323|3321, 325|3332, 323|3343, 323|3844, 326|3859, 326|3951, 324|3975, 324|4013, com.bankofamerica.cashpromobile, 
295|1, 295|117, 297|138, 295|163, 295|246, 296|257, 296|404, 297|437, 299|488, 292|542, 292|702, 299|761, 302|806, 301|886, 301|955, 305|1035, 305|1304, 307|1319, 305|1356, 305|1621, 309|1681, 309|1919, 318|1955, 317|2028, 315|2090, 315|2535, 317|2546, 315|2560, 315|2851, 311|2869, 311|2913, 313|2999, 312|3063, 312|3240, 314|3281, 314|3296, 315|3315, 315|3327, 313|3347, 313|4004, com.mxtech.videoplayer.ad, 
295|1, 295|192, 296|205, 296|313, 298|336, 292|464, 292|576, 299|620, 301|733, 301|848, 305|956, 305|1224, 311|1261, 305|1272, 305|1491, 309|1523, 309|1665, 307|1721, 307|1832, 308|1866, 314|1932, 314|2055, 316|2076, 315|2115, 315|2682, 313|2696, 314|2744, 314|3027, 315|3061, 315|3323, 316|3336, 315|3350, 315|4001, com.mxtech.videoplayer.ad, 
295|1, 295|141, 296|184, 296|256, 298|276, 290|352, 290|583, 291|605, 291|911, 293|927, 291|999, 291|1406, 293|1434, 293|1466, 292|1484, 294|1500, 292|1525, 292|1549, 303|1619, 303|1688, 304|1736, 305|1782, 311|1927, 313|2018, 313|2119, 315|2145, 313|2182, 313|2863, 316|2877, 316|2904, 314|2917, 314|3290, 315|3311, 314|3330, 314|3898, 320|3938, 315|3986, 314|3999, 314|4009, com.dropbox.android, 
295|1, 295|153, 296|174, 296|299, 299|365, 292|468, 292|745, 294|763, 292|813, 292|859, 296|893, 300|1028, 300|1100, 306|1350, 307|1451, 306|1487, 306|1520, 308|1563, 305|1672, 305|1822, 307|1857, 308|1938, 308|2027, 310|2060, 308|2140, 308|2229, 309|2300, 309|2565, 305|2618, 305|3889, 307|3903, 305|3926, 307|3941, 305|3961, 305|4008, com.ebay.mobile, 
295|1, 295|152, 296|166, 296|266, 298|280, 299|325, 292|383, 292|677, 296|704, 300|848, 300|1562, 301|1585, 301|2656, 303|2672, 301|2684, 301|3198, 303|3208, 301|3222, 301|3233, 302|3246, 301|3258, 301|4002, com.google.android.keep, 
295|1, 297|21, 295|40, 295|135, 296|146, 296|218, 298|253, 292|317, 292|576, 294|591, 292|639, 292|933, 296|968, 303|1162, 303|1192, 301|1222, 306|1327, 306|1554, 307|1573, 305|1698, 305|1769, 308|1845, 308|2255, 314|2439, 308|2565, 304|2679, 304|3151, 306|3196, 304|3309, 304|3847, 306|3860, 304|3873, 304|4023, com.ebay.mobile, 
295|1, 295|196, 296|207, 296|359, 292|423, 292|572, 300|744, 302|830, 304|874, 304|897, 300|975, 300|2022, 302|2039, 300|2055, 300|2486, 302|2517, 302|2638, 308|2713, 302|2931, 302|3338, 304|3350, 302|3397, 302|3907, 304|3932, 302|3967, 304|4012, air.com.hypah.io.slither, 
295|1, 295|47, 297|65, 295|85, 295|163, 296|189, 296|383, 298|414, 292|492, 292|614, 293|668, 293|1673, 301|1729, 303|1794, 303|1829, 301|1867, 301|2045, 307|2073, 303|2093, 303|2608, 305|2619, 303|2634, 303|3749, 305|3870, 305|4007, com.google.android.music, 
295|1, 295|65, 297|93, 295|126, 295|231, 302|259, 302|304, 296|323, 296|376, 289|483, 289|614, 293|633, 293|703, 297|744, 297|907, 299|954, 299|1805, 301|1856, 299|1932, 299|2508, 301|2536, 299|2566, 299|4005, com.android.vending, 
293|1, 293|141, 294|165, 294|236, 297|268, 290|389, 290|465, 297|606, 301|703, 309|751, 314|888, 320|1058, 318|1194, 318|1768, 320|1837, 318|1964, 318|2514, 317|2592, 317|2914, 323|2976, 323|3049, 317|3073, 317|3271, 318|3336, 318|4020, com.scb.breezebanking.hk, 
293|1, 293|224, 294|235, 294|329, 296|360, 290|596, 290|768, 291|786, 291|814, 293|834, 301|940, 309|1015, 313|1059, 315|1161, 317|1233, 317|1956, 319|1971, 317|2018, 319|2046, 319|2225, 322|2270, 320|2340, 320|2978, 323|3042, 323|3092, 322|3118, 322|4014, com.sometimeswefly.littlealchemy, 
293|1, 293|144, 296|167, 294|204, 294|262, 296|282, 290|358, 290|548, 297|599, 297|676, 299|714, 301|788, 299|850, 303|932, 303|1522, 307|1538, 307|1839, 314|1925, 312|2048, 312|2191, 315|2243, 315|2285, 313|2318, 313|2706, 311|2760, 311|2784, 314|2812, 312|2850, 312|3096, 316|3117, 316|3154, 315|3180, 315|3214, 313|3234, 313|3726, 315|3740, 313|3755, 313|4011, com.mxtech.videoplayer.ad, 
293|1, 293|161, 294|183, 294|267, 296|288, 290|355, 290|967, 294|995, 294|1032, 298|1062, 300|1145, 306|1310, 302|1363, 300|1485, 299|1630, 299|2727, 302|2776, 300|2867, 300|2969, 302|2994, 302|3262, 304|3349, 304|3414, 302|3474, 302|3712, 304|3740, 303|3770, 302|3805, 302|4005, com.google.android.apps.docs, 
293|1, 293|142, 294|168, 294|251, 297|278, 297|316, 290|443, 290|465, 291|487, 290|513, 290|587, 293|616, 290|646, 292|683, 292|946, 296|973, 300|1128, 300|2117, 301|2141, 301|2282, 303|2294, 301|2310, 301|3423, 303|3435, 301|3446, 301|4012, com.sololearn.cplusplus, 
293|1, 293|172, 294|215, 294|228, 296|239, 294|258, 294|293, 295|333, 290|471, 290|577, 293|620, 301|719, 301|771, 313|861, 319|1028, 321|1167, 321|1294, 319|1548, 319|1780, 321|1800, 322|1847, 322|1933, 320|1947, 320|2040, 321|2054, 321|2539, 322|2550, 322|2683, 324|2708, 322|2729, 322|2786, 323|2800, 323|3264, 325|3279, 323|3291, 323|3776, 322|3795, 322|3844, 324|3865, 322|3885, 322|4001, com.bankofamerica.cashpromobile, 
293|1, 293|277, 294|303, 294|442, 297|472, 290|538, 292|631, 291|731, 290|764, 290|1062, 293|1131, 299|1226, 299|1409, 301|1452, 305|1524, 305|1565, 303|1589, 303|2018, 305|2028, 303|2056, 303|3188, 305|3201, 303|3224, 303|4003, org.catrobat.catroid, 
293|1, 293|252, 294|272, 294|390, 290|552, 290|1181, 292|1203, 301|1248, 301|1349, 300|1375, 300|1435, 298|1482, 298|1718, 304|1776, 298|1813, 298|2345, 300|2356, 298|2385, 298|4006, com.whatsapp, 
293|1, 293|151, 294|162, 294|274, 297|298, 290|365, 290|720, 293|743, 291|844, 291|1095, 293|1110, 294|1159, 294|1690, 295|1721, 295|2010, 297|2020, 295|2031, 295|2042, 297|2055, 295|2065, 295|2340, 306|2395, 306|2593, 304|2639, 304|4003, com.Slack, 
293|1, 293|47, 294|66, 295|94, 293|133, 293|173, 294|197, 294|260, 296|287, 290|466, 290|587, 291|655, 291|673, 300|777, 300|1071, 298|1116, 298|1877, 300|1889, 298|1927, 298|2463, 300|2476, 298|2505, 298|3005, 300|3018, 298|3030, 298|3578, 300|3589, 298|3602, 298|4006, com.whatsapp, 
293|1, 293|144, 294|163, 294|275, 290|340, 290|532, 293|560, 299|629, 299|753, 303|834, 303|1420, 307|1446, 307|1518, 309|1541, 307|1604, 307|1637, 305|1693, 305|1751, 308|1831, 312|1933, 312|2081, 313|2137, 313|2737, 309|2770, 309|2801, 311|2821, 310|2895, 310|3109, 311|3151, 311|4004, com.mxtech.videoplayer.ad, 
293|1, 293|170, 294|182, 294|292, 295|322, 290|465, 290|558, 292|614, 292|639, 302|672, 302|896, 300|1055, 300|2377, 302|2396, 300|2415, 300|2674, 306|2687, 306|2734, 300|2760, 300|3556, 302|3568, 300|3579, 300|4010, com.ted.android.conference, 
293|1, 293|184, 294|207, 294|307, 296|332, 296|349, 297|387, 290|516, 290|1474, 300|1583, 300|1654, 298|1709, 298|2196, 300|2212, 298|2224, 298|4004, com.google.android.gm, 
293|1, 293|171, 295|191, 296|232, 294|270, 294|357, 292|372, 289|424, 293|524, 293|620, 297|638, 297|728, 298|749, 298|869, 300|946, 300|1001, 303|1077, 303|1255, 311|1361, 318|1810, 326|1996, 330|2201, 335|2377, 334|2505, 336|2585, 336|2637, 338|2671, 345|2744, 345|4014, com.android.chrome, 
267|1, 267|154, 268|173, 268|286, 270|295, 271|355, 271|369, 264|487, 264|612, 266|689, 266|849, 280|991, 280|1239, 276|1321, 274|1385, 274|2163, 275|2175, 275|3262, 277|3275, 275|3317, 275|3873, 277|3898, 275|3917, 275|4008, com.sololearn.cplusplus, 
267|1, 267|137, 269|158, 268|176, 268|305, 271|332, 264|438, 264|658, 267|675, 268|704, 268|722, 267|754, 266|853, 266|882, 274|1036, 274|2078, 275|2095, 275|3255, 276|3269, 275|3290, 275|3713, 281|3724, 281|3775, 275|3790, 275|4001, com.sololearn.cplusplus, 
267|1, 267|99, 269|118, 269|157, 267|176, 268|206, 268|306, 269|366, 264|429, 264|675, 266|698, 264|727, 264|803, 275|914, 273|1023, 272|1052, 272|1093, 274|1113, 272|1161, 272|1861, 274|1875, 272|1903, 272|3005, 274|3017, 272|3045, 272|3585, 274|3618, 272|3637, 272|4011, com.whatsapp, 
267|1, 267|215, 268|238, 268|334, 271|362, 264|410, 264|1442, 265|1451, 264|1465, 264|1587, 272|1653, 274|1745, 272|1823, 272|3353, 274|3365, 272|3393, 272|3958, 274|3974, 272|3991, 272|4003, com.google.android.gm, 
267|1, 267|173, 269|187, 270|231, 270|256, 268|272, 268|351, 271|380, 271|393, 265|444, 264|562, 264|603, 271|658, 275|713, 275|760, 287|864, 289|945, 289|962, 293|1004, 295|1097, 293|1153, 293|1453, 294|1469, 293|1500, 293|1677, 295|1691, 296|1727, 296|1748, 294|1776, 294|2063, 296|2074, 300|2114, 294|2139, 295|2165, 295|3165, 294|3178, 294|3846, 297|3860, 297|3919, 295|3943, 295|4015, com.bankofamerica.cashpromobile, 
267|1, 267|271, 268|290, 268|409, 270|422, 266|479, 264|600, 264|808, 272|902, 272|1959, 274|1974, 273|1992, 273|3532, 275|3542, 273|3553, 273|3563, 275|3573, 273|3591, 273|4005, com.google.android.keep, 
268|1, 268|167, 269|183, 269|287, 265|390, 265|617, 272|650, 276|717, 284|817, 287|875, 290|940, 292|987, 294|1098, 294|1229, 292|1314, 292|1805, 294|1912, 294|2011, 297|2053, 295|2103, 295|3328, 296|3382, 295|3406, 295|4041, com.sometimeswefly.littlealchemy, 
268|1, 268|81, 274|99, 274|122, 268|145, 268|223, 269|233, 269|372, 265|425, 265|537, 267|552, 265|624, 265|744, 271|769, 273|892, 273|1661, 274|1675, 274|1811, 276|1829, 274|1842, 274|4001, com.google.android.keep, 
268|1, 268|130, 269|149, 269|276, 265|392, 265|912, 267|944, 273|1034, 275|1076, 275|1232, 277|1269, 275|1357, 275|1435, 276|1502, 276|1615, 274|1678, 274|2182, 276|2201, 276|2240, 274|2264, 274|2799, 283|2845, 280|2933, 274|2962, 276|3072, 276|3511, 278|3527, 277|3562, 277|3859, 279|3884, 277|3960, 277|4002, com.google.android.apps.docs, 
268|1, 268|178, 269|216, 269|268, 271|290, 265|370, 265|1408, 270|1453, 276|1594, 276|1668, 278|1727, 278|1824, 280|1917, 280|3300, 282|3310, 280|3329, 280|3869, 282|3879, 280|3897, 280|4010, at.DiTronic.androidgroup.randomgallery, 
294|1, 294|142, 295|152, 295|291, 288|349, 288|380, 292|396, 292|436, 296|475, 296|639, 298|691, 298|768, 300|825, 298|872, 298|1432, 300|1518, 298|1622, 298|2154, 300|2207, 298|2246, 298|2764, 300|2810, 298|2831, 298|4001, com.android.vending, 
294|1, 294|202, 295|212, 295|236, 297|248, 295|292, 295|402, 298|441, 291|566, 291|810, 299|970, 299|1102, 304|1147, 310|1303, 310|1367, 304|1406, 306|1447, 304|1501, 304|3069, 305|3085, 305|3291, 307|3313, 305|3368, 305|3389, 308|3415, 306|3493, 306|4012, com.google.android.apps.photos, 
294|1, 294|208, 296|218, 294|244, 295|264, 295|431, 294|458, 294|522, 298|641, 298|781, 299|811, 299|920, 301|1008, 301|1059, 303|1077, 303|1115, 304|1141, 304|1259, 313|1443, 315|1600, 319|1762, 327|1938, 329|2136, 332|2266, 334|2334, 336|2394, 337|2457, 339|2481, 343|2548, 346|2617, 346|3230, 348|3244, 346|3281, 346|3878, 348|3890, 346|3902, 346|4002, com.android.chrome, 
268|1, 268|61, 270|74, 268|106, 268|180, 269|199, 269|307, 265|403, 265|624, 267|654, 265|704, 265|1015, 269|1096, 273|1117, 273|1180, 275|1230, 275|1340, 278|1407, 274|1585, 274|1783, 276|1816, 274|1868, 274|3058, 276|3080, 276|3368, 277|3396, 277|3803, 279|3826, 277|3896, 277|4004, com.google.android.apps.docs, 
268|1, 268|162, 269|187, 269|308, 272|327, 272|392, 265|467, 265|654, 273|677, 273|1703, 275|1718, 273|1739, 275|1754, 274|1795, 274|2270, 276|2292, 274|2353, 274|4008, com.google.android.keep, 
268|1, 268|173, 270|187, 268|207, 268|221, 269|240, 269|330, 271|347, 265|441, 265|609, 268|664, 276|713, 276|808, 280|853, 286|931, 290|994, 290|1042, 292|1068, 294|1113, 292|1223, 294|1384, 296|1469, 294|1493, 294|1738, 297|1773, 297|1806, 295|1830, 295|1954, 301|1973, 296|2044, 296|2210, 297|2224, 297|3133, 298|3148, 297|3168, 297|3229, 296|3250, 296|3703, 298|3722, 296|3745, 296|3857, 299|3874, 299|3911, 297|3938, 297|4008, com.bankofamerica.cashpromobile, 
268|1, 268|167, 269|181, 269|333, 265|410, 265|511, 267|521, 265|534, 265|571, 267|585, 265|636, 265|900, 273|962, 273|1149, 276|1260, 281|1398, 281|1553, 279|1593, 279|1747, 282|1855, 282|2258, 284|2363, 283|2454, 285|2489, 283|2520, 283|2953, 279|3054, 282|3199, 280|3256, 280|3761, 282|3795, 280|3810, 280|4003, com.ebay.mobile, 
269|1, 269|119, 270|157, 270|218, 272|239, 266|292, 266|1174, 268|1184, 266|1214, 266|1261, 274|1289, 274|1380, 276|1456, 274|1497, 274|1716, 276|1726, 274|1757, 274|2320, 276|2333, 274|2347, 274|2853, 276|2865, 274|2887, 276|2905, 274|2924, 274|4011, com.google.android.gm, 
269|1, 269|21, 275|48, 275|103, 270|142, 270|288, 272|304, 268|377, 266|458, 266|680, 268|706, 270|765, 274|871, 274|1614, 275|1630, 274|1640, 274|2154, 276|2166, 274|2177, 274|2751, 276|2763, 274|2773, 274|3896, 276|3908, 274|3928, 274|4004, com.whatsapp, 
269|1, 269|231, 270|250, 270|341, 272|361, 266|485, 266|992, 267|1057, 267|1082, 268|1107, 268|1815, 270|1826, 268|1853, 268|2229, 277|2303, 277|2384, 279|2427, 279|2597, 277|2629, 277|2810, 283|2830, 277|2890, 277|3035, 279|3048, 277|3076, 277|4001, com.Slack, 
269|1, 269|144, 270|157, 270|247, 273|279, 266|494, 266|606, 274|718, 278|834, 277|902, 274|1031, 274|2662, 276|2698, 282|2902, 276|2953, 276|4002, air.com.hypah.io.slither, 
293|1, 293|118, 294|142, 294|250, 297|272, 295|285, 295|344, 289|407, 289|564, 290|630, 290|1197, 293|1235, 290|1309, 291|1358, 291|1572, 294|1592, 294|1631, 291|1647, 291|1658, 293|1717, 302|1776, 302|1896, 303|1932, 305|1955, 308|2013, 312|2114, 312|2570, 315|2648, 313|2718, 313|4003, com.dropbox.android, 
294|1, 294|145, 296|165, 295|196, 297|207, 295|229, 295|285, 297|311, 291|391, 298|615, 302|702, 302|734, 316|854, 318|992, 320|1054, 318|1196, 318|1581, 320|1773, 320|2060, 322|2081, 320|2100, 320|2326, 321|2432, 321|2474, 322|2634, 322|4003, com.sometimeswefly.littlealchemy, 
295|1, 295|153, 296|187, 296|229, 298|268, 296|287, 297|347, 292|426, 292|772, 294|806, 292|849, 294|909, 292|1020, 300|1096, 302|1177, 302|1277, 304|1312, 305|1433, 303|1482, 303|1582, 301|1630, 301|2163, 303|2190, 301|2223, 301|2905, 304|3095, 304|3527, 310|3575, 304|3591, 304|3704, 306|3716, 306|3870, 304|3931, 304|4002, com.google.android.apps.docs, 
295|1, 295|244, 296|254, 296|346, 298|370, 292|584, 299|720, 314|806, 318|890, 320|1038, 320|1228, 322|1261, 320|1387, 320|1930, 321|1992, 319|2040, 319|2965, 322|2990, 320|3025, 320|3248, 322|3288, 320|3375, 320|3927, 322|3945, 320|3967, 320|4031, com.scb.breezebanking.hk, 
295|1, 295|158, 297|187, 297|198, 295|229, 295|254, 296|313, 296|365, 298|379, 299|401, 292|501, 292|659, 305|751, 303|803, 303|827, 307|872, 317|949, 317|1085, 323|1224, 321|1371, 321|1791, 323|1807, 324|1849, 322|1868, 322|1975, 324|1988, 322|2013, 322|2047, 323|2058, 323|2211, 324|2227, 324|3031, 323|3052, 323|3449, 325|3508, 324|3715, 324|4019, com.bankofamerica.cashpromobile, 
295|1, 295|210, 296|233, 296|385, 292|552, 293|655, 293|1096, 294|1132, 293|1175, 295|1201, 293|1267, 293|1501, 299|1530, 299|1590, 301|1664, 301|1999, 303|2088, 303|2109, 305|2122, 303|2143, 303|2950, 305|2962, 303|2977, 303|2988, 305|2999, 303|3037, 303|3522, 305|3534, 305|3576, 303|3621, 303|3717, 305|3819, 305|4004, com.google.android.music, 
295|1, 295|96, 296|114, 296|206, 292|338, 292|836, 296|890, 300|982, 302|1079, 302|1246, 305|1308, 302|1356, 303|1399, 301|1557, 301|2332, 303|2366, 303|2745, 305|2804, 306|2878, 304|2930, 304|3181, 306|3197, 306|3249, 304|3284, 304|3398, 306|3409, 304|3451, 306|3475, 304|3517, 306|4021, com.google.android.apps.docs, 
296|1, 296|177, 297|187, 297|273, 300|300, 293|407, 293|954, 295|987, 293|1019, 293|1272, 297|1304, 303|1423, 303|1584, 305|1661, 305|1718, 309|1734, 307|1793, 307|2138, 309|2164, 307|2194, 307|2685, 309|2696, 307|2712, 307|3201, 308|3224, 320|3320, 324|3352, 326|3392, 326|3593, 329|3643, 327|3671, 330|3706, 328|3731, 328|4001, at.DiTronic.androidgroup.randomgallery, 
296|1, 296|108, 298|122, 296|135, 296|146, 298|156, 296|175, 296|207, 297|219, 297|328, 298|349, 291|419, 292|460, 292|1022, 294|1048, 295|1092, 292|1124, 293|1191, 293|1239, 297|1277, 304|1364, 304|1437, 305|1472, 308|1509, 306|1576, 306|1621, 312|1641, 312|1726, 314|1801, 314|1898, 316|1910, 314|1936, 314|2386, 317|2407, 315|2448, 315|4005, com.dropbox.android, 
296|1, 296|207, 297|219, 297|321, 293|526, 299|697, 301|751, 305|902, 305|959, 301|1059, 301|1868, 303|1886, 301|1937, 301|2490, 303|2506, 307|2573, 307|2647, 301|2687, 301|2822, 303|2938, 302|3087, 303|3293, 333|3343, 314|3416, 314|3785, 316|3816, 314|3834, 314|4022, air.com.hypah.io.slither, 
296|1, 296|149, 297|176, 297|333, 299|351, 293|553, 300|685, 304|745, 315|808, 317|939, 317|988, 319|1038, 321|1117, 321|1567, 320|1634, 320|2763, 323|2777, 322|2810, 321|2878, 321|3237, 323|3288, 321|3336, 321|4010, com.scb.breezebanking.hk, 
296|1, 296|130, 297|179, 297|227, 293|389, 294|491, 294|1416, 300|1455, 304|1601, 304|1660, 302|1694, 302|1790, 308|1873, 304|1910, 304|3560, 306|3600, 307|4019, com.google.android.music, 
296|1, 296|198, 297|210, 297|300, 293|343, 293|521, 299|564, 293|621, 295|648, 293|701, 293|1337, 297|1358, 303|1448, 303|1512, 305|1580, 305|1652, 307|1696, 307|2345, 309|2356, 307|2367, 307|2972, 309|2989, 307|3003, 307|3143, 313|3166, 314|3203, 318|3256, 324|3295, 324|3324, 326|3356, 326|3499, 328|3519, 326|3561, 327|3609, 328|3648, 328|4011, at.DiTronic.androidgroup.randomgallery, 
296|1, 296|139, 297|169, 297|268, 292|380, 290|395, 290|437, 294|481, 294|534, 298|592, 298|686, 300|703, 300|921, 303|961, 303|975, 301|1059, 301|3299, 307|3353, 301|3379, 301|3461, 303|3473, 301|3502, 301|4009, com.android.vending, 
295|1, 295|129, 296|150, 296|259, 292|337, 292|460, 299|624, 307|668, 315|711, 317|790, 319|913, 319|1697, 321|1730, 321|1953, 324|1981, 322|2027, 322|2426, 324|2485, 322|2556, 322|4004, com.sometimeswefly.littlealchemy, 
295|1, 295|220, 296|231, 296|329, 298|349, 292|491, 302|672, 304|840, 304|987, 300|1062, 300|1868, 302|1889, 300|1955, 300|2247, 301|2265, 301|2451, 305|2516, 303|2537, 303|3237, 304|3328, 304|3656, 306|3679, 304|3712, 304|4006, air.com.hypah.io.slither, 
296|1, 296|180, 297|192, 297|328, 299|359, 293|456, 293|1178, 301|1287, 301|1655, 307|1676, 310|1730, 307|1762, 305|1795, 310|1847, 308|1881, 308|1948, 306|1975, 306|2193, 309|2216, 309|2452, 310|2513, 310|2720, 312|2754, 310|2797, 310|3064, 306|3238, 306|4010, com.ebay.mobile, 
297|1, 297|142, 298|162, 298|264, 294|336, 294|973, 303|1115, 305|1283, 305|1427, 309|1473, 307|1517, 307|2459, 309|2470, 307|2481, 307|3018, 309|3034, 307|3053, 307|4003, org.catrobat.catroid, 
297|1, 297|265, 298|290, 298|394, 300|427, 292|504, 292|581, 293|601, 293|1090, 295|1101, 295|1166, 296|1243, 293|1277, 293|1317, 307|1399, 307|1431, 306|1461, 307|1542, 307|1598, 308|1624, 309|1637, 309|1649, 313|1667, 313|1728, 315|1828, 315|2712, 316|2745, 316|2903, 318|2915, 316|2939, 316|4009, com.dropbox.android, 
297|1, 297|137, 298|148, 300|191, 300|232, 298|287, 298|306, 294|499, 294|757, 296|780, 305|1102, 305|1180, 309|1217, 307|1301, 307|1415, 309|1446, 307|1469, 307|4001, org.catrobat.catroid, 
297|1, 297|49, 299|60, 297|114, 297|150, 298|170, 298|275, 301|345, 294|421, 294|637, 296|657, 294|748, 294|891, 302|977, 302|1284, 304|1341, 308|1435, 308|1632, 309|1684, 307|1728, 307|1837, 310|1911, 310|2047, 311|2106, 311|3132, 307|3272, 307|4006, com.ebay.mobile, 
297|1, 297|196, 298|215, 298|308, 301|354, 294|464, 294|793, 296|810, 294|843, 294|1299, 304|1396, 306|1481, 306|1683, 308|1751, 308|2027, 310|2078, 308|2129, 308|2635, 310|2647, 308|2660, 308|3302, 309|3348, 325|3485, 327|3526, 327|3702, 328|3746, 330|3766, 331|3804, 329|3831, 329|4003, at.DiTronic.androidgroup.randomgallery, 
297|1, 297|37, 299|51, 297|89, 297|192, 298|203, 298|400, 293|445, 297|563, 301|677, 301|741, 302|803, 304|876, 306|947, 306|993, 307|1049, 307|1142, 318|1599, 326|1867, 335|2167, 337|2282, 338|2353, 338|2399, 339|2446, 345|2499, 345|2570, 348|2626, 348|4005, com.android.chrome, 
270|1, 270|140, 271|151, 271|267, 267|360, 267|500, 269|605, 275|677, 279|805, 279|825, 285|843, 281|977, 275|1198, 275|2492, 277|2524, 277|2671, 279|2707, 277|2861, 277|3340, 279|3351, 277|3407, 279|3455, 277|3505, 277|3978, 279|3995, 279|4006, air.com.hypah.io.slither, 
294|1, 294|113, 296|124, 296|204, 295|240, 295|323, 296|335, 296|442, 299|572, 292|738, 292|942, 294|970, 292|1018, 292|1065, 301|1161, 301|1375, 303|1416, 303|1475, 307|1503, 305|1560, 307|1626, 305|1646, 305|2748, 307|2758, 305|2796, 305|3421, 311|3455, 305|3480, 305|4011, org.catrobat.catroid, 
295|1, 295|132, 296|154, 296|241, 295|279, 291|388, 291|414, 293|428, 291|464, 291|1012, 293|1045, 296|1087, 292|1157, 292|1210, 307|1275, 305|1324, 308|1397, 307|1412, 311|1433, 311|1479, 313|1571, 313|1621, 315|1655, 313|1711, 313|2784, 315|2800, 313|2833, 313|3142, 315|3154, 314|3177, 314|3344, 316|3376, 314|3390, 314|3980, 316|3992, 314|4010, com.dropbox.android, 
295|1, 295|119, 296|135, 296|227, 299|261, 292|380, 292|684, 298|714, 300|777, 300|971, 303|1053, 305|1121, 305|2206, 307|2237, 305|2268, 305|2870, 308|2905, 309|2962, 309|2983, 308|2997, 307|3031, 307|3337, 309|3352, 307|3371, 309|3382, 307|3392, 307|3899, 309|3911, 307|3924, 307|4006, com.google.android.apps.photos, 
295|1, 295|228, 298|239, 296|273, 296|352, 292|416, 297|648, 299|718, 314|783, 318|860, 320|1054, 320|1557, 325|1693, 325|1984, 319|2083, 319|2377, 321|2402, 319|2437, 319|2870, 322|2898, 320|2940, 320|3586, 322|3615, 320|3670, 320|4004, com.scb.breezebanking.hk, 
295|1, 295|216, 296|227, 296|349, 298|372, 298|446, 295|608, 300|676, 300|966, 302|1040, 305|1184, 305|1267, 316|1529, 316|1693, 324|1941, 328|2057, 333|2318, 333|2333, 335|2377, 338|2464, 340|2508, 347|2608, 347|3670, 349|3681, 347|3711, 347|4011, com.android.chrome, 
270|1, 270|156, 271|189, 271|268, 267|354, 267|1061, 273|1098, 271|1142, 271|2071, 273|2110, 271|2130, 271|2296, 282|2399, 282|2432, 280|2481, 280|2641, 282|2687, 280|2745, 280|4003, com.Slack, 
270|1, 270|117, 271|146, 271|236, 273|270, 267|333, 267|705, 269|728, 267|783, 267|906, 269|937, 276|1061, 275|1144, 275|2550, 277|2559, 275|2588, 275|3650, 277|3661, 275|3688, 275|4010, com.whatsapp, 
270|1, 270|93, 272|104, 270|130, 270|173, 271|192, 271|303, 264|338, 264|445, 268|459, 268|524, 272|544, 272|612, 274|637, 276|670, 274|897, 274|2526, 280|2598, 274|2737, 274|3195, 276|3209, 274|3226, 274|3779, 276|3788, 274|3798, 274|4010, com.android.vending, 
269|1, 269|48, 271|64, 269|92, 271|102, 269|117, 269|168, 270|185, 270|280, 272|305, 273|359, 266|470, 266|628, 268|645, 274|717, 274|1046, 279|1063, 279|1263, 281|1274, 279|1316, 279|1340, 281|1372, 279|1454, 279|1814, 281|1848, 279|1955, 279|2748, 281|2768, 280|2796, 281|2814, 281|3105, 283|3123, 281|3150, 281|4008, com.google.android.apps.photos, 
269|1, 269|140, 270|149, 270|245, 272|264, 266|308, 266|704, 269|728, 268|783, 268|1072, 270|1088, 268|1145, 268|1934, 279|1968, 277|2009, 277|2072, 279|2092, 279|2221, 277|2289, 277|3378, 279|3390, 277|3405, 277|4005, com.Slack, 
269|1, 269|176, 270|196, 270|281, 266|359, 266|953, 273|1057, 269|1136, 268|1157, 268|1661, 270|1674, 268|1684, 268|2201, 276|2237, 277|2272, 277|2397, 279|2538, 279|2643, 277|2686, 277|4004, com.Slack, 
269|1, 269|144, 270|168, 270|213, 272|234, 270|280, 266|475, 274|625, 274|689, 276|716, 278|787, 276|960, 274|1064, 274|1583, 276|1616, 274|1654, 274|2347, 275|2378, 275|2439, 279|2779, 277|2956, 277|3054, 280|3089, 277|3143, 279|3181, 278|3193, 278|3402, 280|3421, 278|3481, 278|3827, 284|3870, 278|3932, 278|4021, air.com.hypah.io.slither, 
274|1, 278|46, 282|69, 292|122, 292|175, 294|230, 297|337, 297|401, 295|425, 295|531, 296|544, 296|704, 298|722, 298|744, 297|764, 298|786, 298|824, 291|849, 291|906, 292|946, 294|978, 292|1056, 292|1362, 295|1445, 292|1554, 299|1653, 304|1725, 305|1786, 305|1831, 310|1862, 312|1888, 312|1934, 314|2055, 314|2711, 317|2724, 317|2754, 315|2766, 315|2842, 317|2854, 315|2865, 315|2879, 317|2891, 315|2931, 317|4001, com.dropbox.android, 
296|1, 296|134, 297|146, 297|252, 293|453, 295|612, 305|825, 301|992, 301|1102, 303|1145, 301|1222, 301|2363, 303|2411, 301|2425, 301|2608, 303|2649, 303|3560, 305|3577, 305|3635, 303|3671, 303|4016, air.com.hypah.io.slither, 
296|1, 296|166, 297|180, 297|389, 293|525, 293|1012, 294|1069, 294|1106, 295|1215, 301|1266, 295|1306, 295|1783, 297|1796, 295|1816, 295|2271, 304|2317, 304|2451, 306|2531, 306|2596, 304|2649, 304|3504, 305|3522, 304|3543, 304|4002, com.Slack, 
296|1, 296|161, 297|181, 297|284, 291|349, 292|392, 292|990, 295|1006, 294|1091, 295|1151, 295|1205, 304|1331, 306|1364, 308|1420, 314|1540, 314|2224, 316|2245, 314|2277, 314|2296, 315|2317, 315|2806, 317|2823, 315|2860, 315|3937, 321|3966, 316|4009, com.dropbox.android, 
296|1, 296|145, 297|165, 297|240, 299|264, 297|296, 299|323, 300|389, 300|421, 293|444, 293|1390, 303|1559, 305|1626, 305|1649, 307|1731, 307|2624, 309|2663, 307|2674, 307|3165, 314|3237, 324|3320, 326|3359, 326|3603, 328|3671, 328|3806, 330|3818, 328|3845, 328|4005, at.DiTronic.androidgroup.randomgallery, 
296|1, 296|88, 298|99, 296|121, 296|133, 298|145, 296|156, 296|198, 297|212, 297|322, 299|336, 300|384, 293|555, 293|717, 297|732, 301|882, 301|986, 304|1020, 306|1121, 306|1284, 308|1309, 306|1346, 306|2478, 307|2534, 307|2967, 308|2990, 308|3074, 309|3182, 308|3257, 308|3745, 310|3806, 308|3826, 308|4002, com.google.android.apps.photos, 
296|1, 296|145, 297|162, 297|273, 293|416, 293|493, 295|525, 293|556, 293|861, 294|914, 293|949, 301|1043, 301|1701, 303|1718, 301|1729, 301|1739, 303|1751, 301|1780, 301|2255, 307|2276, 301|2349, 301|2871, 303|2892, 301|2903, 301|2919, 303|2930, 301|2952, 301|4005, com.whatsapp, 
296|1, 296|204, 297|226, 297|318, 300|364, 293|456, 293|1064, 296|1103, 302|1177, 302|1337, 304|1393, 304|1404, 308|1427, 308|1457, 306|1489, 306|2661, 308|2672, 306|2702, 306|3230, 308|3245, 306|3280, 306|4002, org.catrobat.catroid, 
296|1, 296|156, 297|180, 297|320, 293|473, 293|1381, 297|1403, 303|1435, 303|1544, 305|1634, 305|1646, 307|1745, 307|2810, 309|2863, 307|2889, 307|3100, 314|3140, 314|3187, 318|3210, 326|3282, 326|3431, 328|3443, 326|3481, 326|3512, 330|3573, 328|3604, 328|4012, at.DiTronic.androidgroup.randomgallery, 
296|1, 296|190, 297|200, 297|338, 303|362, 297|432, 294|564, 294|606, 298|653, 298|787, 300|804, 300|1317, 302|1357, 300|1422, 300|2057, 302|2110, 300|2160, 300|3898, 302|3912, 300|3926, 302|3941, 300|3962, 300|4001, com.android.vending, 
296|1, 294|26, 296|51, 294|61, 294|210, 295|253, 295|308, 297|331, 291|513, 298|660, 313|739, 317|793, 321|958, 319|1059, 319|2004, 318|2192, 318|3184, 321|3216, 321|3232, 319|3326, 319|4002, com.scb.breezebanking.hk, 
294|1, 294|185, 295|206, 297|251, 295|269, 295|313, 297|333, 291|494, 291|819, 293|951, 293|2078, 294|2088, 293|2099, 293|2219, 301|2260, 302|2358, 302|2376, 304|2389, 304|2557, 302|2594, 302|4011, com.Slack, 
294|1, 294|139, 296|157, 295|178, 295|290, 297|311, 291|484, 299|603, 299|690, 305|738, 299|911, 299|2229, 301|2239, 299|2271, 299|2460, 300|2491, 300|2700, 302|2758, 302|3033, 300|3145, 305|3316, 302|3393, 303|3428, 303|3464, 304|3488, 314|3543, 314|4004, air.com.hypah.io.slither, 
295|1, 295|324, 296|340, 296|418, 298|428, 296|440, 296|481, 292|576, 292|1066, 302|1343, 300|1377, 300|1450, 302|1520, 302|1601, 305|1656, 303|1759, 301|1815, 303|1866, 303|1958, 301|1977, 301|2469, 303|2494, 301|2565, 301|3239, 303|3260, 303|3682, 306|3731, 306|3757, 304|3768, 304|4011, com.google.android.apps.docs, 
295|1, 295|179, 297|193, 298|227, 296|248, 296|339, 299|437, 292|495, 292|739, 294|770, 294|825, 292|853, 292|1025, 298|1075, 300|1128, 300|1192, 302|1212, 304|1319, 305|1397, 301|1532, 301|2795, 303|2840, 303|3122, 304|3189, 304|3438, 306|3463, 304|3565, 304|3599, 310|3622, 304|3659, 304|3809, 306|3824, 304|3836, 304|3847, 306|3860, 304|3893, 304|4004, com.google.android.apps.docs, 
295|1, 295|76, 297|86, 295|126, 295|155, 296|180, 296|276, 299|323, 292|487, 303|669, 307|745, 314|798, 318|863, 318|996, 320|1116, 320|1521, 319|1593, 319|1885, 321|2169, 319|2313, 319|2769, 320|2834, 320|3353, 322|3372, 322|3409, 320|3429, 320|4019, com.scb.breezebanking.hk, 
295|1, 295|210, 296|233, 296|339, 292|431, 293|605, 293|823, 295|863, 293|988, 293|1434, 301|1470, 303|1564, 303|1613, 301|1651, 301|1784, 307|1847, 303|1861, 303|2170, 305|2183, 303|2196, 303|2212, 305|2226, 303|2247, 303|3846, 305|3915, 305|4063, com.google.android.music, 
295|1, 295|153, 296|173, 296|289, 298|314, 292|487, 292|907, 295|950, 303|1166, 303|1250, 307|1263, 307|1308, 309|1330, 307|1395, 305|1416, 305|1764, 311|1805, 305|1824, 305|1955, 307|1971, 305|1986, 305|2529, 307|2541, 305|2559, 305|4003, org.catrobat.catroid, 
295|1, 295|149, 296|159, 296|263, 292|309, 292|715, 299|762, 301|887, 301|942, 303|1014, 303|1088, 307|1115, 305|1213, 305|1753, 307|1768, 305|1781, 305|4006, org.catrobat.catroid, 
295|1, 295|98, 296|119, 296|264, 294|278, 289|350, 295|400, 293|439, 297|483, 297|648, 299|728, 299|974, 301|1021, 299|1103, 299|1658, 301|1709, 299|1795, 299|2343, 301|2411, 299|2503, 299|3556, 301|3567, 299|3590, 301|3604, 299|3633, 299|4008, com.android.vending, 
294|1, 294|159, 295|174, 295|253, 301|273, 295|320, 295|341, 298|359, 291|577, 291|840, 292|884, 300|969, 300|1144, 302|1222, 306|1244, 304|1328, 304|1773, 306|1791, 304|1813, 306|1831, 304|1882, 304|2441, 305|2459, 304|2473, 304|2973, 306|2986, 304|3006, 304|3547, 306|3565, 304|3576, 304|4005, org.catrobat.catroid, 
294|1, 294|162, 295|172, 295|293, 298|336, 291|399, 291|564, 296|639, 298|704, 312|793, 311|863, 315|904, 319|1083, 319|1631, 318|1643, 318|2320, 321|2396, 321|2423, 319|2437, 319|3104, 325|3158, 325|3207, 319|3234, 319|3546, 321|3616, 319|3646, 319|4009, com.scb.breezebanking.hk, 
294|1, 294|189, 295|213, 295|338, 298|370, 291|455, 291|777, 297|800, 299|868, 299|1085, 304|1117, 304|2736, 305|2750, 305|2896, 306|2917, 306|2968, 308|2980, 306|3003, 306|4009, com.google.android.apps.photos, 
294|1, 294|178, 295|189, 295|280, 297|308, 291|479, 292|630, 298|716, 306|794, 314|918, 318|1079, 318|1136, 320|1211, 318|1315, 318|1610, 320|1686, 318|1750, 318|1964, 320|2010, 320|2201, 322|2218, 323|2234, 323|2272, 321|2314, 321|3542, 323|3588, 321|3612, 321|4014, com.sometimeswefly.littlealchemy, 
294|1, 294|180, 295|206, 295|277, 297|299, 292|569, 302|678, 310|727, 314|769, 316|828, 318|918, 318|1366, 324|1491, 318|1623, 318|1771, 320|1826, 320|1896, 322|1925, 323|1949, 323|1975, 321|2088, 321|2335, 322|2392, 322|2595, 323|2644, 322|2668, 322|3258, 324|3273, 322|3304, 322|4039, com.sometimeswefly.littlealchemy, 
295|1, 295|234, 296|243, 296|344, 292|429, 292|689, 298|707, 300|799, 300|862, 305|919, 305|1105, 307|1149, 305|1202, 305|1334, 307|1366, 305|1434, 305|1733, 307|1752, 305|1777, 305|2082, 306|2176, 306|2338, 308|2359, 306|2399, 306|2813, 307|2836, 307|2891, 309|2906, 308|2940, 307|2953, 307|4004, com.google.android.apps.photos, 
295|1, 295|173, 296|183, 296|243, 298|255, 296|294, 296|314, 298|337, 292|395, 292|768, 293|803, 292|891, 292|1002, 297|1049, 296|1105, 300|1209, 300|1347, 302|1371, 300|1448, 300|1987, 302|1999, 300|2022, 300|2601, 301|2613, 300|2624, 300|4003, com.whatsapp, 
295|1, 295|148, 296|158, 296|248, 299|288, 292|363, 292|835, 300|947, 302|1026, 302|1076, 304|1107, 302|1141, 304|1174, 302|1278, 302|1367, 305|1410, 303|1444, 301|1518, 301|1725, 303|1752, 301|1858, 301|2676, 303|2712, 303|2975, 304|3034, 304|3650, 306|3661, 304|3683, 304|3727, 306|3753, 304|3785, 304|4009, com.google.android.apps.docs, 
295|1, 295|204, 296|219, 296|340, 294|383, 302|489, 297|600, 299|676, 299|829, 300|853, 300|975, 302|1018, 302|1069, 304|1104, 305|1178, 305|1243, 311|1295, 314|1382, 318|1453, 316|1597, 316|1707, 320|1870, 324|1978, 330|2151, 340|2426, 342|2559, 336|2659, 343|2729, 346|2810, 346|3035, 348|3068, 346|3100, 346|3707, 348|3718, 346|3738, 346|4010, com.android.chrome, 
269|1, 269|158, 270|198, 270|298, 276|353, 269|397, 269|491, 273|513, 273|601, 274|648, 274|744, 276|772, 276|892, 279|998, 279|1079, 281|1115, 288|1200, 290|1387, 290|1470, 302|1651, 304|1830, 306|1935, 306|1994, 307|2054, 310|2108, 318|2242, 321|2337, 321|4011, com.android.chrome, 
269|1, 269|175, 270|198, 270|290, 273|330, 273|392, 266|495, 266|635, 267|664, 267|691, 271|713, 274|840, 274|1424, 276|1440, 274|1463, 274|2574, 276|2584, 274|2616, 274|3194, 276|3204, 274|3235, 274|4001, com.whatsapp, 
