25|1, 25|1378, 26|1493, 26|1886, 27|1972, 28|2038, 28|2390, 26|2511, 25|2618, 25|2713, 24|2872, 25|3036, 23|3234, 25|3366, 26|3490, 26|3727, 28|3786, 25|3880, 25|4009, com.ebay.mobile, 
22|1, 22|866, 23|893, 24|955, 25|1044, 25|1238, 24|1506, 24|1761, 22|1811, 22|2053, 23|2068, 23|2599, 24|2651, 24|3205, 23|3230, 23|3872, 22|3882, 22|4007, com.sololearn.cplusplus, 
22|1, 22|284, 23|304, 23|385, 24|407, 24|473, 22|489, 23|508, 23|631, 22|737, 22|4010, com.ted.android.conference, 
22|1, 22|1378, 23|1409, 23|1481, 24|1496, 24|1520, 25|1547, 27|1608, 27|1637, 31|1746, 33|1786, 34|1837, 35|1857, 36|1876, 36|1932, 37|1947, 38|1989, 37|2002, 37|2086, 35|2218, 33|2330, 27|2389, 28|2442, 28|2761, 29|2855, 29|3098, 28|3113, 28|3143, 29|3157, 29|3342, 30|3357, 30|3691, 28|3702, 28|3900, 29|3939, 29|4004, com.dropbox.android, 
22|1, 22|973, 23|1003, 23|1088, 25|1161, 26|1202, 30|1294, 30|1428, 32|1488, 37|1606, 37|2010, 36|2034, 35|2068, 35|2385, 32|2402, 32|2488, 30|2521, 30|2559, 31|2588, 29|2612, 29|2713, 30|2752, 30|2788, 29|2807, 29|2827, 28|2852, 28|2865, 29|2889, 29|2922, 28|2943, 28|2959, 27|2971, 27|2998, 28|3019, 28|3078, 27|3102, 28|3116, 28|3258, 26|3270, 26|3399, 25|3411, 25|3904, 24|3916, 24|4009, com.dropbox.android, 
22|1, 22|2704, 23|2721, 23|3142, 24|3157, 24|3552, 25|3566, 25|3628, 24|3638, 24|4002, com.bankofamerica.cashpromobile, 
22|1, 22|4007, com.android.chrome, 
22|1, 22|601, 23|634, 23|664, 24|693, 25|850, 25|892, 24|1141, 24|2005, 25|2033, 23|2054, 23|2295, 24|2318, 24|2577, 23|2605, 23|3426, 22|3452, 22|4005, com.sololearn.cplusplus, 
22|1, 22|4006, com.google.android.gm, 
22|1, 22|2311, 23|2338, 23|2628, 22|2646, 24|2658, 24|2739, 25|2755, 26|2770, 26|2845, 24|2859, 25|2873, 25|2931, 22|2956, 22|3230, 23|3240, 23|3316, 24|3328, 24|3393, 30|3408, 22|3420, 22|3603, 23|3614, 23|3684, 24|3698, 23|4145, com.google.android.music, 
23|1, 23|1891, 24|1939, 24|2282, 25|2296, 25|2643, 24|2655, 24|2694, 25|2706, 25|2943, 23|2960, 23|3924, 24|3948, 24|4002, com.bankofamerica.cashpromobile, 
23|1, 23|2352, 24|2365, 24|2439, 25|2458, 25|2549, 23|2561, 23|2825, 24|2856, 24|4002, com.google.android.keep, 
23|1, 23|4007, com.ted.android.conference, 
23|1, 23|1358, 24|1372, 25|1478, 25|1703, 23|1721, 23|4009, org.catrobat.catroid, 
23|1, 23|1222, 24|1263, 28|1350, 33|1384, 34|1411, 34|1434, 37|1453, 38|1539, 38|1621, 36|1655, 36|1879, 31|1951, 33|2006, 32|2053, 32|2080, 30|2105, 30|2143, 31|2156, 31|2182, 30|2232, 30|2256, 29|2282, 28|2323, 27|2339, 27|2349, 28|2362, 28|2392, 29|2408, 28|2422, 30|2442, 30|2457, 31|2475, 31|2491, 32|2538, 32|2639, 31|2654, 31|2673, 29|2694, 29|2745, 28|2755, 28|2768, 31|2794, 32|2810, 32|2967, 33|2979, 33|3018, 32|3028, 32|3049, 33|3060, 31|3075, 31|3189, 33|3211, 31|3232, 31|3455, 29|3466, 29|3559, 30|3571, 30|3593, 31|3604, 31|3826, 29|3837, 29|4007, com.dropbox.android, 
23|1, 23|2206, 25|2372, 25|2461, 23|2570, 24|2619, 25|2699, 23|2799, 23|4008, com.android.chrome, 
23|1, 23|4002, at.DiTronic.androidgroup.randomgallery, 
23|1, 23|849, 24|1002, 25|1086, 25|1300, 23|1401, 23|3138, 24|3179, 24|3239, 23|3337, 24|3383, 25|3445, 25|3736, 23|3752, 23|4008, com.scb.breezebanking.hk, 
23|1, 23|1196, 24|1479, 23|1647, 23|2363, 24|2471, 24|2533, 25|2557, 25|2658, 23|2834, 23|3826, 24|3858, 24|4010, com.android.chrome, 
23|1, 23|2118, 24|2134, 24|2224, 25|2241, 25|2314, 23|2325, 23|2490, 24|2509, 24|4007, com.google.android.keep, 
23|1, 23|3209, 24|3236, 24|3321, 25|3336, 25|3693, 23|3704, 23|4019, com.google.android.apps.photos, 
23|1, 23|1878, 24|1948, 25|2059, 26|2185, 26|2442, 23|2483, 24|2573, 24|2755, 23|2798, 23|3549, 24|3585, 24|3628, 25|3658, 23|3678, 23|4009, com.sometimeswefly.littlealchemy, 
23|1, 23|2188, 24|2219, 24|2496, 23|2531, 23|2567, 24|2584, 24|4001, com.sometimeswefly.littlealchemy, 
23|1, 23|1937, 25|2027, 25|2106, 27|2116, 27|2228, 25|2238, 23|2251, 23|2264, 27|2291, 27|2302, 23|2312, 23|3159, 24|3175, 24|3393, 23|3402, 23|4015, com.google.android.music, 
23|1, 23|1790, 24|1806, 24|1911, 25|1932, 25|1954, 23|1963, 23|2304, 24|2320, 24|4004, com.google.android.keep, 
23|1, 23|1746, 24|1782, 24|1964, 25|1977, 25|2108, 26|2118, 26|2421, 27|2432, 27|2537, 26|2548, 26|2865, 24|2879, 24|2949, 23|2964, 23|3785, 24|3819, 24|4057, com.bankofamerica.cashpromobile, 
23|1, 23|4001, com.ted.android.conference, 
23|1, 23|892, 24|969, 24|1009, 25|1094, 25|1152, 27|1217, 27|1433, 23|1467, 23|1947, 25|1960, 25|2146, 24|2186, 24|2496, 26|2519, 26|2932, 23|2944, 23|3018, 24|3061, 24|3181, 25|3221, 25|3279, 27|3292, 27|3574, 26|3609, 26|3619, 23|3629, 23|4004, com.mxtech.videoplayer.ad, 
23|1, 23|636, 24|687, 24|700, 26|735, 26|1093, 25|1200, 25|2024, 24|2048, 24|2304, 25|2339, 25|2602, 24|2623, 24|3443, 23|3452, 23|4001, com.sololearn.cplusplus, 
23|1, 23|4008, com.ted.android.conference, 
23|1, 23|1353, 24|1419, 25|1448, 25|1603, 26|1643, 28|1700, 28|1787, 29|1846, 29|2064, 28|2148, 28|2171, 29|2207, 29|2231, 30|2280, 30|2395, 28|2427, 28|2733, 24|2967, 24|3051, 25|3134, 26|3181, 26|3234, 24|3261, 24|3480, 26|3495, 27|3518, 27|3733, 26|3754, 26|4011, com.ebay.mobile, 
23|1, 23|1657, 24|1677, 24|1764, 25|1780, 25|1858, 23|1869, 23|2149, 25|2160, 25|4002, com.google.android.keep, 
23|1, 23|1936, 24|2049, 24|2092, 25|2142, 24|2248, 24|2367, 23|2412, 23|4004, com.android.chrome, 
23|1, 23|4011, at.DiTronic.androidgroup.randomgallery, 
23|1, 23|544, 25|611, 26|662, 26|947, 27|983, 25|1045, 25|1495, 24|1514, 24|1790, 25|1810, 25|1835, 23|1844, 23|2083, 24|2098, 24|2352, 23|2368, 23|3142, 22|3153, 22|4016, com.sololearn.cplusplus, 
21|1, 21|849, 22|898, 22|970, 23|989, 23|1080, 22|1096, 22|1404, 21|1418, 21|4001, com.ted.android.conference, 
20|1, 20|658, 21|741, 22|785, 22|948, 23|1005, 23|1120, 22|1134, 22|1307, 20|1320, 20|1814, 22|1849, 22|2007, 20|2043, 21|2082, 23|2138, 21|2171, 21|3217, 22|3265, 22|3338, 23|3358, 23|3484, 24|3498, 24|3644, 22|3658, 23|3668, 23|3734, 21|3750, 22|3761, 22|3785, 20|3801, 22|3816, 22|3826, 20|3835, 20|3848, 21|3860, 22|3878, 20|3889, 20|3899, 21|3913, 21|4001, com.mxtech.videoplayer.ad, 
20|1, 20|744, 23|903, 23|1190, 21|1210, 21|1405, 22|1418, 22|2003, 21|2014, 21|2956, 22|2974, 22|3798, 21|3809, 21|4006, com.sololearn.cplusplus, 
20|1, 20|3600, 21|3683, 22|3788, 22|4002, air.com.hypah.io.slither, 
24|1, 24|3113, 20|3124, 20|3135, 25|3151, 25|3491, 26|3507, 26|3590, 27|3616, 27|3698, 25|3713, 25|3858, 27|3876, 28|3918, 28|3942, 27|3973, 27|4010, at.DiTronic.androidgroup.randomgallery, 
25|1, 25|736, 26|903, 27|997, 27|1063, 26|1242, 25|1526, 25|3222, 27|3331, 26|3434, 26|3805, 25|3838, 25|4016, com.scb.breezebanking.hk, 
25|1, 25|4009, com.ted.android.conference, 
25|1, 25|2207, 26|2223, 26|4010, com.ted.android.conference, 
26|1, 26|4005, com.android.vending, 
26|1, 26|4001, com.whatsapp, 
26|1, 26|1816, 27|1855, 27|2030, 28|2040, 28|2163, 29|2186, 29|2580, 30|2593, 30|2605, 29|2614, 29|3012, 26|3031, 27|3054, 27|3189, 26|3204, 26|3914, 27|3937, 27|4019, com.bankofamerica.cashpromobile, 
26|1, 26|1828, 27|1844, 27|2282, 28|2294, 28|2820, 27|2832, 27|3107, 26|3130, 26|3674, 27|3719, 27|3926, 28|3971, 28|4020, com.bankofamerica.cashpromobile, 
26|1, 26|4007, com.whatsapp, 
26|1, 26|2222, 27|2289, 27|2461, 26|2572, 27|2641, 27|4021, com.sometimeswefly.littlealchemy, 
26|1, 26|4004, com.google.android.gm, 
26|1, 26|1165, 28|1209, 28|1266, 29|1310, 29|1344, 30|1395, 30|1434, 29|1504, 29|1715, 26|1750, 26|1944, 28|1970, 28|2257, 30|2421, 33|2582, 37|2687, 37|2872, 36|2920, 35|2958, 35|3127, 32|3172, 33|3211, 34|3285, 31|3335, 29|3506, 32|4021, com.android.vending, 
26|1, 26|1870, 27|1897, 27|2121, 28|2133, 28|2153, 26|2168, 26|2199, 27|2247, 28|2308, 29|2329, 30|2389, 34|2502, 34|2559, 28|2593, 28|2741, 26|2760, 26|2802, 27|2816, 27|2991, 28|3002, 28|3084, 31|3095, 31|3218, 27|3236, 27|4001, com.google.android.keep, 
26|1, 26|1575, 28|1727, 29|1810, 30|1842, 30|1959, 26|1971, 26|2018, 31|2030, 31|2040, 26|2065, 26|2915, 27|2946, 27|3134, 26|3144, 27|4043, com.google.android.music, 
26|1, 26|639, 27|815, 28|904, 28|948, 30|1014, 30|1252, 28|1263, 28|1309, 26|1323, 26|1807, 28|1832, 28|1956, 27|2116, 28|2168, 28|2479, 29|2491, 29|2714, 27|2724, 27|2889, 28|2901, 28|3022, 29|3089, 28|3126, 28|3140, 30|3156, 30|3329, 27|3349, 28|3394, 28|3442, 29|3457, 29|3512, 28|3526, 28|3583, 26|3596, 26|3608, 28|3621, 28|3631, 26|3646, 26|3732, 27|3746, 28|3761, 28|3771, 26|3782, 26|3864, 27|3882, 27|3972, 26|3986, 26|4003, com.mxtech.videoplayer.ad, 
26|1, 26|762, 28|915, 28|1140, 26|1214, 26|1326, 27|1453, 26|1527, 26|2689, 27|2760, 28|2791, 28|2825, 27|2847, 27|3180, 26|3234, 26|4011, com.scb.breezebanking.hk, 
26|1, 26|682, 27|785, 28|827, 28|879, 29|915, 29|973, 30|1018, 30|1187, 28|1200, 28|1323, 26|1335, 26|1729, 28|1768, 28|1944, 27|2040, 27|2382, 29|2393, 29|2838, 26|2852, 26|2985, 27|3065, 29|3090, 29|3365, 28|3388, 29|3400, 29|3514, 27|3529, 29|3550, 29|3585, 28|3597, 28|3683, 27|3695, 27|3866, 26|3878, 26|4009, com.mxtech.videoplayer.ad, 
26|1, 26|2203, 27|2219, 27|2477, 26|2538, 26|2573, 27|2587, 27|4004, com.sometimeswefly.littlealchemy, 
26|1, 26|1126, 27|1161, 27|1500, 28|1517, 28|1892, 26|1903, 26|2445, 27|2513, 27|2570, 28|2624, 28|2891, 26|2920, 27|2947, 27|4007, com.Slack, 
26|1, 26|1268, 28|1413, 28|1600, 30|1758, 32|1879, 32|2225, 33|2381, 33|2702, 31|2736, 31|2885, 29|2914, 28|3024, 26|3157, 26|4022, com.ebay.mobile, 
26|1, 26|1215, 29|1369, 24|1443, 24|1530, 27|1612, 27|1659, 29|1812, 29|1975, 27|2028, 25|2062, 26|2110, 27|2233, 27|2280, 25|2335, 24|2484, 24|2619, 23|2723, 23|2837, 22|2875, 22|3042, 21|3143, 21|4004, com.ebay.mobile, 
15|1, 15|4002, com.android.vending, 
15|1, 15|4008, com.android.vending, 
15|1, 15|806, 17|906, 18|941, 18|956, 20|972, 20|1040, 21|1074, 21|1129, 19|1140, 19|1182, 20|1205, 20|1239, 21|1264, 18|1276, 18|1298, 17|1313, 17|1353, 15|1366, 15|1493, 16|1506, 16|1731, 15|1745, 15|2065, 16|2110, 16|2179, 17|2205, 17|2523, 15|2550, 15|2617, 16|2631, 16|4008, com.Slack, 
15|1, 15|703, 16|774, 17|856, 18|929, 18|1010, 19|1037, 19|1154, 17|1171, 17|1293, 15|1302, 15|1687, 17|1720, 17|1829, 15|1923, 15|2127, 16|2163, 17|2189, 18|2241, 18|2311, 17|2323, 17|2443, 19|2465, 19|2512, 18|2533, 18|2802, 19|2830, 17|2880, 17|2937, 18|2966, 18|3004, 17|3024, 16|3038, 16|3049, 17|3065, 17|3090, 18|3109, 18|3119, 20|3132, 20|3161, 19|3176, 19|3208, 20|3219, 20|3280, 17|3295, 17|3348, 15|3363, 15|4002, com.mxtech.videoplayer.ad, 
15|1, 15|4015, com.ted.android.conference, 
15|1, 15|1801, 16|1863, 17|1938, 17|2198, 15|2275, 15|2765, 16|2795, 16|2995, 15|3010, 15|3316, 17|3400, 18|3509, 17|3569, 20|3684, 17|3733, 15|3790, 15|4068, com.google.android.apps.docs, 
15|1, 15|4004, com.ted.android.conference, 
15|1, 15|667, 18|795, 18|1019, 16|1049, 16|1222, 17|1265, 17|1529, 15|1565, 16|1594, 16|2436, 15|2454, 15|2473, 16|2504, 16|2551, 17|2588, 17|2620, 18|2672, 18|2837, 19|2877, 18|2909, 18|2989, 19|3018, 24|3044, 24|3065, 17|3077, 17|3119, 16|3132, 16|3400, 20|3412, 20|3518, 18|3530, 18|3542, 17|3561, 15|3572, 15|4008, com.sololearn.cplusplus, 
15|1, 15|1257, 16|1284, 16|1456, 15|1565, 15|4001, com.google.android.gm, 
15|1, 15|3206, 16|3232, 16|3303, 17|3336, 17|3378, 18|3410, 15|3432, 15|3497, 16|3517, 16|3636, 15|3662, 15|3816, 16|3840, 16|4008, com.google.android.apps.photos, 
15|1, 15|4006, com.google.android.gm, 
15|1, 15|1780, 17|1794, 17|1883, 18|1898, 19|1913, 19|2037, 15|2047, 20|2080, 15|2123, 15|3050, 16|3061, 16|3275, 15|3288, 15|3851, 16|3950, 16|4006, com.google.android.music, 
15|1, 15|2976, 16|2999, 16|3082, 18|3094, 18|3117, 14|3132, 14|3156, 11|3169, 12|3180, 12|3362, 11|3375, 11|3424, 12|3436, 12|3633, 11|3643, 11|4004, com.google.android.apps.photos, 
11|1, 11|763, 12|877, 14|937, 14|1176, 16|1195, 14|1205, 14|1373, 11|1386, 11|1545, 12|1556, 12|1747, 11|1757, 11|4016, com.Slack, 
11|1, 11|1258, 12|1323, 13|1440, 13|1529, 14|1600, 14|1707, 18|1910, 19|2068, 19|2349, 20|2378, 19|2501, 16|2591, 14|2664, 14|2948, 16|2994, 14|3026, 14|3046, 13|3097, 13|3191, 12|3270, 12|3587, 11|3600, 11|4025, com.ebay.mobile, 
11|1, 11|4007, com.google.android.gm, 
11|1, 11|3354, 13|3480, 12|3798, 23|3866, 22|4007, air.com.hypah.io.slither, 
10|1, 10|4003, com.google.android.gm, 
10|1, 10|4006, com.google.android.gm, 
10|1, 10|1227, 11|1338, 12|1424, 12|1647, 10|1682, 10|4024, org.catrobat.catroid, 
10|1, 10|913, 11|967, 12|1076, 13|1136, 13|1180, 12|1230, 12|1328, 13|1342, 13|1382, 12|1398, 12|1491, 10|1502, 10|1986, 12|2004, 12|2197, 10|2224, 11|2246, 13|2320, 12|2431, 12|2728, 14|2765, 14|3181, 11|3224, 11|3261, 12|3345, 12|3388, 13|3405, 13|3549, 11|3560, 11|3570, 12|3600, 12|3665, 13|3676, 13|3757, 11|3767, 12|3779, 12|3807, 13|3820, 13|3918, 12|3932, 12|4002, com.mxtech.videoplayer.ad, 
10|1, 10|2979, 12|2994, 12|3200, 11|3211, 14|3242, 10|3314, 10|4004, at.DiTronic.androidgroup.randomgallery, 
10|1, 10|1813, 12|1858, 12|1918, 14|1938, 14|2069, 12|2081, 10|2092, 13|2112, 13|2135, 10|2147, 10|3015, 11|3036, 11|3240, 10|3263, 11|4035, com.google.android.music, 
10|1, 10|1973, 11|1988, 11|2061, 12|2079, 12|2157, 10|2176, 10|2339, 11|2371, 11|4012, com.google.android.keep, 
10|1, 10|1207, 11|1375, 11|1420, 12|1525, 12|1640, 10|1715, 10|1982, 12|2069, 12|2237, 11|2257, 11|3406, 14|3417, 14|3526, 15|3540, 15|3631, 12|3644, 12|3827, 11|3898, 11|4015, com.google.android.apps.docs, 
11|1, 11|1821, 13|1905, 13|2003, 15|2014, 15|2144, 11|2155, 11|2167, 16|2179, 16|2201, 11|2213, 11|2986, 12|2997, 12|3215, 11|3227, 11|4010, com.google.android.music, 
11|1, 11|760, 13|832, 14|930, 14|1147, 13|1232, 13|2150, 14|2174, 12|2188, 12|2442, 13|2464, 13|2743, 12|2762, 12|3464, 11|3474, 11|4001, com.sololearn.cplusplus, 
11|1, 11|2581, 12|2617, 12|2713, 13|2730, 13|2754, 14|2770, 14|2794, 11|2804, 11|2881, 12|2897, 12|3006, 11|3016, 11|3140, 13|3194, 13|3386, 11|3398, 11|4005, com.google.android.apps.photos, 
11|1, 11|1832, 12|1846, 12|1991, 13|2003, 13|2116, 14|2156, 14|2526, 13|2535, 14|2546, 14|2972, 12|2983, 11|2996, 11|3952, 12|3975, 12|4018, com.bankofamerica.cashpromobile, 
11|1, 11|805, 13|885, 14|954, 14|1224, 12|1239, 12|1382, 11|1397, 11|1827, 13|1840, 13|2027, 12|2089, 12|2394, 14|2407, 14|2836, 11|2850, 11|2913, 12|2998, 12|3062, 14|3102, 14|3296, 13|3314, 13|3326, 12|3346, 13|3388, 13|3414, 15|3426, 15|3506, 12|3519, 13|3542, 12|3558, 12|3571, 13|3586, 13|3609, 11|3620, 12|3632, 12|3644, 11|3668, 12|3688, 12|3856, 11|3876, 11|4004, com.mxtech.videoplayer.ad, 
11|1, 11|621, 13|734, 13|775, 14|848, 14|972, 15|988, 15|1110, 13|1128, 13|1272, 11|1302, 11|1617, 13|1665, 13|1734, 12|1832, 11|1867, 11|2077, 12|2115, 12|2519, 14|2540, 14|2696, 15|2744, 16|2814, 17|2843, 17|2925, 14|2935, 14|3003, 13|3027, 15|3061, 15|3131, 16|3145, 16|3199, 14|3211, 13|3234, 14|3246, 12|3263, 12|3292, 13|3307, 11|3323, 11|3336, 12|3350, 13|3368, 13|3379, 11|3392, 12|3405, 12|3581, 11|3590, 11|4001, com.mxtech.videoplayer.ad, 
11|1, 11|1447, 12|1466, 12|1549, 16|1620, 16|1688, 20|1736, 20|1810, 22|1928, 22|2119, 21|2145, 21|2182, 20|2217, 20|2271, 17|2293, 18|2344, 19|2398, 19|2435, 17|2466, 17|2498, 18|2518, 16|2535, 17|2566, 17|2590, 16|2603, 16|2628, 17|2642, 18|2657, 18|2673, 19|2725, 19|2752, 18|2763, 18|2807, 19|2820, 17|2833, 17|2904, 18|2918, 19|2949, 18|2965, 19|2978, 19|3029, 20|3047, 20|3086, 19|3096, 19|3105, 20|3123, 20|3225, 18|3236, 18|3290, 17|3311, 17|3330, 18|3344, 21|3378, 21|3621, 19|3633, 19|3733, 21|3752, 21|3938, 19|3987, 19|4009, com.dropbox.android, 
11|1, 11|1157, 13|1349, 13|1563, 17|1672, 17|1856, 18|1937, 18|1986, 19|2004, 17|2026, 18|2060, 18|2139, 15|2229, 17|2300, 17|2490, 18|2564, 18|2619, 16|2767, 16|2789, 15|2810, 14|2838, 14|3034, 12|3105, 12|3394, 11|3439, 11|4007, com.ebay.mobile, 
11|1, 11|1562, 12|1585, 12|1662, 13|1679, 13|1951, 11|1962, 11|2027, 12|2038, 12|4002, com.google.android.keep, 
11|1, 11|968, 12|1162, 12|1222, 13|1327, 13|1457, 15|1499, 15|1554, 16|1574, 16|1769, 17|1845, 16|2019, 16|2780, 14|2809, 14|2827, 13|2852, 13|2944, 11|2975, 11|4023, com.ebay.mobile, 
11|1, 11|2713, 13|2931, 13|3027, 12|3049, 12|3082, 11|3110, 12|3142, 12|3350, 11|3397, 11|4013, air.com.hypah.io.slither, 
16|1, 16|2073, 18|2094, 18|2188, 19|2199, 20|2212, 20|2258, 18|2272, 18|2320, 22|2337, 22|2370, 17|2386, 17|2450, 16|2463, 16|3368, 17|3382, 17|3584, 16|3594, 16|4007, com.google.android.music, 
16|1, 16|4005, com.android.vending, 
16|1, 16|752, 18|888, 18|1194, 17|1283, 17|1346, 16|1473, 16|3271, 17|3336, 17|3379, 18|3415, 18|3451, 16|3472, 17|3511, 18|3567, 18|3881, 16|3892, 16|4021, com.scb.breezebanking.hk, 
16|1, 16|2270, 17|2340, 17|3092, 19|3118, 19|3374, 17|3424, 17|4014, com.sometimeswefly.littlealchemy, 
16|1, 16|675, 17|713, 17|788, 18|849, 19|931, 19|1136, 17|1146, 17|1294, 16|1305, 16|1618, 18|1674, 18|1838, 17|1924, 17|2263, 18|2284, 18|2633, 20|2645, 20|2811, 22|2849, 22|2926, 23|2939, 23|3116, 21|3153, 21|3179, 22|3214, 22|3233, 21|3280, 23|3299, 20|3313, 20|3332, 21|3347, 21|3369, 20|3394, 19|3422, 19|3448, 21|3473, 19|3492, 18|3504, 19|3515, 20|3527, 20|3540, 19|3578, 19|3740, 18|3754, 18|4010, com.mxtech.videoplayer.ad, 
18|1, 18|1485, 19|1630, 21|1778, 21|1808, 18|1877, 18|2219, 19|2260, 19|2438, 18|2452, 18|2777, 19|2867, 22|2935, 22|2994, 18|3176, 18|4005, com.google.android.apps.docs, 
18|1, 18|646, 20|683, 21|743, 21|973, 19|1128, 21|1167, 21|2117, 22|2141, 19|2152, 19|2400, 20|2418, 20|2768, 19|2786, 19|3423, 18|3435, 18|4012, com.sololearn.cplusplus, 
18|1, 18|1933, 19|1947, 19|2040, 20|2054, 20|2539, 21|2551, 21|2620, 20|2630, 20|2786, 21|2801, 21|3037, 20|3048, 20|3144, 21|3159, 21|3499, 19|3566, 20|3600, 20|3776, 18|3795, 18|4001, com.bankofamerica.cashpromobile, 
18|1, 18|1131, 19|1227, 19|1524, 18|1551, 18|4004, org.catrobat.catroid, 
18|1, 18|4005, com.whatsapp, 
18|1, 18|743, 19|844, 19|1273, 20|1287, 20|1512, 18|1523, 18|1680, 19|1690, 19|1722, 20|1743, 20|2086, 22|2098, 22|2172, 21|2191, 21|2395, 22|2470, 23|2508, 20|2594, 20|2802, 18|2836, 18|2911, 19|2940, 19|4003, com.Slack, 
18|1, 18|4005, com.whatsapp, 
18|1, 18|629, 20|753, 21|834, 21|922, 22|940, 22|1107, 20|1132, 20|1211, 18|1220, 18|1541, 20|1605, 20|1751, 21|1831, 19|1933, 19|2081, 20|2138, 20|2529, 22|2544, 22|2822, 23|2896, 20|2921, 21|2957, 21|3109, 20|3151, 20|3208, 22|3225, 22|3305, 19|3319, 20|3331, 21|3343, 21|3354, 19|3365, 19|3376, 20|3388, 20|3424, 21|3441, 20|3456, 20|3556, 18|3566, 18|4004, com.mxtech.videoplayer.ad, 
18|1, 18|4010, com.ted.android.conference, 
18|1, 18|4004, com.google.android.gm, 
18|1, 18|2202, 19|2378, 20|2507, 20|2637, 21|2676, 21|2744, 19|2793, 19|2870, 18|2889, 18|4014, com.android.chrome, 
13|1, 13|611, 15|688, 15|733, 16|796, 16|849, 15|991, 16|1204, 16|2162, 17|2174, 14|2189, 14|2442, 15|2470, 15|2861, 14|2882, 14|3462, 13|3472, 13|4007, com.sololearn.cplusplus, 
13|1, 13|657, 14|674, 15|703, 15|1035, 16|1154, 16|2078, 17|2094, 14|2110, 14|2360, 15|2379, 15|2708, 14|2730, 14|3390, 13|3399, 13|4011, com.sololearn.cplusplus, 
13|1, 13|4010, com.whatsapp, 
13|1, 13|4003, com.google.android.gm, 
13|1, 13|1749, 14|1776, 14|2139, 15|2165, 15|2479, 14|2494, 14|2549, 15|2562, 15|3000, 13|3010, 13|3151, 14|3166, 13|3178, 13|3919, 14|3943, 14|4015, com.bankofamerica.cashpromobile, 
13|1, 13|1974, 14|1991, 14|2067, 15|2078, 15|2160, 13|2175, 13|2355, 14|2364, 15|2376, 15|4004, com.google.android.keep, 
13|1, 13|2054, 14|2103, 14|2340, 13|2361, 13|2455, 14|2475, 14|4041, com.sometimeswefly.littlealchemy, 
13|1, 13|1661, 14|1676, 14|2040, 13|2050, 13|2136, 15|2147, 15|4001, com.google.android.keep, 
13|1, 13|1435, 14|1502, 14|1592, 15|1604, 15|1678, 13|1692, 13|2328, 14|2352, 14|2557, 13|2570, 13|3528, 16|3562, 16|3652, 17|3665, 17|3761, 16|3778, 14|3795, 14|3975, 13|3989, 13|4002, com.google.android.apps.docs, 
13|1, 13|4010, at.DiTronic.androidgroup.randomgallery, 
13|1, 13|4001, com.android.vending, 
13|1, 13|3415, 14|3493, 14|3560, 15|3606, 15|3626, 16|3657, 13|3685, 13|3773, 14|3803, 14|3874, 13|3904, 14|4012, com.google.android.apps.photos, 
13|1, 13|2136, 15|2266, 16|2335, 16|2394, 18|2458, 18|2481, 19|2549, 16|2617, 16|2768, 13|2791, 13|4002, com.android.chrome, 
13|1, 13|1340, 14|1408, 15|1585, 15|1783, 13|1817, 13|2068, 14|2101, 14|2283, 13|2316, 13|3368, 14|3396, 14|3436, 16|3474, 17|3505, 17|3599, 15|3631, 15|3655, 13|3672, 13|3694, 14|3705, 14|3896, 13|3918, 13|4004, com.google.android.apps.docs, 
13|1, 13|1753, 14|1794, 14|1859, 15|1883, 15|1954, 13|1978, 13|2193, 14|2210, 14|4007, com.google.android.keep, 
13|1, 13|1806, 14|1830, 14|1973, 15|2044, 15|2210, 16|2224, 16|2602, 17|2623, 17|2969, 16|2980, 16|3075, 14|3092, 14|3206, 13|3220, 13|3911, 14|3938, 14|4008, com.bankofamerica.cashpromobile, 
13|1, 13|1260, 14|1399, 14|1747, 16|1855, 16|2258, 17|2364, 17|2779, 15|2953, 15|3199, 16|3257, 16|3305, 14|3340, 14|3376, 16|3507, 16|4003, com.ebay.mobile, 
13|1, 13|4010, com.google.android.gm, 
13|1, 13|4004, com.whatsapp, 
13|1, 13|991, 14|1057, 14|1081, 15|1106, 15|1118, 16|1134, 16|1221, 14|1238, 14|1317, 15|1338, 16|1362, 16|1395, 15|1407, 15|1531, 13|1545, 13|1713, 14|1727, 14|1940, 13|1951, 13|2229, 14|2302, 14|2355, 15|2383, 15|2736, 13|2774, 13|3047, 14|3085, 14|4001, com.Slack, 
13|1, 13|2953, 15|3050, 15|3247, 14|3286, 14|3443, 13|3463, 13|4002, air.com.hypah.io.slither, 
13|1, 13|35, 15|69, 13|85, 13|272, 14|285, 14|344, 15|407, 15|478, 13|564, 13|653, 17|685, 17|714, 13|743, 13|1370, 14|1429, 14|1465, 15|1509, 15|1659, 17|1718, 20|1776, 20|1833, 21|1859, 21|1896, 22|1933, 22|1955, 24|2013, 26|2114, 27|2175, 27|2200, 26|2327, 26|2383, 24|2423, 24|2440, 22|2457, 22|2473, 20|2490, 20|2538, 19|2570, 19|2649, 20|2718, 22|2743, 22|2945, 20|2962, 20|2973, 18|2983, 18|2998, 19|3015, 20|3035, 21|3055, 22|3069, 22|3120, 23|3132, 23|3319, 22|3329, 20|3341, 20|3435, 21|3448, 23|3469, 23|3719, 22|3730, 21|3744, 21|3809, 22|3826, 22|3863, 23|3884, 23|3896, 21|3924, 21|4003, com.dropbox.android, 
13|1, 13|2327, 14|2433, 14|2634, 15|2685, 15|2863, 14|2891, 14|3144, 13|3171, 13|4003, com.sometimeswefly.littlealchemy, 
13|1, 13|1313, 14|1433, 14|1482, 15|1582, 15|1695, 13|1733, 13|1913, 15|1955, 15|2163, 13|2190, 13|2905, 14|3099, 15|3185, 15|3245, 13|3312, 13|3395, 15|3407, 15|3634, 13|3645, 13|3677, 14|3689, 14|3870, 13|3932, 13|4002, com.google.android.apps.docs, 
13|1, 13|889, 14|1040, 15|1186, 15|1875, 13|1929, 13|2990, 14|3024, 14|3156, 15|3247, 15|3581, 13|3593, 13|4030, com.scb.breezebanking.hk, 
13|1, 13|1848, 14|1867, 14|2046, 15|2057, 15|2211, 16|2226, 16|2592, 17|2635, 17|2865, 15|2876, 15|3008, 14|3019, 14|3030, 13|3051, 13|3507, 14|3714, 14|3832, 15|3864, 15|4018, com.bankofamerica.cashpromobile, 
13|1, 13|1999, 15|2088, 15|2143, 16|2193, 16|2279, 14|2291, 14|2303, 16|2314, 17|2327, 17|2350, 14|2365, 14|2473, 13|2483, 13|3339, 14|3351, 14|3534, 13|3576, 13|4004, com.google.android.music, 
13|1, 13|1356, 14|1398, 15|1557, 15|1637, 13|1666, 13|1938, 14|1977, 14|2144, 13|2202, 13|2878, 16|2929, 16|3001, 17|3018, 17|3117, 15|3127, 15|3138, 13|3149, 13|3162, 14|3180, 14|3374, 13|3386, 13|4020, com.google.android.apps.docs, 
13|1, 13|2870, 15|2880, 15|3092, 13|3104, 13|3117, 18|3130, 18|3642, 19|3670, 19|3705, 20|3730, 20|3744, 21|3757, 21|3810, 22|3822, 20|3840, 21|3855, 21|3907, 19|3925, 18|4014, at.DiTronic.androidgroup.randomgallery, 
18|1, 18|1124, 19|1192, 19|1239, 21|1277, 24|1364, 25|1422, 26|1437, 27|1472, 27|1509, 28|1576, 28|1622, 30|1641, 30|1801, 29|1812, 29|1873, 27|1898, 26|1910, 27|1936, 27|1948, 25|1963, 24|1982, 25|2012, 25|2066, 23|2093, 23|2195, 24|2216, 26|2233, 26|2408, 27|2448, 25|2470, 25|2594, 26|2608, 26|2635, 27|2652, 27|2675, 26|2686, 26|2708, 27|2722, 27|2866, 25|2878, 24|2890, 25|2904, 26|2916, 26|2927, 27|2948, 27|3014, 28|3029, 28|3298, 27|3315, 26|3333, 26|3405, 28|3420, 28|3558, 26|3571, 26|3706, 25|3717, 24|3727, 24|3816, 25|3829, 26|3842, 26|4006, com.dropbox.android, 
18|1, 18|2938, 19|3087, 20|3293, 24|3346, 31|3416, 31|3495, 29|3516, 29|4022, air.com.hypah.io.slither, 
16|1, 16|808, 18|939, 18|1118, 17|1266, 17|1347, 16|1444, 16|2810, 18|2879, 16|2968, 17|3054, 17|3336, 16|3364, 16|4010, com.scb.breezebanking.hk, 
16|1, 16|1873, 18|1910, 18|1993, 19|2006, 20|2018, 20|2092, 19|2105, 19|2128, 17|2139, 17|2167, 18|2178, 18|2205, 16|2217, 16|3026, 17|3039, 17|3239, 16|3251, 17|4020, com.google.android.music, 
16|1, 16|3015, 13|3030, 13|3063, 18|3078, 18|3561, 19|3609, 20|3648, 20|3688, 21|3715, 22|3736, 22|3809, 20|3820, 18|4011, at.DiTronic.androidgroup.randomgallery, 
18|1, 18|975, 19|1059, 19|1190, 20|1230, 20|2078, 18|2116, 18|4009, com.android.vending, 
18|1, 18|1980, 19|2026, 19|2273, 18|2302, 18|2334, 19|2383, 19|4003, com.sometimeswefly.littlealchemy, 
18|1, 18|2894, 20|3079, 20|3238, 19|3329, 19|3534, 18|3544, 18|4007, air.com.hypah.io.slither, 
18|1, 18|1761, 19|1794, 20|1846, 21|1880, 21|2042, 23|2066, 24|2159, 24|2193, 25|2216, 26|2306, 26|2451, 25|2513, 22|2556, 22|2607, 23|2719, 24|2753, 24|2796, 23|2917, 23|3063, 19|3241, 19|4009, com.ebay.mobile, 
18|1, 18|973, 19|1114, 19|1426, 18|1472, 18|4003, org.catrobat.catroid, 
18|1, 18|1316, 21|1399, 23|1430, 26|1460, 28|1541, 28|1597, 30|1623, 30|1694, 31|1710, 32|1727, 30|1828, 30|1875, 29|1901, 29|2120, 28|2161, 28|2329, 27|2346, 27|2363, 24|2411, 24|2429, 25|2444, 26|2462, 26|2552, 27|2565, 27|2611, 26|2627, 23|2645, 23|2657, 24|2669, 24|2711, 25|2745, 26|2783, 26|2818, 24|2829, 25|2843, 25|2914, 27|2938, 27|2959, 26|2987, 27|2998, 27|3076, 26|3087, 26|3157, 28|3169, 28|3206, 26|3221, 26|3271, 27|3287, 27|3303, 28|3315, 28|3427, 27|3440, 28|3453, 28|3588, 26|3598, 26|3672, 27|3685, 27|3696, 28|3716, 28|3806, 26|3817, 26|3962, 25|3974, 24|3985, 24|4008, com.dropbox.android, 
18|1, 18|780, 20|1102, 20|1218, 18|1302, 18|4002, org.catrobat.catroid, 
18|1, 18|1340, 20|1434, 20|1632, 23|1684, 23|1836, 24|1910, 24|2106, 22|2149, 22|2257, 23|2315, 24|2370, 24|2446, 21|3003, 21|3131, 19|3283, 19|3314, 18|3374, 18|4005, com.ebay.mobile, 
18|1, 18|3250, 13|3262, 13|3279, 17|3302, 17|3702, 18|3746, 18|3766, 19|3805, 19|3855, 20|3868, 20|3899, 21|3912, 21|3949, 19|3961, 21|3973, 21|4004, at.DiTronic.androidgroup.randomgallery, 
17|1, 17|1867, 18|2167, 19|2282, 20|2353, 18|2399, 19|2446, 18|2500, 18|2702, 17|2751, 17|4005, com.android.chrome, 
13|1, 13|2862, 15|3078, 15|3177, 14|3241, 14|3455, 13|3506, 13|4006, air.com.hypah.io.slither, 
16|1, 16|203, 14|239, 14|322, 15|335, 15|572, 17|738, 17|1064, 18|1160, 19|1204, 19|1560, 17|1625, 17|4010, org.catrobat.catroid, 
17|1, 17|1087, 18|1157, 18|1211, 20|1275, 24|1324, 28|1397, 29|1412, 31|1433, 30|1480, 31|1572, 31|1655, 30|1711, 30|1745, 29|1778, 28|1840, 27|1866, 25|1903, 21|1938, 21|1972, 22|2009, 21|2036, 21|2058, 20|2081, 20|2108, 19|2142, 19|2195, 17|2206, 17|2697, 18|2711, 18|3005, 19|3018, 19|3108, 20|3130, 20|3154, 22|3177, 22|3195, 23|3211, 24|3228, 24|3328, 25|3344, 24|3376, 25|3391, 25|3413, 26|3455, 24|3487, 24|3529, 25|3546, 25|3557, 26|3569, 26|3580, 27|3605, 27|3661, 26|3672, 26|3729, 27|3740, 27|3812, 25|3823, 24|3836, 24|3847, 23|3856, 23|3980, 22|3992, 22|4010, com.dropbox.android, 
17|1, 17|2996, 18|3030, 18|3090, 19|3103, 19|3169, 17|3180, 18|3191, 18|3370, 17|3381, 17|3455, 19|3467, 19|3682, 17|3692, 17|4005, com.google.android.apps.photos, 
17|1, 17|782, 18|859, 19|1054, 18|1138, 18|1342, 17|1378, 17|2897, 18|2939, 17|3086, 18|3149, 19|3189, 19|3507, 17|3525, 17|4003, com.scb.breezebanking.hk, 
17|1, 17|2057, 20|2318, 20|2377, 19|2464, 20|2509, 20|2613, 18|2663, 18|2725, 17|2741, 17|4011, com.android.chrome, 
13|1, 13|1098, 14|1142, 14|1508, 16|1545, 16|2071, 13|2111, 13|2296, 14|2399, 14|2432, 15|2481, 15|2687, 13|2745, 13|2839, 14|2861, 14|4003, com.Slack, 
13|1, 13|4010, com.whatsapp, 
13|1, 13|4010, com.android.vending, 
13|1, 13|2768, 14|2796, 14|2881, 15|2893, 15|2958, 13|2969, 14|2980, 14|3150, 13|3160, 13|3261, 15|3275, 15|3484, 13|3494, 13|4008, com.google.android.apps.photos, 
13|1, 13|729, 15|784, 15|861, 16|878, 16|941, 14|957, 14|1030, 16|1045, 16|1056, 17|1072, 17|1088, 16|1145, 16|1594, 13|1610, 13|1969, 14|2009, 14|2072, 15|2092, 15|2421, 13|2433, 13|2774, 14|2800, 14|4006, com.Slack, 
13|1, 13|952, 14|1056, 16|1135, 17|1156, 17|1383, 14|1393, 14|1421, 16|1432, 16|1453, 17|1466, 17|1876, 14|1891, 14|2239, 15|2271, 15|2347, 16|2397, 16|2622, 14|2642, 15|2685, 15|4003, com.Slack, 
13|1, 13|2439, 15|2779, 13|2956, 13|3143, 14|3181, 14|3250, 15|3261, 15|3421, 16|3481, 16|3596, 13|3638, 13|4022, air.com.hypah.io.slither, 
13|1, 13|401, 14|425, 14|574, 15|599, 15|744, 14|764, 14|849, 15|906, 15|1138, 14|1177, 14|1208, 15|1244, 15|1446, 13|1554, 21|1653, 23|1725, 26|1787, 26|1831, 28|1862, 30|1888, 30|1934, 28|2055, 28|2128, 27|2167, 25|2244, 25|2307, 19|2332, 19|2369, 17|2398, 19|2438, 19|2473, 20|2523, 20|2561, 21|2585, 20|2627, 21|2644, 21|2725, 19|2754, 20|2766, 20|2808, 21|2819, 21|2854, 20|2865, 21|2879, 21|2892, 20|2931, 22|2961, 22|3156, 20|3171, 20|3188, 19|3198, 19|3252, 23|3269, 23|3540, 22|3550, 21|3564, 21|3642, 22|3655, 23|3672, 23|3900, 19|3911, 19|4001, com.dropbox.android, 
13|1, 13|2815, 15|2980, 15|3157, 14|3177, 14|3346, 13|3367, 13|4016, air.com.hypah.io.slither, 
13|1, 13|1013, 14|1070, 14|1106, 16|1216, 16|1450, 18|1464, 18|1566, 16|1577, 16|1903, 13|1913, 13|2271, 14|2317, 15|2390, 15|2768, 13|2788, 13|3302, 14|3336, 14|4002, com.Slack, 
13|1, 13|1007, 15|1091, 17|1152, 18|1181, 18|1205, 21|1331, 23|1364, 25|1421, 25|1540, 24|1599, 24|1753, 23|1805, 24|1895, 21|1932, 21|1968, 20|1991, 20|2141, 19|2156, 20|2170, 21|2195, 21|2224, 20|2253, 20|2376, 21|2392, 22|2403, 21|2427, 21|2500, 22|2511, 22|2550, 21|2561, 21|2581, 22|2593, 22|2678, 21|2690, 20|2701, 20|2753, 19|2767, 19|2806, 23|2824, 23|3097, 21|3106, 21|3153, 19|3166, 19|4009, com.dropbox.android, 
13|1, 13|2920, 15|2936, 15|3081, 18|3096, 18|3568, 13|3602, 13|3671, 15|3719, 15|3771, 16|3794, 16|3805, 17|3817, 17|3888, 15|3914, 15|4004, at.DiTronic.androidgroup.randomgallery, 
13|1, 13|2967, 14|2991, 14|3074, 15|3182, 16|3258, 16|3454, 13|3474, 13|3594, 15|3618, 15|3827, 13|3838, 13|4002, com.google.android.apps.photos, 
13|1, 13|4005, com.whatsapp, 
13|1, 13|1103, 14|1178, 15|1258, 15|1555, 13|1571, 13|4002, org.catrobat.catroid, 
13|1, 13|2862, 15|2888, 15|3028, 16|3043, 16|3442, 13|3481, 13|3512, 14|3573, 15|3603, 15|3642, 16|3665, 17|3685, 17|3734, 16|3756, 14|3771, 14|3907, 13|3927, 13|4011, at.DiTronic.androidgroup.randomgallery, 
13|1, 13|4011, com.android.vending, 
13|1, 13|738, 14|792, 15|957, 15|1233, 14|1508, 14|1685, 13|1750, 13|3231, 14|3325, 14|3776, 13|3819, 13|4005, com.scb.breezebanking.hk, 
13|1, 13|814, 14|947, 15|1045, 15|1122, 16|1153, 16|1197, 14|1210, 15|1226, 15|1306, 16|1321, 16|1387, 15|1400, 13|1411, 13|1528, 14|1538, 14|1768, 13|1779, 13|2255, 14|2353, 14|2408, 15|2419, 15|2754, 13|2777, 13|3066, 14|3088, 14|4006, com.Slack, 
13|1, 13|3146, 15|3316, 15|3393, 16|3428, 16|3464, 17|3489, 27|3543, 26|3606, 25|3618, 25|3668, 24|3693, 24|4004, air.com.hypah.io.slither, 
13|1, 13|1656, 14|1759, 14|2156, 13|2180, 13|2388, 14|2436, 14|2566, 13|2657, 13|3682, 15|3732, 15|3757, 16|3768, 16|3855, 17|3866, 17|3903, 15|3917, 15|3928, 14|3939, 14|3963, 15|3985, 15|4011, com.google.android.apps.docs, 
13|1, 13|1318, 14|1397, 14|1777, 13|1794, 13|1890, 15|1921, 15|2131, 13|2236, 13|3124, 16|3188, 17|3249, 17|3300, 16|3328, 16|3369, 14|3380, 14|3391, 15|3403, 15|3564, 14|3598, 13|3621, 13|4003, com.google.android.apps.docs, 
13|1, 13|745, 14|798, 14|863, 15|996, 14|1116, 14|1231, 13|1358, 13|2769, 14|2834, 14|2886, 15|2902, 15|2926, 13|2969, 14|2999, 14|3311, 13|3322, 13|4019, com.scb.breezebanking.hk, 
13|1, 13|1847, 15|1861, 15|1947, 17|1960, 17|2196, 15|2212, 15|2284, 16|2296, 16|2319, 14|2334, 14|2422, 16|2434, 15|2455, 13|2469, 13|3608, 14|3629, 14|3846, 13|3915, 13|4063, com.google.android.music, 
13|1, 13|950, 14|1167, 14|1395, 13|1417, 13|4003, org.catrobat.catroid, 
13|1, 13|715, 14|761, 15|887, 15|1115, 13|1213, 13|4005, org.catrobat.catroid, 
13|1, 13|4007, com.android.vending, 
13|1, 13|840, 14|885, 15|969, 15|1244, 14|1328, 14|4005, org.catrobat.catroid, 
13|1, 13|793, 14|864, 14|905, 15|1084, 15|1164, 14|1252, 14|1432, 13|1503, 13|1619, 14|1631, 13|1643, 13|2424, 14|2437, 14|2486, 15|2503, 15|2552, 14|2574, 14|2600, 15|2619, 15|2716, 14|2791, 14|2848, 13|3043, 13|4010, com.scb.breezebanking.hk, 
13|1, 13|2896, 14|2917, 14|3004, 15|3050, 15|3095, 13|3106, 14|3120, 14|3282, 13|3299, 13|3465, 15|3476, 15|3697, 13|3707, 13|4009, com.google.android.apps.photos, 
13|1, 13|2270, 14|2312, 14|4012, com.sometimeswefly.littlealchemy, 
13|1, 13|1969, 15|2082, 15|2330, 16|2386, 16|2496, 14|2557, 14|4033, com.sometimeswefly.littlealchemy, 
13|1, 13|2813, 14|2836, 14|2941, 15|2953, 15|3030, 13|3042, 14|3058, 14|3225, 13|3242, 13|3370, 15|3388, 15|3605, 13|3616, 13|4004, com.google.android.apps.photos, 
13|1, 13|4004, com.whatsapp, 
13|1, 13|1367, 14|1410, 14|1445, 15|1518, 13|1675, 13|1858, 14|1903, 14|2112, 13|2132, 13|2975, 14|3035, 14|3139, 15|3172, 15|3184, 17|3201, 17|3245, 15|3263, 15|3409, 13|3420, 13|3525, 14|3536, 14|3728, 13|3754, 13|4009, com.google.android.apps.docs, 
13|1, 13|2151, 14|2426, 16|2559, 15|2659, 13|2729, 13|4010, com.android.chrome, 
13|1, 13|1829, 14|1934, 14|1993, 16|2053, 16|2107, 14|2241, 16|2336, 16|2365, 14|2390, 14|2537, 13|2552, 13|4010, com.android.chrome, 
13|1, 13|4012, com.whatsapp, 
