46764899|1, 46764899|1300, 46764961|1379, 46765083|1495, 46765083|1544, 46765147|1608, 46765417|1690, 46765417|1883, 46765577|1967, 46765755|2040, 46765755|2067, 46766113|2089, 46766113|2208, 46767538|2278, 46767538|2392, 46768018|2504, 46768616|2618, 46768616|2714, 46770332|2873, 46770392|3036, 46770731|3231, 46774276|3366, 46774336|3491, 46774336|3533, 46774607|3565, 46774607|3729, 46774847|3778, 46775013|4010, com.ebay.mobile, 
46782644|1, 46782644|787, 46782835|866, 46782895|892, 46783218|941, 46784012|1046, 46784052|1067, 46784052|1090, 46784351|1239, 46784591|1508, 46784591|1543, 46784631|1610, 46784631|2055, 46784821|2069, 46784821|2281, 46785642|2294, 46785642|2598, 46786523|2652, 46786523|2903, 46786854|2942, 46786854|3092, 46787630|3128, 46787630|3742, 46787670|3755, 46787670|4008, com.sololearn.cplusplus, 
46787910|1, 46787910|245, 46787980|268, 46788050|285, 46788110|305, 46788110|334, 46788150|353, 46788388|385, 46788508|407, 46788633|426, 46789228|448, 46789228|473, 46789268|490, 46789308|509, 46789308|4001, com.ted.android.conference, 
46791719|1, 46791719|1275, 46791780|1294, 46791841|1330, 46791841|1378, 46791901|1410, 46791941|1434, 46791941|1482, 46792214|1497, 46792214|1521, 46792608|1547, 46792868|1609, 46793126|1637, 46793961|1746, 46794321|1785, 46794678|1838, 46794738|1858, 46794798|1877, 46794798|1890, 46794838|1903, 46795266|1919, 46795266|1933, 46795386|1948, 46795546|1989, 46795546|2003, 46795712|2037, 46796416|2066, 46796456|2086, 46800838|2218, 46802822|2331, 46802822|2388, 46802982|2442, 46803102|2697, 46803102|2760, 46803298|2855, 46804088|2889, 46804088|3144, 46804348|3158, 46804348|3178, 46804388|3190, 46804388|3343, 46804508|3357, 46804674|3368, 46805390|3379, 46805390|3692, 46805430|3703, 46805430|3901, 46806030|3940, 46806886|3956, 46806886|4005, com.dropbox.android, 
46812063|1, 46812063|906, 46812185|935, 46812185|973, 46812245|1003, 46812245|1088, 46812405|1162, 46812678|1202, 46813386|1295, 46813546|1351, 46813546|1428, 46815042|1487, 46815722|1606, 46815722|2133, 46816054|2195, 46817760|2215, 46818436|2228, 46819437|2264, 46819603|2287, 46819769|2308, 46820101|2334, 46820101|2386, 46822429|2403, 46822429|2415, 46822998|2426, 46822998|2472, 46823038|2487, 46823078|2522, 46823078|2539, 46823908|2559, 46824008|2589, 46824008|2685, 46824048|2697, 46824048|2713, 46824688|2752, 46825504|2771, 46825544|2788, 46825804|2807, 46825924|2828, 46825924|2866, 46826469|2889, 46826469|2998, 46826629|3020, 46827511|3047, 46827511|3079, 46827591|3102, 46829044|3116, 46829044|3175, 46829677|3185, 46829677|3259, 46829717|3271, 46829717|3452, 46829757|3466, 46829757|3479, 46831263|3507, 46831263|3863, 46831303|3879, 46831910|3892, 46832754|3904, 46832754|4010, com.dropbox.android, 
46836556|1, 46836556|2193, 46836630|2241, 46836630|2424, 46836704|2441, 46836704|2705, 46836764|2722, 46836764|2938, 46837351|2949, 46837351|3143, 46837451|3157, 46837451|3345, 46837743|3357, 46837743|3553, 46837863|3566, 46837863|3758, 46838285|3773, 46838285|4002, com.bankofamerica.cashpromobile, 
46839380|1, 46839380|1896, 46841177|1940, 46841177|1950, 46841312|1967, 46841312|2055, 46841381|2066, 46841381|4007, com.android.chrome, 
46841461|1, 46841461|602, 46841585|635, 46841649|665, 46841709|693, 46843002|850, 46843002|892, 46843242|1139, 46843242|1276, 46843282|1294, 46843282|1350, 46843472|1448, 46843472|1687, 46844293|1730, 46844293|2006, 46845134|2034, 46845134|2296, 46845425|2318, 46845425|2338, 46845465|2351, 46845465|2604, 46846241|2643, 46846241|3152, 46846281|3161, 46846281|4006, com.sololearn.cplusplus, 
46846521|1, 46846521|4006, com.google.android.gm, 
46846521|1, 46846521|2262, 46846593|2292, 46846665|2302, 46846665|2312, 46846725|2339, 46846725|2361, 46847018|2372, 46847018|2384, 46848162|2408, 46848162|2525, 46848242|2560, 46848242|2604, 46848311|2628, 46848380|2647, 46848500|2658, 46848500|2692, 46848580|2708, 46849054|2727, 46849054|2739, 46849174|2755, 46849294|2771, 46849439|2797, 46850611|2816, 46851506|2845, 46851506|2888, 46851786|2913, 46851912|2932, 46851912|3179, 46852042|3218, 46852042|3230, 46852102|3240, 46852102|3276, 46852376|3288, 46852376|3317, 46852496|3328, 46852496|3350, 46852621|3360, 46852621|3394, 46870424|3409, 46870424|3604, 46870464|3614, 46870464|3699, 46870630|3717, 46870630|4145, com.google.android.music, 
46915589|1, 46915589|1841, 46915663|1869, 46915663|1892, 46915723|1939, 46915723|2081, 46916310|2103, 46916310|2283, 46916410|2296, 46916410|2482, 46916702|2495, 46916702|2695, 46917244|2707, 46917244|2923, 46917833|2933, 46917833|3103, 46917873|3121, 46917873|3861, 46917936|3877, 46917936|3925, 46917996|3948, 46918267|3977, 46918267|4002, com.bankofamerica.cashpromobile, 
46920217|1, 46920217|2353, 46920277|2365, 46920277|2409, 46920537|2418, 46920537|2440, 46920657|2458, 46920657|2471, 46921739|2493, 46921739|2550, 46921779|2561, 46921779|2856, 46921859|2896, 46921859|4003, com.google.android.keep, 
46921939|1, 46921939|4008, com.ted.android.conference, 
46921939|1, 46921939|1256, 46922003|1331, 46922067|1358, 46922127|1371, 46922665|1477, 46923229|1533, 46923229|1642, 46923269|1655, 46923269|4008, org.catrobat.catroid, 
46923349|1, 46923349|1104, 46923471|1158, 46923471|1222, 46923659|1264, 46924957|1350, 46925597|1384, 46926125|1411, 46926125|1435, 46926505|1454, 46927096|1540, 46927096|1554, 46927296|1574, 46927462|1621, 46927834|1656, 46928458|1691, 46929887|1753, 46930053|1825, 46931054|1879, 46931220|1951, 46932128|2007, 46932737|2053, 46933503|2078, 46934359|2106, 46934359|2143, 46935192|2157, 46935358|2172, 46936148|2182, 46936188|2230, 46936188|2350, 46936228|2362, 46936228|2374, 46936308|2393, 46936308|2408, 46936893|2423, 46937013|2442, 46937013|2454, 46938546|2475, 46938614|2492, 46939464|2539, 46939464|2768, 46939764|2795, 46940397|2810, 46940437|2827, 46941041|2838, 46941903|2856, 46941903|2968, 46942063|2979, 46942063|2992, 46942229|3002, 46942945|3019, 46942945|3050, 46942985|3061, 46942985|3189, 46943065|3211, 46943145|3232, 46944596|3250, 46944596|3560, 46944676|3572, 46944676|3593, 46944756|3605, 46946197|3615, 46946197|4008, com.dropbox.android, 
46951532|1, 46951532|1026, 46952046|1248, 46952146|1400, 46952146|2153, 46952205|2201, 46954929|2372, 46955174|2462, 46955344|2571, 46957201|2620, 46958110|2695, 46958332|2799, 46958332|4008, com.android.chrome, 
46958492|1, 46958492|4007, at.DiTronic.androidgroup.randomgallery, 
46964616|1, 46964616|849, 46965094|1001, 46965412|1083, 46965714|1185, 46965714|1436, 46965754|1461, 46965794|1495, 46965794|3123, 46965850|3138, 46965910|3179, 46966184|3223, 46966726|3337, 46967331|3375, 46967451|3445, 46967451|3509, 46968056|3521, 46968056|3569, 46968176|3599, 46968176|4008, com.scb.breezebanking.hk, 
46968256|1, 46968256|1196, 46968498|1472, 46969071|1646, 46969071|2356, 46969131|2461, 46969131|2505, 46969412|2533, 46971207|2556, 46971981|2601, 46971981|2656, 46972087|2824, 46974019|2955, 46974154|3029, 46974154|3826, 46975160|3858, 46975200|3884, 46975200|4010, com.android.chrome, 
46976000|1, 46976000|1062, 46976040|1131, 46976080|1284, 46976080|1309, 46976120|1385, 46976120|2119, 46976180|2135, 46976180|2181, 46976220|2193, 46976440|2206, 46976440|2225, 46976560|2241, 46976560|2253, 46977642|2263, 46977642|2314, 46977682|2326, 46977682|2489, 46977762|2508, 46977762|4008, com.google.android.keep, 
46977962|1, 46977962|3105, 46978042|3151, 46978042|3184, 46978122|3197, 46978122|3210, 46978182|3237, 46978182|3255, 46978222|3271, 46978480|3290, 46978480|3322, 46978680|3336, 46978680|3394, 46978805|3420, 46978805|3460, 46979631|3491, 46979631|3514, 46979781|3527, 46979781|3549, 46979821|3566, 46979910|3578, 46979910|3609, 46980220|3621, 46980747|3635, 46980747|3693, 46980787|3704, 46980787|3801, 46980827|3822, 46980827|4019, com.google.android.apps.photos, 
46981738|1, 46981738|1803, 46981860|1879, 46982199|1947, 46982444|2059, 46983241|2181, 46983241|2221, 46983513|2261, 46983513|2403, 46983576|2442, 46983639|2483, 46984239|2574, 46984319|2755, 46984319|3550, 46984642|3585, 46984642|3629, 46984834|3658, 46984834|4009, com.sometimeswefly.littlealchemy, 
46984994|1, 46984994|2189, 46985054|2219, 46985594|2252, 46985594|2568, 46985674|2584, 46985674|3905, 46985714|3919, 46985714|4002, com.sometimeswefly.littlealchemy, 
46985874|1, 46985874|1952, 46986270|2045, 46986824|2093, 46986824|2124, 46987064|2135, 46987064|2146, 46987209|2164, 46989000|2180, 46989118|2192, 46989276|2202, 46989276|2247, 46989316|2256, 46989356|2269, 46989356|2282, 46989722|2309, 46989722|3178, 46989888|3193, 46989888|4034, com.google.android.music, 
46991147|1, 46991147|1762, 46991211|1790, 46991271|1806, 46991271|1840, 46991311|1850, 46991531|1864, 46991531|1873, 46991571|1883, 46991776|1898, 46991776|1931, 46992733|1945, 46992733|2304, 46992773|2321, 46992773|4005, com.google.android.keep, 
46992853|1, 46992853|1716, 46992927|1739, 46992987|1782, 46992987|1965, 46993634|1977, 46993634|2109, 46993774|2119, 46993774|2256, 46994066|2268, 46994066|2421, 46994186|2433, 46994186|2623, 46994608|2636, 46994608|2854, 46995197|2865, 46995197|3037, 46995237|3049, 46995237|3721, 46995300|3749, 46995300|3785, 46995360|3819, 46995631|3894, 46995791|4057, com.bankofamerica.cashpromobile, 
46998658|1, 46998658|3037, 46998698|3048, 46998698|4011, com.ted.android.conference, 
46998738|1, 46998738|730, 46998858|892, 46998958|968, 46998958|1009, 46999669|1094, 46999709|1130, 46999929|1151, 47000996|1218, 47001036|1233, 47001036|1364, 47001076|1374, 47001076|1935, 47003320|1960, 47003320|2059, 47003390|2076, 47004408|2139, 47004408|2258, 47004674|2386, 47004674|2497, 47004874|2519, 47005040|2555, 47005040|2697, 47006089|2708, 47006089|2933, 47006129|2944, 47006129|2964, 47006255|2998, 47006255|3018, 47006315|3062, 47006315|3086, 47006655|3181, 47007963|3222, 47007963|3280, 47008163|3293, 47008163|3314, 47008329|3341, 47008369|3358, 47008369|3369, 47009677|3387, 47009677|3445, 47009737|3456, 47011154|3489, 47011154|3536, 47011194|3574, 47011276|3609, 47011276|3620, 47011316|3629, 47011316|4005, com.mxtech.videoplayer.ad, 
47011859|1, 47011859|635, 47012046|687, 47012306|700, 47012486|736, 47012486|871, 47013399|1009, 47013439|1069, 47013519|1093, 47013679|1199, 47013679|1296, 47013719|1463, 47013909|1496, 47013909|1692, 47014730|1706, 47014730|2025, 47015571|2044, 47015571|2304, 47015611|2339, 47015902|2371, 47015902|2623, 47016678|2639, 47016678|3271, 47016718|3282, 47016718|4001, com.sololearn.cplusplus, 
47016998|1, 47016998|4008, com.ted.android.conference, 
47016998|1, 47016998|1286, 47017061|1354, 47017185|1415, 47017245|1449, 47017245|1484, 47017504|1513, 47017504|1542, 47017776|1579, 47017776|1604, 47017976|1640, 47018255|1701, 47018255|1787, 47018647|1846, 47018647|1874, 47018914|1900, 47019510|1943, 47019550|1990, 47021042|2024, 47021042|2062, 47021840|2148, 47021840|2171, 47022000|2207, 47022000|2229, 47022358|2279, 47022956|2322, 47022956|2394, 47023314|2427, 47023354|2459, 47023910|2499, 47025625|2533, 47025665|2605, 47029490|2672, 47029490|2732, 47030168|2967, 47030168|3010, 47030268|3045, 47031212|3134, 47031372|3181, 47035936|3202, 47036534|3234, 47036574|3261, 47036574|3437, 47037132|3457, 47037132|3479, 47037332|3495, 47037572|3519, 47037572|3603, 47037612|3620, 47037612|4011, com.ebay.mobile, 
47038012|1, 47038012|1658, 47038072|1677, 47038072|1729, 47038332|1741, 47038332|1765, 47038452|1781, 47039534|1806, 47039534|1859, 47039574|1870, 47039574|2149, 47039694|2160, 47039694|4001, com.google.android.keep, 
47039774|1, 47039774|1042, 47040248|1332, 47040248|1937, 47040367|2049, 47040648|2084, 47042972|2143, 47043283|2248, 47045120|2301, 47045255|2368, 47045255|2412, 47045327|2438, 47045327|4005, com.android.chrome, 
47045407|1, 47045407|4011, at.DiTronic.androidgroup.randomgallery, 
47051459|1, 47051459|545, 47051707|611, 47051967|663, 47052346|762, 47053000|902, 47053000|935, 47053280|978, 47053280|1150, 47053510|1250, 47053510|1465, 47054331|1491, 47054331|1790, 47055172|1810, 47055172|2098, 47055463|2113, 47055463|2136, 47055503|2148, 47055503|2280, 47055658|2309, 47056279|2334, 47056279|2939, 47056319|2952, 47056319|4016, com.sololearn.cplusplus, 
47056559|1, 47056559|861, 47056629|908, 47056689|939, 47056967|964, 47056967|982, 47057087|1000, 47057087|1020, 47058421|1040, 47058421|1093, 47058501|1109, 47058501|1188, 47059674|1204, 47059674|1230, 47059714|1250, 47059714|4014, com.ted.android.conference, 
47059714|1, 47059714|658, 47059774|741, 47059834|785, 47059834|816, 47060094|844, 47061524|893, 47061524|934, 47061564|948, 47061724|1004, 47061724|1058, 47061764|1098, 47061764|1815, 47064006|1849, 47064006|2082, 47064790|2139, 47064894|2171, 47064894|3218, 47065035|3266, 47065035|3305, 47065312|3318, 47065312|3339, 47065512|3359, 47065512|3376, 47066820|3396, 47066820|3471, 47066986|3485, 47067046|3498, 47067651|3520, 47068109|3561, 47069677|3589, 47069843|3609, 47069843|3621, 47071256|3632, 47071256|3658, 47071456|3668, 47071622|3683, 47071622|3705, 47075056|3720, 47075056|3751, 47075096|3762, 47077050|3785, 47077050|3801, 47079004|3816, 47079004|3861, 47080990|3878, 47080990|3927, 47081030|3939, 47081030|4002, com.mxtech.videoplayer.ad, 
47081541|1, 47081541|538, 47081668|634, 47081732|702, 47081732|745, 47082232|903, 47082886|1001, 47082886|1109, 47083185|1138, 47083185|1405, 47083465|1418, 47083465|2004, 47083505|2015, 47083505|2044, 47083695|2056, 47083695|2624, 47084516|2725, 47084516|2957, 47085357|2975, 47085357|3180, 47085648|3196, 47085648|3207, 47085688|3220, 47085688|3423, 47086464|3434, 47086464|4006, com.sololearn.cplusplus, 
47086744|1, 47086744|3508, 47086800|3590, 47087632|3683, 47088437|3788, 47088437|3816, 47089105|3833, 47089225|3974, 47089225|4002, air.com.hypah.io.slither, 
47093350|1, 47093350|2899, 47096866|2922, 47096866|3135, 47097266|3151, 47097266|3492, 47097326|3507, 47097326|3545, 47097617|3556, 47097617|3590, 47098834|3617, 47098944|3628, 47098944|3654, 47099096|3668, 47099096|3781, 47099170|3825, 47099244|3858, 47099580|3876, 47099772|3919, 47100042|3942, 47100162|3970, 47101395|3988, 47101395|4010, at.DiTronic.androidgroup.randomgallery, 
47102616|1, 47102616|727, 47102790|903, 47103180|997, 47103180|1063, 47103640|1240, 47103640|1639, 47103680|1731, 47103760|1847, 47103760|3193, 47103816|3222, 47104270|3328, 47104692|3435, 47105297|3468, 47105417|3509, 47105417|3593, 47106022|3620, 47106142|3656, 47106142|4016, com.scb.breezebanking.hk, 
47106262|1, 47106262|4009, com.ted.android.conference, 
47106262|1, 47106262|2222, 47106302|2259, 47106302|4010, com.ted.android.conference, 
47106342|1, 47106342|4006, com.android.vending, 
47108102|1, 47108102|1037, 47108302|1111, 47108302|1132, 47108364|1184, 47108742|1282, 47108742|4002, com.whatsapp, 
47109182|1, 47109182|1786, 47109256|1817, 47109316|1856, 47109316|2032, 47109963|2042, 47109963|2165, 47110103|2187, 47110103|2371, 47110395|2382, 47110395|2582, 47110515|2594, 47110515|2786, 47110937|2797, 47110937|3033, 47111566|3056, 47111566|3191, 47111646|3206, 47111646|3837, 47111709|3868, 47111709|3915, 47111769|3938, 47111769|3957, 47112040|3994, 47112040|4020, com.bankofamerica.cashpromobile, 
47114470|1, 47114470|1829, 47114530|1844, 47114530|2083, 47115117|2098, 47115117|2283, 47115217|2294, 47115217|2492, 47115509|2504, 47115509|2694, 47116051|2705, 47116051|2920, 47116640|2932, 47116640|3108, 47116680|3130, 47116680|3675, 47116740|3720, 47117011|3768, 47117011|3927, 47117131|3972, 47117513|4000, 47117513|4021, com.bankofamerica.cashpromobile, 
47119918|1, 47119918|704, 47119994|791, 47119994|3683, 47120194|3694, 47120194|4007, com.whatsapp, 
47120434|1, 47120434|2223, 47121034|2289, 47121034|2572, 47121114|2641, 47121114|4021, com.sometimeswefly.littlealchemy, 
47121194|1, 47121194|4004, com.google.android.gm, 
47121194|1, 47121194|1048, 47121338|1166, 47121458|1210, 47121458|1226, 47121765|1266, 47122112|1310, 47122112|1345, 47122232|1395, 47122232|1431, 47124499|1505, 47125208|1534, 47125248|1555, 47125248|1637, 47125368|1658, 47125368|1943, 47125568|1970, 47125568|2255, 47129659|2410, 47130166|2582, 47131113|2687, 47131113|2873, 47133531|2920, 47135650|2956, 47135650|2970, 47137737|3019, 47137737|3073, 47142104|3128, 47142264|3172, 47142504|3203, 47142904|3284, 47142904|3941, 47143046|3982, 47143226|4022, com.android.vending, 
47146815|1, 47146815|107, 47146878|119, 47146878|1870, 47146938|1898, 47146938|1936, 47146978|1948, 47146978|1961, 47147231|1976, 47147231|1997, 47148333|2008, 47148333|2122, 47148373|2134, 47148373|2200, 47148433|2240, 47148753|2308, 47149145|2329, 47150444|2389, 47150924|2498, 47152326|2527, 47152566|2558, 47152566|2803, 47152646|2817, 47152646|2991, 47152706|3003, 47152706|3048, 47152999|3058, 47152999|3084, 47164160|3095, 47164160|3125, 47164360|3137, 47164360|3184, 47164400|3205, 47164400|4002, com.google.android.keep, 
47166053|1, 47166053|1572, 47166173|1728, 47166847|1808, 47166967|1843, 47167112|1861, 47168244|1881, 47168943|1900, 47169139|1916, 47169139|1960, 47169219|1972, 47169219|2019, 47169419|2030, 47169459|2041, 47169545|2066, 47169545|2916, 47169711|2946, 47169781|4043, com.google.android.music, 
47171481|1, 47171481|639, 47171541|815, 47172252|904, 47172512|949, 47172792|1014, 47173619|1083, 47173619|1205, 47173659|1217, 47173659|1808, 47175901|1832, 47175901|1954, 47176852|2116, 47176912|2169, 47176912|2220, 47177171|2282, 47177171|2480, 47177411|2491, 47177411|2504, 47177577|2516, 47177577|2689, 47178954|2702, 47178954|2913, 47178994|2931, 47178994|2984, 47179075|3022, 47179175|3090, 47180720|3126, 47180720|3139, 47180920|3157, 47180920|3203, 47181086|3227, 47181086|3238, 47181126|3250, 47181731|3278, 47181731|3290, 47183079|3308, 47183079|3330, 47183161|3350, 47183221|3394, 47183499|3418, 47183499|3443, 47183659|3457, 47183699|3479, 47183865|3491, 47183865|3512, 47185859|3526, 47185859|3554, 47187813|3571, 47187813|3608, 47189767|3621, 47189767|3746, 47191753|3762, 47191753|3907, 47191793|3921, 47191793|4004, com.mxtech.videoplayer.ad, 
47192313|1, 47192313|604, 47192387|761, 47192877|915, 47193337|992, 47193337|1326, 47193377|1453, 47193497|1528, 47193497|2627, 47193553|2690, 47193887|2760, 47194429|2792, 47194429|2826, 47195034|2847, 47195074|2899, 47195114|2921, 47195114|3005, 47195719|3026, 47195719|3047, 47195839|3073, 47195839|4012, com.scb.breezebanking.hk, 
47195919|1, 47195919|683, 47195979|785, 47196103|827, 47196886|878, 47197006|916, 47197793|969, 47197993|1018, 47197993|1110, 47198033|1126, 47198033|1729, 47200277|1769, 47200277|1896, 47201247|1945, 47201247|2152, 47201506|2195, 47201506|2383, 47201706|2393, 47201706|2433, 47201872|2448, 47201872|2589, 47203289|2603, 47203289|2833, 47203329|2853, 47203329|2929, 47203410|2985, 47203747|3065, 47205215|3091, 47205215|3199, 47205421|3246, 47205461|3277, 47206086|3303, 47206086|3338, 47206404|3365, 47207712|3388, 47207872|3400, 47208038|3416, 47208038|3430, 47209992|3440, 47209992|3515, 47210032|3529, 47212026|3550, 47212026|3574, 47212066|3585, 47212066|3598, 47214020|3613, 47214020|3650, 47216006|3662, 47216006|3721, 47216046|3732, 47216046|4009, com.mxtech.videoplayer.ad, 
47216486|1, 47216486|2203, 47216546|2220, 47216546|2234, 47217086|2343, 47217086|2574, 47217166|2587, 47217166|4004, com.sometimeswefly.littlealchemy, 
47217246|1, 47217246|1160, 47217306|1182, 47217361|1211, 47217361|1301, 47217620|1313, 47217620|1501, 47217820|1518, 47217820|1580, 47217986|1598, 47217986|1734, 47219301|1745, 47219301|1893, 47219341|1903, 47219341|2446, 47219460|2509, 47219715|2550, 47219715|2571, 47219915|2622, 47221121|2686, 47221161|2721, 47221161|2920, 47221201|2948, 47221201|4007, com.Slack, 
47221456|1, 47221456|1268, 47221702|1414, 47221702|1515, 47222014|1548, 47222244|1600, 47222524|1750, 47223227|1879, 47223227|2041, 47224090|2067, 47224397|2088, 47224397|2112, 47225515|2166, 47225515|2222, 47226513|2381, 47227469|2551, 47229584|2663, 47229584|2861, 47232891|2886, 47232891|3025, 47232931|3155, 47232931|4022, com.ebay.mobile, 
47237691|1, 47237691|1215, 47237871|1369, 47238414|1443, 47238414|1476, 47238681|1528, 47239041|1612, 47239041|1659, 47239467|1811, 47240063|1878, 47240587|1919, 47240854|1966, 47240894|2029, 47245559|2062, 47246157|2110, 47246755|2233, 47247353|2279, 47247353|2335, 47249044|2469, 47250814|2619, 47250814|2875, 47250854|2902, 47250854|4005, com.ebay.mobile, 
47254921|1, 47254921|4003, com.android.vending, 
47254921|1, 47254921|4008, com.android.vending, 
47254921|1, 47254921|806, 47255214|906, 47255782|941, 47255782|957, 47255982|973, 47255982|1006, 47256546|1022, 47256546|1041, 47257588|1075, 47257588|1130, 47257628|1141, 47257628|1182, 47258074|1206, 47258074|1240, 47258114|1264, 47258114|1314, 47259565|1329, 47259565|1534, 47259605|1544, 47259605|2066, 47259665|2111, 47259920|2164, 47259920|2179, 47260120|2205, 47260120|2301, 47261326|2311, 47261326|2325, 47261366|2338, 47261366|2618, 47261406|2630, 47261406|4009, com.Slack, 
47261726|1, 47261726|663, 47261786|705, 47262034|776, 47262354|848, 47262997|930, 47263824|1011, 47263984|1038, 47263984|1102, 47264024|1116, 47264024|1688, 47266266|1721, 47266266|1764, 47267010|1829, 47267050|1924, 47267050|2076, 47267132|2127, 47267192|2164, 47267252|2191, 47267690|2242, 47267856|2253, 47267856|2275, 47269810|2287, 47269810|2313, 47270069|2325, 47270069|2351, 47270109|2367, 47270109|2445, 47270349|2467, 47270349|2490, 47270515|2501, 47270515|2623, 47271935|2637, 47271935|2803, 47273243|2832, 47273343|2881, 47273620|2914, 47273620|2938, 47273946|2968, 47273946|2981, 47273986|2992, 47273986|3006, 47274026|3025, 47274026|3050, 47275899|3067, 47275899|3092, 47276059|3110, 47276059|3121, 47278013|3133, 47278013|3161, 47278053|3178, 47278053|3209, 47280047|3220, 47280047|3253, 47280087|3266, 47282073|3280, 47282073|3350, 47282113|3363, 47282113|4003, com.mxtech.videoplayer.ad, 
47282593|1, 47282593|4016, com.ted.android.conference, 
47282593|1, 47282593|1733, 47282721|1801, 47283043|1863, 47283163|1938, 47284441|2123, 47284519|2151, 47284519|2199, 47284559|2271, 47284559|2766, 47284725|2796, 47284725|3316, 47286695|3395, 47287014|3509, 47287134|3569, 47288259|3685, 47288549|3733, 47288549|4068, com.google.android.apps.docs, 
47288709|1, 47288709|4004, com.ted.android.conference, 
47288789|1, 47288789|667, 47289352|782, 47290006|881, 47290006|951, 47290265|980, 47290305|1019, 47290305|1222, 47290545|1265, 47290545|1447, 47290585|1488, 47290585|1565, 47290775|1595, 47290775|1872, 47291596|1885, 47291596|2517, 47291636|2538, 47291636|2552, 47292477|2588, 47292477|2621, 47292550|2672, 47292550|2711, 47292590|2754, 47292630|2778, 47292921|2834, 47293975|2876, 47293975|2948, 47294751|2989, 47295151|3019, 47295831|3043, 47295831|3401, 47306867|3413, 47306867|3530, 47306947|3542, 47306947|4009, com.sololearn.cplusplus, 
47307227|1, 47307227|1259, 47308129|1285, 47308129|1327, 47308169|1354, 47308169|4002, com.google.android.gm, 
47308169|1, 47308169|2566, 47308209|2605, 47308298|2634, 47308298|2805, 47308338|2839, 47308338|3142, 47308418|3178, 47308498|3206, 47308558|3231, 47308558|3271, 47308856|3301, 47309056|3335, 47309181|3379, 47309970|3409, 47310497|3432, 47310497|3546, 47310537|3563, 47310537|3603, 47310626|3636, 47310626|3816, 47310784|3836, 47310784|3982, 47310824|3997, 47310824|4008, com.google.android.apps.photos, 
47311073|1, 47311073|4009, com.google.android.gm, 
47311073|1, 47311073|1712, 47311211|1752, 47311349|1781, 47311469|1794, 47311469|1829, 47311746|1842, 47311746|1854, 47312023|1874, 47312023|1884, 47312143|1898, 47312183|1913, 47312408|1933, 47314199|1953, 47314357|1976, 47314475|1997, 47314475|2038, 47314555|2047, 47314835|2080, 47314921|2122, 47314921|3050, 47315001|3062, 47315087|3090, 47315087|3849, 47315217|3950, 47315495|4006, com.google.android.music, 
47316777|1, 47316777|2488, 47316817|2599, 47316946|2648, 47316946|2976, 47317006|2999, 47317006|3039, 47317304|3052, 47317304|3082, 47317504|3094, 47317629|3108, 47317629|3118, 47318348|3133, 47318985|3144, 47319025|3157, 47319025|3190, 47319065|3203, 47319065|3424, 47319223|3437, 47319223|3634, 47319312|3643, 47319312|4004, com.google.android.apps.photos, 
47319561|1, 47319561|772, 47319676|884, 47320253|947, 47320817|987, 47320817|1002, 47320857|1019, 47320857|1057, 47321116|1070, 47321116|1147, 47321156|1170, 47321156|1185, 47321356|1204, 47321522|1215, 47321522|1363, 47322933|1374, 47322933|1587, 47322973|1602, 47322973|2028, 47323032|2136, 47323032|4007, com.Slack, 
47323251|1, 47323251|1259, 47323311|1322, 47323435|1440, 47323534|1529, 47324097|1596, 47324097|1702, 47324784|1910, 47325110|2065, 47325110|2125, 47326139|2190, 47326497|2243, 47326497|2346, 47328039|2379, 47331944|2488, 47332940|2591, 47332980|2665, 47334673|2792, 47334673|2991, 47336441|3026, 47336441|3192, 47336481|3270, 47336481|4015, com.ebay.mobile, 
47345927|1, 47345927|4007, com.google.android.gm, 
47345927|1, 47345927|3355, 47346159|3479, 47348448|3800, 47349108|3867, 47349108|3886, 47349188|3908, 47349188|3954, 47349268|3984, 47349308|4009, air.com.hypah.io.slither, 
47358753|1, 47358753|4004, com.google.android.gm, 
47358753|1, 47358753|4006, com.google.android.gm, 
47358753|1, 47358753|1226, 47359201|1338, 47359321|1425, 47360043|1474, 47360043|1593, 47360083|1608, 47360083|4025, org.catrobat.catroid, 
47360163|1, 47360163|827, 47360283|912, 47360343|966, 47360926|1076, 47361306|1136, 47362093|1180, 47362293|1231, 47362293|1328, 47362333|1343, 47362333|1986, 47364575|2004, 47364575|2224, 47364615|2246, 47365307|2320, 47365586|2431, 47365586|2536, 47365845|2557, 47365845|2728, 47366045|2765, 47366045|2812, 47366211|2834, 47366211|2949, 47367630|2962, 47367630|3182, 47367670|3224, 47367670|3261, 47367851|3341, 47368088|3373, 47368088|3389, 47368248|3405, 47368248|3437, 47368414|3456, 47368414|3467, 47370327|3499, 47370367|3525, 47370449|3549, 47370449|3571, 47370509|3600, 47370509|3624, 47370787|3634, 47370827|3648, 47370987|3665, 47371067|3676, 47371067|3698, 47372541|3723, 47374495|3734, 47374495|3791, 47374535|3808, 47376489|3821, 47376489|3842, 47376529|3854, 47376529|3883, 47376569|3894, 47378523|3918, 47378523|3954, 47378563|3970, 47380549|4002, com.mxtech.videoplayer.ad, 
47381029|1, 47381029|2979, 47384543|2994, 47384543|3211, 47384623|3241, 47384663|3313, 47384737|4004, at.DiTronic.androidgroup.randomgallery, 
47388182|1, 47388182|1813, 47388302|1858, 47388302|1875, 47388856|1897, 47388856|1918, 47388896|1931, 47389096|1960, 47389096|1970, 47391032|1988, 47391032|2001, 47391112|2013, 47391192|2025, 47391348|2039, 47391348|2069, 47391388|2081, 47391428|2093, 47391754|2113, 47391754|3016, 47391920|3036, 47391980|4033, com.google.android.music, 
47393540|1, 47393540|1971, 47393600|1989, 47393600|2009, 47393640|2023, 47393900|2043, 47393900|2062, 47394020|2079, 47394020|2102, 47395102|2118, 47395102|2158, 47395142|2176, 47395142|2340, 47395222|2372, 47395222|4001, com.google.android.keep, 
47395302|1, 47395302|1201, 47395402|1375, 47395624|1417, 47395744|1522, 47397100|1618, 47397100|1640, 47397140|1715, 47397140|1983, 47397346|2069, 47397346|3407, 47399715|3417, 47399715|3467, 47399974|3480, 47399974|3512, 47400094|3526, 47400979|3540, 47400979|3552, 47401097|3563, 47401097|3597, 47401223|3608, 47401223|3632, 47401349|3644, 47401349|4015, com.google.android.apps.docs, 
47402654|1, 47402654|1820, 47402774|1905, 47402774|1951, 47402854|1962, 47403328|1973, 47403328|2003, 47403568|2015, 47403568|2049, 47404376|2061, 47405504|2074, 47405662|2089, 47405820|2099, 47405820|2145, 47405900|2155, 47405900|2168, 47406100|2179, 47406186|2191, 47406186|2986, 47406266|2998, 47406352|3013, 47406352|4010, com.google.android.music, 
47408082|1, 47408082|755, 47408329|831, 47408709|927, 47409323|959, 47409363|974, 47409363|1028, 47409622|1062, 47409662|1147, 47409902|1232, 47409902|1400, 47409942|1463, 47409942|1609, 47410132|1638, 47410132|1838, 47410953|1863, 47410953|2149, 47411794|2171, 47411794|2441, 47411834|2463, 47412125|2489, 47412125|2614, 47412280|2648, 47412901|2670, 47412901|3195, 47412941|3208, 47412941|4010, com.sololearn.cplusplus, 
47413181|1, 47413181|2503, 47413221|2542, 47413310|2581, 47413370|2617, 47413370|2667, 47413668|2679, 47413668|2714, 47413868|2727, 47413993|2742, 47413993|2755, 47415309|2771, 47415309|2908, 47415349|2920, 47415389|2931, 47415389|3140, 47415547|3194, 47415547|3540, 47415636|3555, 47415636|4006, com.google.android.apps.photos, 
47415885|1, 47415885|1712, 47415959|1745, 47415959|1792, 47416033|1802, 47416033|1833, 47416093|1846, 47416093|1992, 47416740|2003, 47416740|2117, 47416880|2156, 47416880|2325, 47417172|2338, 47417172|2536, 47417292|2547, 47417292|2742, 47417714|2756, 47417714|2973, 47418303|2984, 47418303|3143, 47418343|3157, 47418343|3845, 47418406|3860, 47418406|3905, 47418469|3931, 47418469|3952, 47418529|3976, 47418800|4013, com.bankofamerica.cashpromobile, 
47420830|1, 47420830|765, 47420890|809, 47421014|889, 47421454|959, 47422804|1039, 47422804|1106, 47422924|1124, 47422924|1158, 47422964|1179, 47422964|1832, 47425206|1845, 47425206|1959, 47426217|2031, 47426217|2193, 47426257|2226, 47426476|2262, 47426476|2399, 47426676|2411, 47426676|2446, 47426842|2460, 47426842|2597, 47428261|2611, 47428261|2841, 47428301|2854, 47428301|2917, 47428442|3003, 47428482|3059, 47430187|3107, 47430187|3226, 47430353|3244, 47430998|3285, 47430998|3312, 47431120|3331, 47431180|3350, 47432766|3393, 47432766|3419, 47432966|3431, 47432966|3454, 47433132|3477, 47433132|3488, 47435118|3498, 47435118|3511, 47435158|3523, 47435158|3546, 47437112|3562, 47437112|3590, 47439066|3604, 47439066|3648, 47441020|3672, 47441020|3721, 47441060|3741, 47441060|4008, com.mxtech.videoplayer.ad, 
47441580|1, 47441580|621, 47441700|734, 47441700|752, 47441960|775, 47442080|847, 47443430|957, 47443430|973, 47443550|988, 47443550|1056, 47443590|1100, 47443590|1618, 47445832|1665, 47445832|1717, 47445872|1833, 47445872|1867, 47446720|1933, 47446720|2076, 47446780|2116, 47446780|2321, 47447039|2338, 47447039|2519, 47447319|2541, 47447319|2563, 47447485|2574, 47447485|2697, 47447585|2745, 47450549|2806, 47450709|2843, 47450709|2887, 47450875|2906, 47450875|2925, 47450955|2936, 47451560|2976, 47451560|3004, 47451720|3027, 47451780|3061, 47453088|3081, 47453366|3096, 47453366|3132, 47453526|3145, 47453692|3158, 47453692|3184, 47455646|3200, 47455646|3212, 47455686|3234, 47457640|3247, 47457640|3288, 47459594|3307, 47459594|3351, 47461580|3369, 47461580|3441, 47461620|3454, 47461620|4002, com.mxtech.videoplayer.ad, 
47462100|1, 47462100|1310, 47462222|1406, 47462222|1448, 47462282|1467, 47462282|1501, 47462535|1525, 47462535|1548, 47463003|1620, 47463708|1688, 47464208|1737, 47464308|1782, 47465847|1928, 47466419|2018, 47467003|2050, 47467964|2069, 47467964|2145, 47468130|2178, 47469375|2218, 47470011|2240, 47470343|2270, 47470965|2293, 47471574|2344, 47472407|2399, 47472407|2499, 47472447|2518, 47473403|2536, 47473483|2567, 47473483|2591, 47474899|2603, 47474899|2629, 47474939|2643, 47474979|2657, 47474979|2674, 47475019|2726, 47475564|2742, 47475564|2808, 47475644|2821, 47475644|2849, 47476434|2864, 47476502|2877, 47476570|2904, 47476630|2917, 47476630|2949, 47476670|2966, 47476710|2978, 47476710|2992, 47478163|3006, 47478163|3030, 47478203|3047, 47478203|3060, 47478796|3072, 47478796|3106, 47479136|3124, 47479136|3345, 47479336|3379, 47479416|3404, 47480882|3416, 47481764|3434, 47481764|3645, 47481804|3657, 47481804|3733, 47481924|3752, 47483375|3763, 47483375|4010, com.dropbox.android, 
47487177|1, 47487177|1101, 47487501|1349, 47487501|1452, 47487813|1488, 47488051|1520, 47488051|1564, 47488570|1659, 47488736|1742, 47488776|1790, 47488776|1823, 47489599|1857, 47489659|1938, 47489825|1961, 47489825|1988, 47489985|2006, 47490025|2027, 47490623|2061, 47491926|2141, 47492882|2227, 47493500|2300, 47493500|2346, 47493580|2402, 47497078|2442, 47498731|2491, 47498971|2566, 47499131|2617, 47500896|2762, 47500896|2812, 47501062|2840, 47501062|2985, 47501182|3034, 47502565|3107, 47502565|3199, 47502605|3254, 47502605|3726, 47502668|3736, 47502668|4009, com.ebay.mobile, 
47506853|1, 47506853|1562, 47506913|1584, 47506913|1634, 47507173|1648, 47507173|1662, 47507293|1679, 47507293|1706, 47507418|1718, 47508374|1736, 47508374|1746, 47508414|1757, 47508414|2027, 47508494|2037, 47508494|4002, com.google.android.keep, 
47508574|1, 47508574|969, 47508634|1162, 47508634|1222, 47508965|1328, 47508965|1458, 47509437|1494, 47509437|1554, 47509497|1574, 47509697|1695, 47509697|1766, 47510190|1845, 47512471|2019, 47513732|2115, 47513772|2214, 47513772|2255, 47518115|2439, 47518275|2565, 47519952|2679, 47519952|2756, 47519992|2780, 47519992|4024, com.ebay.mobile, 
47524058|1, 47524058|2637, 47524170|2714, 47525791|2931, 47525791|3111, 47526459|3142, 47526579|3185, 47526579|3843, 47526619|3865, 47526619|4013, air.com.hypah.io.slither, 
47530705|1, 47530705|2055, 47530843|2084, 47530963|2104, 47530963|2140, 47531517|2151, 47531517|2174, 47531557|2185, 47531677|2198, 47531902|2210, 47533184|2223, 47533811|2247, 47533929|2259, 47533929|2306, 47533969|2320, 47534009|2331, 47534335|2348, 47534335|3379, 47534501|3392, 47534501|4017, com.google.android.music, 
47537508|1, 47537508|4006, com.android.vending, 
47537588|1, 47537588|746, 47538152|888, 47538192|1054, 47538350|1195, 47538652|1283, 47538652|2515, 47538772|2592, 47538772|3272, 47538888|3333, 47539162|3379, 47539704|3416, 47539704|3451, 47539744|3473, 47540349|3512, 47540469|3568, 47540469|3661, 47541074|3676, 47541074|3693, 47541194|3720, 47541194|4001, com.scb.breezebanking.hk, 
47541274|1, 47541274|2226, 47541337|2271, 47541460|2340, 47542000|2390, 47542000|2584, 47542080|2656, 47542080|2979, 47542141|3042, 47542202|3093, 47542322|3119, 47542322|3138, 47543450|3166, 47543450|3185, 47543490|3214, 47543530|3320, 47543530|4015, com.sometimeswefly.littlealchemy, 
47543770|1, 47543770|675, 47543830|714, 47543958|787, 47544278|849, 47545708|931, 47545748|947, 47545748|978, 47545948|1008, 47545948|1078, 47545988|1095, 47545988|1618, 47548230|1675, 47548230|1839, 47549118|1925, 47549118|2191, 47549181|2243, 47549244|2264, 47549304|2285, 47549304|2422, 47549563|2435, 47549563|2634, 47549803|2646, 47549803|2669, 47549969|2680, 47549969|2784, 47550090|2812, 47550150|2850, 47551611|2899, 47551848|2913, 47551848|2927, 47552048|2939, 47552048|3005, 47552088|3019, 47553562|3045, 47553562|3065, 47554167|3082, 47554167|3096, 47554247|3117, 47554247|3153, 47554329|3179, 47554429|3214, 47554429|3234, 47554707|3279, 47556215|3300, 47556381|3314, 47556381|3333, 47558335|3346, 47558335|3370, 47558375|3395, 47560329|3423, 47560329|3434, 47560369|3448, 47562323|3473, 47562323|3516, 47564309|3528, 47564309|3578, 47564349|3593, 47564349|4011, com.mxtech.videoplayer.ad, 
47564869|1, 47564869|1364, 47564933|1484, 47565295|1629, 47567995|1777, 47568073|1801, 47568113|1877, 47568113|2219, 47568279|2260, 47568279|2728, 47568340|2775, 47568720|2867, 47571149|2936, 47572112|2970, 47572112|2995, 47572364|3175, 47572364|4006, com.google.android.apps.docs, 
47572524|1, 47572524|587, 47572587|617, 47572587|646, 47572707|683, 47573087|743, 47573087|864, 47573504|905, 47574000|946, 47574000|974, 47574120|1129, 47574320|1168, 47574320|1289, 47574360|1431, 47574550|1523, 47574550|1795, 47574590|1807, 47575371|1820, 47575371|2118, 47576212|2141, 47576212|2400, 47576503|2419, 47576503|2437, 47576543|2451, 47576543|2612, 47577319|2638, 47577319|3158, 47577359|3169, 47577359|4012, com.sololearn.cplusplus, 
47577599|1, 47577599|1801, 47577673|1847, 47577673|1934, 47577733|1947, 47577733|2041, 47577793|2054, 47577793|2113, 47578380|2126, 47578380|2529, 47578420|2540, 47578520|2551, 47578520|2787, 47578580|2801, 47578580|2846, 47578872|2859, 47578872|3144, 47579454|3159, 47579454|3481, 47579494|3567, 47580083|3599, 47580083|3776, 47580163|3796, 47580163|4001, com.bankofamerica.cashpromobile, 
47582667|1, 47582667|1062, 47582731|1131, 47583115|1226, 47583957|1361, 47583957|1453, 47583997|1525, 47583997|4004, org.catrobat.catroid, 
47584077|1, 47584077|1203, 47584139|1248, 47584277|1350, 47584277|4007, com.whatsapp, 
47584277|1, 47584277|744, 47584477|843, 47584477|1044, 47584517|1095, 47584743|1111, 47584798|1160, 47584798|1274, 47584998|1287, 47585164|1309, 47585164|1474, 47586156|1485, 47586156|1690, 47586219|1721, 47586319|1743, 47586319|1888, 47586578|1900, 47586578|2087, 47586778|2098, 47586778|2173, 47586944|2191, 47586944|2341, 47588424|2395, 47588739|2470, 47588939|2508, 47590185|2592, 47590225|2639, 47590225|2910, 47590265|2940, 47590265|4003, com.Slack, 
47591154|1, 47591154|589, 47591230|657, 47591230|4007, com.whatsapp, 
47591230|1, 47591230|630, 47591730|753, 47592373|833, 47593160|901, 47593200|922, 47593320|941, 47593320|1052, 47593360|1066, 47593360|1542, 47595602|1604, 47595602|1803, 47596490|1933, 47596490|2082, 47596550|2138, 47596550|2331, 47596590|2342, 47596809|2355, 47596809|2529, 47597049|2544, 47597049|2596, 47597215|2606, 47597215|2737, 47598634|2771, 47598634|2822, 47598694|2896, 47599011|2922, 47599211|2957, 47599211|3007, 47600685|3033, 47600685|3062, 47601290|3076, 47601290|3110, 47601390|3151, 47601390|3177, 47601708|3191, 47601708|3209, 47601908|3226, 47603216|3244, 47603382|3259, 47603382|3272, 47605336|3284, 47605336|3332, 47607290|3344, 47607290|3388, 47607330|3401, 47607370|3413, 47607370|3424, 47609324|3442, 47609324|3468, 47611350|3486, 47611350|3556, 47611390|3567, 47611390|4004, com.mxtech.videoplayer.ad, 
47611956|1, 47611956|4010, com.ted.android.conference, 
47611956|1, 47611956|4004, com.google.android.gm, 
47611956|1, 47611956|1346, 47612938|1808, 47612938|2168, 47615222|2376, 47616780|2507, 47619364|2587, 47619364|2610, 47619781|2639, 47620391|2673, 47620636|2745, 47620676|2795, 47620676|4001, com.android.chrome, 
47621156|1, 47621156|612, 47621467|689, 47621727|716, 47621727|733, 47621847|787, 47621847|849, 47622720|986, 47623080|1205, 47623080|1318, 47623120|1384, 47623120|1571, 47623310|1592, 47623310|1833, 47624131|1848, 47624131|2162, 47624972|2175, 47624972|2442, 47625263|2468, 47625303|2495, 47625303|2636, 47625343|2655, 47626079|2750, 47626079|3273, 47626119|3317, 47626119|4007, com.sololearn.cplusplus, 
47626359|1, 47626359|659, 47626419|676, 47626479|704, 47626739|723, 47626859|755, 47626859|879, 47627772|1036, 47628092|1155, 47628092|1309, 47628132|1370, 47628132|1473, 47628322|1515, 47628322|1749, 47628362|1764, 47629143|1778, 47629143|2090, 47629984|2111, 47629984|2362, 47630024|2380, 47630275|2399, 47630315|2418, 47630315|2569, 47630355|2585, 47631091|2609, 47631091|3124, 47631131|3134, 47631131|4002, com.sololearn.cplusplus, 
47631411|1, 47631411|808, 47631473|918, 47631549|1024, 47631549|4004, com.whatsapp, 
47631549|1, 47631549|4004, com.google.android.gm, 
47631549|1, 47631549|1690, 47631623|1727, 47631623|1749, 47631683|1776, 47631683|1927, 47632270|1938, 47632270|2140, 47632370|2166, 47632370|2337, 47632662|2349, 47632662|2549, 47632782|2562, 47632782|2750, 47633204|2762, 47633204|2965, 47633793|2991, 47633793|3166, 47633833|3179, 47633833|3846, 47633896|3860, 47633896|3919, 47633956|3943, 47634227|3972, 47634227|4016, com.bankofamerica.cashpromobile, 
47637054|1, 47637054|1974, 47637114|1992, 47637114|2034, 47637374|2047, 47637374|2067, 47637494|2078, 47638576|2103, 47638576|2161, 47638616|2176, 47638616|2365, 47638696|2376, 47638696|4005, com.google.android.keep, 
47640776|1, 47640776|2011, 47640839|2054, 47640899|2104, 47641439|2155, 47641439|2456, 47641519|2476, 47641519|4041, com.sometimeswefly.littlealchemy, 
47641599|1, 47641599|1676, 47641659|1690, 47641659|1737, 47641919|1748, 47641919|1767, 47642039|1782, 47642164|1793, 47643121|1812, 47643121|1853, 47643161|1864, 47643161|1874, 47643201|1886, 47643201|2137, 47643281|2147, 47643281|4001, com.google.android.keep, 
47643361|1, 47643361|1436, 47643421|1502, 47643683|1580, 47643803|1593, 47644155|1605, 47644155|1616, 47645119|1678, 47645159|1693, 47645159|2329, 47645325|2353, 47645325|3528, 47647694|3562, 47647694|3600, 47647953|3610, 47647953|3631, 47648073|3642, 47648073|3653, 47648958|3666, 47648958|3694, 47649076|3704, 47649076|3736, 47649202|3747, 47649202|3762, 47649328|3778, 47649328|4002, com.google.android.apps.docs, 
47649488|1, 47649488|4010, at.DiTronic.androidgroup.randomgallery, 
47655572|1, 47655572|4002, com.android.vending, 
47655572|1, 47655572|3086, 47655701|3136, 47655701|3389, 47655781|3414, 47655921|3492, 47656219|3559, 47656419|3604, 47656544|3627, 47657861|3658, 47657861|3803, 47657901|3825, 47658059|4013, com.google.android.apps.photos, 
47658348|1, 47658348|1444, 47658822|1599, 47658822|2137, 47660838|2266, 47661975|2335, 47662330|2394, 47664956|2458, 47665373|2482, 47665905|2547, 47666348|2617, 47666348|4002, com.android.chrome, 
47666828|1, 47666828|1340, 47666888|1407, 47667270|1582, 47667403|1653, 47668588|1686, 47668666|1750, 47668666|1783, 47668706|1815, 47668706|2068, 47668872|2102, 47668872|3367, 47668932|3395, 47668932|3428, 47671500|3474, 47671620|3505, 47672505|3534, 47672505|3545, 47672623|3559, 47672623|3585, 47672749|3599, 47672749|3695, 47672875|3706, 47672875|4004, com.google.android.apps.docs, 
47673035|1, 47673035|1754, 47673095|1794, 47673095|1822, 47673355|1833, 47673355|1860, 47673475|1884, 47674557|1905, 47674557|1955, 47674597|1979, 47674597|2194, 47674677|2210, 47674677|4007, com.google.android.keep, 
47674757|1, 47674757|1738, 47674831|1774, 47674831|1807, 47674891|1831, 47674891|1974, 47675538|2044, 47675538|2210, 47675678|2224, 47675678|2405, 47675970|2420, 47675970|2602, 47676090|2623, 47676090|2816, 47676512|2827, 47676512|3061, 47677101|3076, 47677101|3230, 47677141|3250, 47677141|3858, 47677204|3874, 47677204|3911, 47677264|3939, 47677304|3958, 47677535|3992, 47677535|4008, com.bankofamerica.cashpromobile, 
47679565|1, 47679565|1150, 47679627|1261, 47679751|1398, 47679751|1553, 47680009|1593, 47680009|1742, 47680288|1856, 47680646|1925, 47680646|2034, 47682071|2086, 47682071|2259, 47682689|2362, 47682689|2570, 47684703|2611, 47684703|2779, 47688101|2953, 47688101|3053, 47688164|3198, 47688224|3257, 47688264|3303, 47688264|3340, 47688535|3376, 47688735|3507, 47688735|3740, 47688901|3762, 47688901|3910, 47690243|3920, 47690243|4003, com.ebay.mobile, 
47690667|1, 47690667|4009, com.google.android.gm, 
47690667|1, 47690667|706, 47690743|758, 47690743|4005, com.whatsapp, 
47690743|1, 47690743|993, 47690858|1057, 47690858|1083, 47691172|1108, 47691172|1120, 47691452|1135, 47691452|1155, 47692016|1168, 47692016|1222, 47692315|1239, 47692315|1339, 47692635|1364, 47692635|1374, 47692801|1386, 47692801|1521, 47694195|1533, 47694195|1749, 47694235|1758, 47694235|2228, 47694354|2302, 47694609|2340, 47694609|2356, 47694809|2384, 47694809|2509, 47696015|2539, 47696055|2558, 47696055|3049, 47696095|3076, 47696095|4001, com.Slack, 
47696375|1, 47696375|2698, 47696487|2903, 47696487|2954, 47698028|3043, 47698108|3156, 47698108|3219, 47698776|3247, 47698776|4002, air.com.hypah.io.slither, 
47700300|1, 47700300|36, 47700452|70, 47700452|272, 47700512|286, 47700512|322, 47700793|345, 47700913|408, 47704608|463, 47704608|478, 47704648|564, 47704648|654, 47704968|685, 47705008|712, 47705008|1198, 47705069|1236, 47705130|1310, 47705130|1370, 47705230|1430, 47705230|1445, 47705443|1466, 47705603|1509, 47705603|1572, 47705667|1592, 47705667|1607, 47705731|1618, 47705731|1659, 47705851|1718, 47706662|1777, 47706702|1803, 47706896|1822, 47707056|1860, 47707056|1896, 47707116|1933, 47707350|1955, 47707736|2013, 47708837|2114, 47710461|2176, 47710627|2200, 47714337|2327, 47714709|2383, 47716151|2423, 47716191|2441, 47716191|2539, 47716271|2570, 47716379|2648, 47717963|2719, 47718833|2744, 47719378|2765, 47719378|2935, 47719638|2946, 47719638|2998, 47719678|3015, 47719718|3035, 47719798|3055, 47719798|3069, 47720431|3093, 47721884|3104, 47721884|3120, 47722044|3133, 47722044|3171, 47722210|3186, 47722926|3200, 47722926|3436, 47722966|3449, 47723126|3470, 47723126|3481, 47724592|3503, 47724592|3810, 47724632|3823, 47724632|3863, 47724672|3885, 47726123|3896, 47726123|4003, com.dropbox.android, 
47726923|1, 47726923|2327, 47727523|2433, 47727523|2475, 47728011|2634, 47728131|2686, 47728131|2888, 47728256|2905, 47729469|2932, 47729509|2991, 47729509|4004, com.sometimeswefly.littlealchemy, 
47729589|1, 47729589|1313, 47729649|1420, 47729911|1483, 47730031|1583, 47731349|1630, 47731427|1662, 47731427|1695, 47731467|1734, 47731467|1914, 47731633|1955, 47731633|2902, 47732013|3095, 47732133|3184, 47733096|3244, 47733222|3313, 47733222|3396, 47735531|3407, 47735531|3678, 47735657|3689, 47735657|4002, com.google.android.apps.docs, 
47735857|1, 47735857|720, 47735931|804, 47735931|889, 47736065|1026, 47736495|1185, 47736495|1469, 47736915|1495, 47736955|1542, 47736955|1929, 47737035|1983, 47737075|2039, 47737075|2965, 47737131|2990, 47737191|3024, 47737465|3078, 47738007|3108, 47738047|3155, 47738772|3246, 47738772|3288, 47739377|3370, 47739497|3442, 47739497|4030, com.scb.breezebanking.hk, 
47739577|1, 47739577|1806, 47739651|1848, 47739711|1868, 47739711|2047, 47740358|2057, 47740358|2211, 47740498|2227, 47740498|2422, 47740790|2433, 47740790|2593, 47740830|2634, 47741332|2657, 47741332|2847, 47741921|2866, 47741921|3031, 47741961|3049, 47741961|3508, 47742418|3715, 47742418|3832, 47742538|3864, 47742920|4019, com.bankofamerica.cashpromobile, 
47745485|1, 47745485|1999, 47745812|2089, 47745812|2120, 47746366|2143, 47747519|2194, 47747519|2212, 47748660|2237, 47748660|2247, 47748818|2258, 47748818|2280, 47748858|2291, 47748858|2303, 47749058|2315, 47749264|2327, 47749264|3340, 47749344|3352, 47749430|3375, 47749430|4004, com.google.android.music, 
47751270|1, 47751270|1307, 47751334|1355, 47751394|1399, 47751909|1556, 47753172|1612, 47753172|1638, 47753212|1666, 47753212|1939, 47753378|1977, 47753378|2803, 47753439|2878, 47755808|2930, 47755848|2953, 47756067|2971, 47756067|2984, 47756187|3001, 47756413|3018, 47757072|3036, 47757190|3050, 47757190|3071, 47757230|3089, 47757316|3105, 47757316|3163, 47757442|3181, 47757442|4020, com.google.android.apps.docs, 
47757602|1, 47757602|2871, 47761116|2881, 47761116|3117, 47761516|3130, 47761516|3592, 47761664|3643, 47761724|3670, 47761870|3706, 47762200|3731, 47762200|3744, 47762320|3758, 47762736|3777, 47763844|3788, 47763844|3799, 47764089|3811, 47764679|3823, 47764679|3841, 47764869|3856, 47765021|3875, 47765021|4015, at.DiTronic.androidgroup.randomgallery, 
47766139|1, 47766139|1049, 47766261|1093, 47766261|1121, 47766361|1192, 47766574|1240, 47766858|1277, 47767673|1364, 47768067|1423, 47768187|1438, 47768287|1472, 47768521|1508, 47769018|1577, 47769018|1604, 47769178|1622, 47769344|1637, 47771747|1704, 47773438|1727, 47773770|1801, 47773810|1813, 47774392|1835, 47774392|1849, 47775127|1873, 47775167|1898, 47775167|1911, 47776000|1936, 47776166|1949, 47776166|1963, 47776996|1982, 47777036|2010, 47777036|2093, 47777076|2126, 47777076|2161, 47777116|2194, 47777156|2217, 47778692|2234, 47778732|2256, 47778732|2302, 47779277|2338, 47779277|2408, 47780195|2448, 47780195|2544, 47780275|2555, 47780275|2594, 47780315|2608, 47780315|2636, 47782068|2652, 47782661|2665, 47782661|2709, 47782741|2723, 47782741|2890, 47782861|2904, 47782861|2917, 47782901|2928, 47782941|2948, 47782941|2959, 47783823|2982, 47783823|3015, 47783863|3029, 47783863|3085, 47785329|3114, 47785329|3152, 47785369|3171, 47785369|3406, 47785409|3420, 47785449|3443, 47785449|3480, 47786900|3502, 47786900|3817, 47786940|3829, 47786980|3843, 47786980|3860, 47788421|3872, 47788421|4006, com.dropbox.android, 
47792269|1, 47792269|2936, 47792441|3087, 47794670|3294, 47794750|3344, 47795450|3417, 47795530|3496, 47795530|3517, 47795570|3547, 47795610|3558, 47795650|3574, 47795690|3590, 47795690|3647, 47795730|3675, 47795770|3688, 47795770|3720, 47795810|3734, 47795850|3755, 47795850|4023, air.com.hypah.io.slither, 
47800855|1, 47800855|744, 47800929|807, 47801419|938, 47801419|1108, 47801879|1264, 47801879|1567, 47801999|1634, 47801999|2763, 47802055|2776, 47802055|2809, 47802549|2876, 47802971|2968, 47803696|3053, 47803696|3105, 47804301|3119, 47804301|3145, 47804421|3165, 47804421|4010, com.scb.breezebanking.hk, 
47804501|1, 47804501|1791, 47804639|1874, 47804759|1911, 47804759|1946, 47805313|1956, 47805313|1994, 47805433|2007, 47805553|2019, 47805553|2030, 47806361|2043, 47807489|2054, 47807687|2071, 47807765|2082, 47807765|2128, 47807845|2140, 47807845|2167, 47808045|2178, 47808251|2194, 47808251|3027, 47808417|3039, 47808477|4018, com.google.android.music, 
47810077|1, 47810077|2813, 47813592|2827, 47813592|3063, 47813992|3078, 47813992|3561, 47814052|3609, 47814112|3648, 47814382|3672, 47814673|3689, 47814793|3716, 47815628|3737, 47815628|3750, 47816971|3763, 47816971|3785, 47817203|3800, 47817203|3820, 47817243|3842, 47817243|4001, at.DiTronic.androidgroup.randomgallery, 
47818510|1, 47818510|922, 47818654|962, 47818654|976, 47818754|1059, 47818754|1159, 47818981|1189, 47819101|1231, 47819101|1668, 47819943|1867, 47819943|1976, 47820063|1999, 47820063|4010, com.android.vending, 
47820143|1, 47820143|1953, 47820206|1981, 47820266|2027, 47820806|2057, 47820806|2334, 47820886|2380, 47820886|4004, com.sometimeswefly.littlealchemy, 
47820966|1, 47820966|2895, 47822507|3079, 47822587|3152, 47822587|3238, 47823355|3329, 47823475|3347, 47823475|4007, air.com.hypah.io.slither, 
47827642|1, 47827642|1688, 47827705|1741, 47827768|1773, 47827892|1807, 47828011|1858, 47828071|1893, 47828071|1928, 47828330|1960, 47828590|1986, 47828590|2054, 47828790|2078, 47829205|2172, 47829205|2205, 47829431|2224, 47829757|2319, 47830711|2355, 47832036|2399, 47832036|2421, 47832303|2463, 47835670|2525, 47835710|2567, 47835710|2620, 47836102|2714, 47836660|2765, 47836660|2809, 47836866|2929, 47838543|2997, 47838543|3030, 47839181|3074, 47839819|3248, 47839819|3391, 47840414|3609, 47841052|3720, 47841052|3857, 47841650|3872, 47841650|4002, com.ebay.mobile, 
47846569|1, 47846569|973, 47847017|1114, 47847859|1278, 47847859|1363, 47847899|1389, 47847899|4003, org.catrobat.catroid, 
47848647|1, 47848647|1166, 47848708|1243, 47848769|1277, 47848769|1316, 47848949|1381, 47850118|1430, 47850398|1460, 47851289|1542, 47851369|1571, 47851566|1597, 47851786|1623, 47851846|1637, 47851846|1649, 47852080|1667, 47852314|1694, 47852474|1711, 47852634|1727, 47852634|2070, 47853298|2121, 47856392|2161, 47856392|2309, 47856558|2329, 47856764|2347, 47856804|2364, 47858911|2411, 47859077|2429, 47859077|2445, 47859197|2462, 47860030|2485, 47860030|2552, 47860070|2565, 47860670|2592, 47861486|2602, 47861486|2669, 47861526|2683, 47861526|2712, 47862484|2745, 47862524|2782, 47862524|2829, 47862604|2843, 47863149|2857, 47863149|2914, 47863229|2938, 47863489|2960, 47864942|2988, 47864942|2999, 47864982|3017, 47864982|3157, 47865142|3169, 47865142|3184, 47865735|3196, 47865735|3232, 47866617|3248, 47866617|3272, 47866697|3288, 47866697|3304, 47866737|3315, 47866737|3353, 47868203|3370, 47868203|3417, 47868243|3427, 47868243|3441, 47868283|3453, 47868283|3673, 47868323|3685, 47868323|3697, 47868403|3717, 47868403|3733, 47869854|3754, 47869854|4009, com.dropbox.android, 
47875143|1, 47875143|781, 47876369|1103, 47876409|1180, 47876409|4002, org.catrobat.catroid, 
47876489|1, 47876489|1283, 47876552|1320, 47876672|1434, 47876672|1522, 47877191|1591, 47877191|1627, 47877750|1684, 47877750|1728, 47877916|1808, 47878082|1836, 47879005|1910, 47880387|1971, 47880387|2045, 47880914|2105, 47880954|2148, 47880954|2192, 47881226|2257, 47881386|2314, 47881546|2370, 47882070|2443, 47888765|2998, 47888765|3132, 47888805|3271, 47888805|4005, com.ebay.mobile, 
47889245|1, 47889245|3038, 47892770|3049, 47892770|3279, 47893170|3303, 47893170|3700, 47893378|3747, 47893378|3767, 47893478|3805, 47893708|3831, 47893708|3844, 47893999|3855, 47894119|3869, 47894119|3881, 47894364|3900, 47894954|3912, 47895064|3924, 47895064|3935, 47896297|3950, 47896297|3962, 47896489|3974, 47896529|3990, 47896529|4004, at.DiTronic.androidgroup.randomgallery, 
47897421|1, 47897421|1143, 47898035|1593, 47898035|1867, 47898213|2167, 47900893|2282, 47901273|2353, 47901672|2400, 47902644|2447, 47904559|2500, 47904694|2571, 47904763|2627, 47904763|4005, com.android.chrome, 
47905243|1, 47905243|2855, 47906864|3077, 47906864|3178, 47907532|3242, 47907532|3272, 47907652|3296, 47907652|4006, air.com.hypah.io.slither, 
47909328|1, 47909328|204, 47909388|240, 47909388|250, 47909669|279, 47909669|323, 47909789|335, 47909789|392, 47913522|442, 47913522|572, 47913882|737, 47913882|1064, 47914046|1160, 47914386|1205, 47914386|1270, 47915108|1373, 47915108|1503, 47915148|1558, 47915148|4010, org.catrobat.catroid, 
47915228|1, 47915228|1044, 47915350|1088, 47915410|1158, 47915410|1200, 47915450|1211, 47916011|1276, 47916485|1324, 47918241|1398, 47918301|1413, 47918781|1429, 47919015|1480, 47919175|1572, 47919507|1622, 47920420|1653, 47922933|1711, 47923099|1746, 47923139|1778, 47924622|1840, 47924662|1866, 47925455|1903, 47925621|1938, 47925661|1972, 47926451|2006, 47926451|2698, 47926491|2711, 47926491|3006, 47926531|3019, 47926531|3088, 47927321|3108, 47927361|3130, 47927361|3155, 47927461|3177, 47927461|3212, 47928101|3228, 47928917|3239, 47928917|3329, 47928957|3345, 47929217|3376, 47929217|3413, 47929842|3456, 47929842|3530, 47929882|3546, 47929882|3558, 47930042|3570, 47930042|3581, 47930964|3606, 47932417|3619, 47932417|3729, 47932457|3741, 47933050|3762, 47933050|3813, 47933090|3824, 47933090|4011, com.dropbox.android, 
47937007|1, 47937007|2869, 47937087|2905, 47937296|2956, 47937296|2996, 47937356|3030, 47937356|3046, 47937396|3059, 47937654|3071, 47937654|3090, 47937894|3104, 47938019|3117, 47939265|3131, 47939265|3144, 47939375|3156, 47939375|3220, 47939415|3230, 47939415|3455, 47939495|3468, 47939573|3481, 47939573|3934, 47939662|3952, 47939662|4005, com.google.android.apps.photos, 
47939911|1, 47939911|718, 47939985|782, 47940045|859, 47940475|1047, 47940475|1138, 47940935|1247, 47940935|1556, 47941055|1692, 47941055|2870, 47941111|2897, 47941171|2939, 47941947|3074, 47942592|3149, 47942712|3189, 47942712|3293, 47943317|3318, 47943317|3340, 47943437|3359, 47943437|4044, com.scb.breezebanking.hk, 
47943517|1, 47943517|1530, 47944259|1693, 47944259|2058, 47946984|2318, 47947277|2333, 47947727|2378, 47950445|2465, 47950727|2509, 47951579|2608, 47951619|2664, 47951619|4012, com.android.chrome, 
47952019|1, 47952019|1066, 47952137|1103, 47952197|1146, 47952197|1323, 47952456|1334, 47952456|1513, 47952656|1550, 47952656|1600, 47952822|1613, 47952822|1836, 47954224|1846, 47954224|2075, 47954264|2115, 47954264|2301, 47954383|2404, 47954638|2435, 47954878|2484, 47956084|2530, 47956124|2558, 47956124|2843, 47956164|2865, 47956164|4008, com.Slack, 
47957617|1, 47957617|938, 47957817|1060, 47957817|4010, com.whatsapp, 
47957817|1, 47957817|4011, com.android.vending, 
47957817|1, 47957817|2769, 47957877|2796, 47957877|2825, 47957917|2836, 47958304|2852, 47958304|2882, 47958629|2894, 47958629|2916, 47959348|2927, 47959915|2938, 47959985|2949, 47959985|2999, 47960025|3011, 47960025|3262, 47960183|3276, 47960183|3843, 47960272|3861, 47960272|4008, com.google.android.apps.photos, 
47960521|1, 47960521|705, 47960576|729, 47960696|784, 47960696|800, 47960950|818, 47960950|841, 47961030|858, 47961190|878, 47961754|907, 47962013|925, 47962013|942, 47962053|957, 47962053|1031, 47962293|1046, 47962293|1057, 47962333|1073, 47962333|1145, 47962499|1156, 47962499|1361, 47963990|1375, 47963990|1594, 47964030|1611, 47964030|1934, 47964089|1968, 47964149|2009, 47964149|2043, 47964404|2054, 47964404|2072, 47964604|2093, 47964604|2172, 47965810|2191, 47965850|2221, 47965850|2774, 47965890|2798, 47965890|4006, com.Slack, 
47966130|1, 47966130|951, 47966444|1057, 47966644|1135, 47967268|1157, 47967308|1178, 47967308|1268, 47967348|1278, 47967567|1290, 47967567|1422, 47967807|1433, 47967807|1454, 47967847|1466, 47967847|1479, 47968013|1489, 47968013|1629, 47969465|1645, 47969465|1874, 47969505|1891, 47969505|2237, 47969565|2271, 47969565|2304, 47969820|2323, 47969820|2348, 47970020|2397, 47971266|2538, 47971266|2643, 47971306|2686, 47971306|4004, com.Slack, 
47971546|1, 47971546|2440, 47973279|2756, 47973279|3055, 47973344|3089, 47973409|3144, 47973469|3182, 47973469|3227, 47973730|3251, 47973850|3262, 47973850|3402, 47973975|3422, 47978637|3482, 47978637|3565, 47978677|3596, 47978677|4022, air.com.hypah.io.slither, 
47978837|1, 47978837|231, 47978910|337, 47978910|401, 47978970|425, 47978970|532, 47979261|545, 47979261|574, 47979506|599, 47980084|631, 47980084|704, 47980194|723, 47980194|745, 47980254|764, 47980254|848, 47980406|907, 47980406|979, 47980446|1057, 47980687|1094, 47980687|1192, 47980727|1208, 47984498|1245, 47984498|1363, 47984559|1441, 47984660|1554, 47985835|1654, 47986626|1726, 47986966|1787, 47987203|1832, 47987383|1862, 47987503|1889, 47988371|1935, 47989641|2055, 47990139|2066, 47990139|2077, 47991092|2095, 47993608|2128, 47994356|2167, 47995005|2245, 47995005|2332, 47995171|2352, 47995171|2369, 47996081|2398, 47996161|2438, 47996201|2474, 47997657|2524, 47997657|2562, 47997697|2585, 47998242|2628, 47998322|2644, 47998322|2674, 47999112|2686, 47999112|2712, 47999180|2725, 47999248|2755, 47999308|2767, 47999308|2809, 47999388|2820, 47999388|2866, 47999468|2879, 47999468|2892, 48000921|2932, 48001634|2962, 48001894|2977, 48001894|3252, 48002094|3269, 48002094|3281, 48002174|3294, 48002174|3317, 48004522|3336, 48004522|3551, 48004562|3565, 48004562|3653, 48004722|3672, 48005566|3684, 48006173|3695, 48006173|4002, com.dropbox.android, 
48013029|1, 48013029|2814, 48014650|2980, 48014650|3109, 48015438|3158, 48015438|4017, air.com.hypah.io.slither, 
48019564|1, 48019564|1013, 48019624|1070, 48019624|1107, 48020201|1214, 48020201|1258, 48020805|1307, 48020805|1327, 48021064|1338, 48021064|1441, 48021104|1450, 48021304|1464, 48021304|1521, 48021470|1534, 48021470|1662, 48022937|1673, 48022937|1903, 48022977|1914, 48022977|2272, 48023037|2318, 48023532|2391, 48023532|2531, 48024738|2556, 48024778|2577, 48024778|3302, 48024818|3337, 48024818|4003, com.Slack, 
48025058|1, 48025058|991, 48025119|1006, 48025367|1084, 48026077|1152, 48026471|1182, 48026471|1205, 48027211|1331, 48027915|1364, 48028538|1421, 48031313|1541, 48032487|1599, 48033942|1752, 48033942|1805, 48034228|1894, 48035061|1933, 48035061|1969, 48035227|1987, 48036137|2031, 48037553|2072, 48037553|2157, 48037633|2169, 48038218|2196, 48038218|2277, 48038298|2297, 48038358|2318, 48039148|2334, 48039148|2390, 48039188|2404, 48039228|2427, 48039228|2441, 48039836|2453, 48040681|2466, 48040681|2500, 48040721|2511, 48040761|2524, 48041574|2538, 48041574|2581, 48041654|2593, 48041654|2807, 48041854|2824, 48042816|2861, 48043678|2885, 48044282|2907, 48044282|3154, 48044322|3166, 48044322|4010, com.dropbox.android, 
48048174|1, 48048174|2921, 48051689|2936, 48051689|3081, 48052089|3097, 48052089|3601, 48052163|3671, 48052223|3719, 48052553|3741, 48052553|3752, 48052844|3772, 48052964|3795, 48052964|3806, 48053209|3817, 48055143|3845, 48055143|3863, 48055183|3874, 48055375|3888, 48055415|3914, 48055415|4004, at.DiTronic.androidgroup.randomgallery, 
48056383|1, 48056383|2477, 48056423|2534, 48056512|2568, 48056552|2595, 48056552|2967, 48056612|2989, 48056612|3046, 48056910|3073, 48057235|3181, 48058591|3257, 48058591|3334, 48058631|3357, 48058631|3552, 48058720|3573, 48058720|3593, 48058918|3618, 48058918|4001, com.google.android.apps.photos, 
48059167|1, 48059167|861, 48059243|914, 48059243|4005, com.whatsapp, 
48059243|1, 48059243|1065, 48059307|1103, 48059431|1177, 48059811|1253, 48059811|1292, 48060493|1336, 48060533|1393, 48060533|1490, 48060573|1556, 48060573|4003, org.catrobat.catroid, 
48060653|1, 48060653|2864, 48064168|2890, 48064168|3018, 48064368|3030, 48064608|3045, 48064608|3511, 48064814|3574, 48064874|3605, 48065144|3620, 48065435|3632, 48065435|3644, 48065555|3667, 48067624|3687, 48067624|3697, 48067734|3709, 48067734|3736, 48067966|3757, 48067966|4012, at.DiTronic.androidgroup.randomgallery, 
48069087|1, 48069087|4001, com.android.vending, 
48069167|1, 48069167|659, 48069241|738, 48069301|792, 48069731|957, 48069731|1233, 48070151|1508, 48070191|1579, 48070191|2002, 48070351|2188, 48070351|3184, 48070407|3215, 48070407|3232, 48071323|3326, 48071323|3375, 48071363|3394, 48071968|3439, 48072088|3502, 48072088|3555, 48072693|3575, 48072813|3614, 48072813|4001, com.scb.breezebanking.hk, 
48072893|1, 48072893|819, 48073079|951, 48073194|1050, 48073194|1075, 48073707|1099, 48073707|1126, 48074113|1157, 48074511|1170, 48074511|1201, 48074551|1215, 48074671|1230, 48074751|1244, 48074751|1255, 48074917|1266, 48074917|1311, 48074957|1325, 48074957|1380, 48076231|1392, 48076231|1569, 48076271|1583, 48076271|2260, 48076390|2357, 48076390|2376, 48076645|2389, 48076645|2413, 48076845|2424, 48076845|2526, 48078051|2538, 48078051|2556, 48078091|2594, 48078091|3070, 48078131|3093, 48078131|4010, com.Slack, 
48078371|1, 48078371|3145, 48078491|3317, 48079992|3392, 48080052|3427, 48080760|3465, 48080880|3488, 48081540|3543, 48081620|3606, 48081620|3619, 48081700|3668, 48081780|3693, 48081780|3727, 48081820|3752, 48081820|3785, 48081900|3806, 48081940|3846, 48081980|3865, 48081980|4004, air.com.hypah.io.slither, 
48087026|1, 48087026|1602, 48087090|1656, 48087412|1759, 48087532|1816, 48087532|1866, 48088928|1958, 48088928|1978, 48088968|2010, 48088968|2389, 48089134|2429, 48089134|3683, 48091504|3732, 48091565|3758, 48091625|3769, 48091625|3805, 48091884|3819, 48091884|3844, 48091924|3856, 48092004|3867, 48092889|3879, 48092889|3891, 48093007|3904, 48093007|3940, 48093133|3953, 48093133|3964, 48093259|3986, 48093259|4012, com.google.android.apps.docs, 
48093419|1, 48093419|1319, 48093741|1398, 48095179|1533, 48095257|1635, 48095257|1891, 48095423|1923, 48095423|3120, 48097792|3188, 48098171|3251, 48099056|3276, 48099174|3302, 48099174|3330, 48099300|3341, 48099300|3392, 48099426|3404, 48099426|4004, com.google.android.apps.docs, 
48099586|1, 48099586|746, 48099720|798, 48099990|863, 48100190|996, 48100650|1116, 48100650|1521, 48100770|1593, 48100770|2769, 48100886|2835, 48101160|2861, 48101160|2887, 48101702|2903, 48101702|2926, 48101742|2970, 48102347|3000, 48102467|3047, 48102467|3086, 48103072|3099, 48103072|3113, 48103192|3137, 48103192|4019, com.scb.breezebanking.hk, 
48103272|1, 48103272|1785, 48103548|1848, 48103668|1862, 48103668|1902, 48104222|1913, 48104222|1948, 48104462|1960, 48104462|1971, 48104607|1982, 48104752|1994, 48106398|2006, 48106398|2197, 48106478|2213, 48106634|2226, 48106634|2285, 48106674|2296, 48106714|2309, 48106754|2320, 48106754|2423, 48106794|2434, 48106920|2456, 48106920|3608, 48107000|3630, 48107086|3662, 48107086|4063, com.google.android.music, 
48109643|1, 48109643|902, 48109707|950, 48110211|1167, 48110933|1205, 48110933|1330, 48110973|1396, 48110973|4004, org.catrobat.catroid, 
48111053|1, 48111053|715, 48111113|761, 48111493|887, 48112215|941, 48112215|1014, 48112255|1088, 48112255|4006, org.catrobat.catroid, 
48112375|1, 48112375|4008, com.android.vending, 
48112375|1, 48112375|841, 48112435|885, 48112815|969, 48113537|1066, 48113537|1244, 48113577|1328, 48113577|4006, org.catrobat.catroid, 
48113657|1, 48113657|794, 48113791|864, 48114061|905, 48114181|1084, 48114181|1164, 48114641|1252, 48114641|1620, 48114681|1632, 48114721|1644, 48114761|1677, 48114761|2321, 48114817|2397, 48114817|2421, 48114877|2438, 48114877|2468, 48115151|2486, 48115653|2503, 48115653|2551, 48116298|2574, 48116298|2600, 48116378|2620, 48116378|2717, 48116983|2792, 48116983|2825, 48117103|3032, 48117103|4010, com.scb.breezebanking.hk, 
48117183|1, 48117183|2750, 48117223|2764, 48117312|2786, 48117312|2897, 48117532|2917, 48117532|2969, 48117572|2980, 48117830|3003, 48118155|3051, 48119401|3070, 48119511|3083, 48119511|3145, 48119551|3156, 48119551|3465, 48119709|3476, 48119709|3588, 48119749|3611, 48119749|3775, 48119838|3791, 48119838|4010, com.google.android.apps.photos, 
48120087|1, 48120087|2229, 48120150|2245, 48120150|2258, 48120213|2282, 48120273|2325, 48120813|2347, 48120813|2545, 48120893|2598, 48120893|4006, com.sometimeswefly.littlealchemy, 
48120973|1, 48120973|1926, 48121043|1950, 48121113|1962, 48121113|1976, 48121571|2088, 48121571|2141, 48121736|2226, 48122329|2283, 48122329|2310, 48122369|2321, 48122429|2393, 48122969|2446, 48122969|2645, 48123049|2669, 48123049|4039, com.sometimeswefly.littlealchemy, 
48123129|1, 48123129|2082, 48123258|2175, 48123258|2509, 48123298|2544, 48123298|2814, 48123358|2837, 48123358|2892, 48123398|2907, 48123656|2941, 48123856|2953, 48123981|2980, 48125227|2991, 48125227|3001, 48125297|3014, 48125297|3070, 48125337|3082, 48125337|3143, 48125426|3154, 48125426|3371, 48125624|3388, 48125624|4004, com.google.android.apps.photos, 
48125873|1, 48125873|1002, 48125949|1049, 48125949|4004, com.whatsapp, 
48125949|1, 48125949|1279, 48126013|1367, 48126073|1410, 48126113|1445, 48126455|1519, 48127891|1675, 48127891|1859, 48128057|1904, 48128057|2976, 48128117|3035, 48128376|3096, 48128496|3139, 48129381|3173, 48129381|3185, 48131808|3202, 48131808|3229, 48131934|3245, 48131934|3526, 48132060|3537, 48132060|4010, com.google.android.apps.docs, 
48132220|1, 48132220|1453, 48132834|1597, 48132834|2151, 48133293|2427, 48136365|2560, 48137379|2660, 48139294|2727, 48139492|2810, 48139492|2856, 48139561|2879, 48139561|4010, com.android.chrome, 
48139961|1, 48139961|1200, 48140449|1385, 48140449|1827, 48140509|1935, 48142465|1993, 48143309|2055, 48143459|2109, 48146960|2240, 48147752|2337, 48147752|2367, 48147792|2392, 48147792|4012, com.android.chrome, 
48148032|1, 48148032|663, 48148108|674, 48148108|4012, com.whatsapp, 
