526703|1, 526703|1297, 526704|1377, 526705|1491, 526705|1604, 526707|1686, 526707|1886, 526711|1975, 526713|2037, 526713|2065, 526714|2087, 526714|2209, 526718|2292, 526718|2392, 526734|2548, 526734|2712, 526737|2900, 526737|3046, 526740|3243, 526747|3382, 526747|3538, 526749|3562, 526749|3726, 526759|3786, 526760|4025, com.ebay.mobile, 
526801|1, 526801|789, 526803|868, 526804|896, 526810|963, 526812|1042, 526813|1063, 526813|1127, 526816|1259, 526822|1505, 526822|1541, 526823|1613, 526823|2053, 526824|2065, 526824|2276, 526826|2289, 526826|2579, 526827|2598, 526828|2657, 526828|2872, 526829|2902, 526831|2942, 526831|3092, 526834|3133, 526834|3704, 526835|3715, 526835|4006, com.sololearn.cplusplus, 
526841|1, 526841|264, 526842|280, 526843|301, 526843|330, 526844|348, 526845|381, 526848|403, 526849|422, 526850|443, 526851|468, 526851|485, 526852|504, 526852|4006, com.ted.android.conference, 
526869|1, 526869|1283, 526870|1319, 526871|1381, 526871|1399, 526872|1423, 526872|1471, 526873|1487, 526877|1512, 526879|1537, 526885|1598, 526888|1635, 526894|1737, 526903|1778, 526908|1827, 526908|1879, 526909|1892, 526912|1909, 526912|1922, 526915|1938, 526919|1978, 526919|2009, 526920|2026, 526925|2055, 526929|2083, 526943|2259, 526943|2330, 526947|2382, 526950|2449, 526953|2700, 526953|2763, 526955|2845, 526956|2882, 526956|3132, 526959|3147, 526959|3331, 526962|3346, 526963|3356, 526964|3368, 526964|3644, 526965|3659, 526965|3889, 526967|3929, 526968|3944, 526968|4003, com.dropbox.android, 
527005|1, 527005|904, 527007|934, 527007|1088, 527008|1161, 527009|1204, 527013|1294, 527017|1352, 527035|1445, 527035|1491, 527052|1610, 527052|2133, 527055|2197, 527059|2214, 527062|2227, 527064|2263, 527065|2286, 527067|2307, 527068|2333, 527068|2385, 527075|2402, 527075|2413, 527076|2425, 527076|2470, 527079|2492, 527079|2538, 527084|2559, 527084|2684, 527086|2696, 527086|2713, 527090|2754, 527090|2770, 527092|2787, 527094|2807, 527098|2828, 527098|2865, 527099|2889, 527099|2998, 527103|3020, 527105|3046, 527105|3078, 527109|3103, 527111|3115, 527111|3173, 527114|3184, 527114|3209, 527115|3224, 527115|3451, 527119|3465, 527119|3479, 527121|3505, 527121|3862, 527124|3879, 527125|3891, 527126|3903, 527126|4009, com.dropbox.android, 
527156|1, 527156|2426, 527157|2440, 527157|2703, 527158|2721, 527158|2937, 527160|2949, 527160|3141, 527161|3156, 527161|3344, 527163|3356, 527163|3552, 527166|3565, 527166|3746, 527167|3759, 527168|3772, 527168|3951, 527169|3978, 527169|4005, com.bankofamerica.cashpromobile, 
527180|1, 527180|1948, 527182|1966, 527182|1978, 527183|1992, 527183|2052, 527185|2064, 527185|4004, com.android.chrome, 
527187|1, 527187|635, 527189|663, 527189|694, 527199|848, 527199|930, 527205|1148, 527205|1246, 527206|1277, 527206|1348, 527207|1457, 527207|1644, 527208|1695, 527209|1729, 527209|1992, 527210|2004, 527211|2032, 527211|2296, 527214|2319, 527214|2607, 527217|2653, 527217|3114, 527218|3132, 527218|4003, com.sololearn.cplusplus, 
527224|1, 527224|4005, com.google.android.gm, 
527224|1, 527224|2261, 527225|2291, 527225|2301, 527226|2311, 527226|2350, 527227|2360, 527228|2371, 527228|2391, 527231|2407, 527231|2512, 527233|2527, 527235|2561, 527235|2627, 527236|2646, 527237|2657, 527237|2691, 527240|2712, 527241|2726, 527241|2738, 527247|2754, 527247|2779, 527253|2801, 527259|2817, 527263|2844, 527263|2858, 527265|2874, 527265|2886, 527275|2916, 527276|2939, 527276|3178, 527277|3219, 527277|3229, 527278|3239, 527278|3276, 527280|3286, 527280|3315, 527283|3327, 527283|3348, 527284|3359, 527284|3378, 527285|3392, 527297|3408, 527297|3602, 527299|3613, 527299|3683, 527302|3701, 527302|4148, com.google.android.music, 
527358|1, 527358|1890, 527359|1937, 527359|2067, 527361|2089, 527361|2280, 527362|2294, 527362|2480, 527364|2493, 527364|2692, 527369|2705, 527369|2889, 527370|2901, 527370|2920, 527371|2930, 527371|3101, 527374|3119, 527374|3923, 527375|3946, 527377|3975, 527377|4029, com.bankofamerica.cashpromobile, 
527395|1, 527395|2406, 527397|2416, 527397|2437, 527400|2456, 527400|2469, 527403|2491, 527403|2500, 527404|2513, 527404|2825, 527406|2860, 527406|4001, com.google.android.keep, 
527408|1, 527408|4006, com.ted.android.conference, 
527408|1, 527408|1330, 527409|1356, 527410|1384, 527417|1480, 527418|1532, 527418|1641, 527419|1656, 527419|4007, org.catrobat.catroid, 
527421|1, 527421|1103, 527422|1156, 527423|1177, 527423|1221, 527424|1263, 527437|1348, 527450|1383, 527454|1410, 527454|1432, 527464|1464, 527469|1539, 527469|1552, 527474|1574, 527475|1619, 527478|1654, 527481|1691, 527483|1760, 527484|1832, 527486|1885, 527487|1959, 527496|2019, 527498|2052, 527500|2080, 527502|2104, 527502|2141, 527505|2155, 527506|2169, 527507|2180, 527508|2234, 527508|2347, 527510|2360, 527510|2373, 527512|2391, 527514|2406, 527515|2421, 527519|2440, 527521|2456, 527523|2473, 527523|2489, 527525|2537, 527525|2768, 527530|2793, 527533|2809, 527533|2825, 527535|2839, 527535|2966, 527539|2978, 527539|2989, 527540|3000, 527541|3017, 527541|3047, 527543|3059, 527543|3187, 527547|3210, 527547|3232, 527549|3248, 527549|3557, 527551|3570, 527551|3591, 527553|3603, 527555|3613, 527555|4005, com.dropbox.android, 
527591|1, 527591|1047, 527595|1248, 527600|1426, 527600|2217, 527611|2376, 527619|2484, 527620|2570, 527620|2619, 527633|2702, 527639|2802, 527639|4008, com.android.chrome, 
527643|1, 527643|4001, at.DiTronic.androidgroup.randomgallery, 
527682|1, 527682|848, 527686|1003, 527693|1122, 527693|1435, 527695|1459, 527696|1492, 527696|3140, 527697|3176, 527702|3238, 527704|3339, 527705|3381, 527708|3444, 527708|3506, 527709|3518, 527709|3565, 527712|3596, 527712|4006, com.scb.breezebanking.hk, 
527714|1, 527714|1194, 527717|1478, 527725|1649, 527725|2474, 527727|2509, 527727|2532, 527731|2566, 527739|2600, 527742|2668, 527742|2836, 527746|2959, 527749|3032, 527749|3801, 527750|3828, 527750|3858, 527751|3882, 527751|4009, com.android.chrome, 
527759|1, 527759|2179, 527761|2192, 527761|2223, 527764|2241, 527764|2252, 527767|2262, 527767|2284, 527768|2295, 527768|2489, 527770|2509, 527770|4007, com.google.android.keep, 
527772|1, 527772|3160, 527773|3172, 527773|3185, 527774|3200, 527774|3243, 527775|3261, 527776|3278, 527776|3309, 527781|3326, 527781|3382, 527782|3409, 527782|3451, 527787|3479, 527789|3502, 527790|3515, 527790|3553, 527791|3565, 527791|3596, 527792|3609, 527793|3624, 527793|3649, 527794|3660, 527794|4007, com.google.android.apps.photos, 
527806|1, 527806|1802, 527808|1880, 527810|1949, 527816|2084, 527821|2185, 527821|2225, 527826|2260, 527826|2441, 527827|2482, 527830|2573, 527832|2772, 527832|3549, 527833|3585, 527833|3629, 527837|3659, 527837|4020, com.sometimeswefly.littlealchemy, 
527841|1, 527841|2218, 527843|2250, 527843|2566, 527845|2584, 527845|4018, com.sometimeswefly.littlealchemy, 
527847|1, 527847|1936, 527851|2021, 527855|2068, 527855|2099, 527861|2110, 527861|2120, 527863|2139, 527871|2156, 527874|2167, 527877|2177, 527877|2187, 527878|2198, 527879|2209, 527879|2258, 527890|2285, 527890|3153, 527893|3186, 527893|4009, com.google.android.music, 
527909|1, 527909|1790, 527910|1806, 527910|1838, 527912|1850, 527912|1872, 527913|1881, 527916|1897, 527916|1911, 527919|1931, 527919|2293, 527920|2303, 527921|2320, 527921|4004, com.google.android.keep, 
527923|1, 527923|1746, 527924|1780, 527924|1963, 527926|1976, 527926|2106, 527928|2117, 527928|2244, 527930|2254, 527930|2419, 527933|2438, 527933|2621, 527935|2634, 527935|2815, 527936|2830, 527936|2852, 527937|2864, 527937|3021, 527939|3035, 527940|3047, 527940|3783, 527941|3818, 527943|3894, 527947|4065, com.bankofamerica.cashpromobile, 
527968|1, 527968|4007, com.ted.android.conference, 
527968|1, 527968|750, 527969|889, 527970|967, 527970|1011, 527974|1094, 527976|1126, 527983|1163, 527985|1215, 527986|1228, 527986|1359, 527987|1371, 527987|1943, 527990|1956, 527990|2080, 527993|2147, 527993|2269, 527995|2390, 527995|2482, 528000|2503, 528000|2515, 528001|2551, 528001|2692, 528003|2704, 528003|2893, 528004|2914, 528004|2960, 528005|2996, 528006|3014, 528006|3092, 528009|3178, 528009|3275, 528014|3289, 528014|3309, 528016|3337, 528016|3364, 528017|3383, 528017|3452, 528019|3485, 528019|3534, 528020|3578, 528021|3605, 528021|4001, com.mxtech.videoplayer.ad, 
528035|1, 528035|636, 528036|686, 528039|699, 528042|735, 528042|873, 528047|1009, 528048|1068, 528054|1099, 528054|1225, 528055|1305, 528055|1472, 528056|1495, 528056|1692, 528058|1705, 528058|2000, 528059|2012, 528059|2023, 528060|2047, 528060|2304, 528062|2339, 528063|2371, 528063|2603, 528064|2623, 528066|2639, 528066|3230, 528067|3241, 528067|4010, com.sololearn.cplusplus, 
528074|1, 528074|4008, com.ted.android.conference, 
528074|1, 528074|1294, 528075|1352, 528075|1418, 528076|1448, 528076|1488, 528078|1516, 528078|1540, 528080|1589, 528080|1606, 528085|1646, 528090|1699, 528090|1786, 528092|1848, 528092|1874, 528094|1905, 528097|1959, 528097|1989, 528100|2035, 528104|2075, 528107|2147, 528107|2171, 528111|2206, 528111|2235, 528113|2290, 528114|2320, 528114|2374, 528115|2395, 528115|2427, 528117|2461, 528117|2502, 528120|2560, 528121|2607, 528126|2679, 528126|2693, 528128|2753, 528133|2967, 528133|3008, 528135|3054, 528139|3133, 528147|3181, 528149|3201, 528150|3236, 528150|3399, 528151|3435, 528152|3458, 528152|3480, 528163|3498, 528163|3562, 528164|3583, 528164|4015, com.ebay.mobile, 
528174|1, 528174|1718, 528175|1728, 528176|1740, 528176|1751, 528179|1769, 528179|1785, 528182|1805, 528182|1815, 528183|1825, 528183|2148, 528186|2162, 528186|4002, com.google.android.keep, 
528188|1, 528188|1044, 528195|1337, 528195|1962, 528196|2054, 528198|2091, 528207|2160, 528213|2274, 528213|2302, 528216|2369, 528217|2410, 528219|2443, 528219|4003, com.android.chrome, 
528221|1, 528221|4010, at.DiTronic.androidgroup.randomgallery, 
528261|1, 528261|542, 528263|612, 528268|664, 528270|770, 528273|902, 528274|945, 528280|1002, 528280|1156, 528282|1253, 528282|1463, 528284|1496, 528284|1774, 528285|1791, 528286|1808, 528286|2082, 528289|2098, 528289|2280, 528291|2307, 528292|2332, 528292|2911, 528293|2924, 528293|4014, com.sololearn.cplusplus, 
528299|1, 528299|850, 528300|898, 528300|925, 528302|952, 528302|971, 528305|989, 528307|1009, 528307|1026, 528308|1039, 528308|1069, 528309|1079, 528309|1157, 528310|1174, 528310|1217, 528311|1237, 528311|4011, com.ted.android.conference, 
528311|1, 528311|798, 528313|818, 528313|845, 528320|895, 528321|914, 528321|983, 528325|1006, 528325|1059, 528326|1095, 528326|1812, 528329|1848, 528329|2050, 528330|2082, 528330|3226, 528331|3264, 528331|3302, 528333|3317, 528333|3337, 528338|3357, 528339|3382, 528339|3468, 528340|3483, 528340|3501, 528342|3518, 528350|3558, 528357|3587, 528357|3619, 528361|3631, 528361|3656, 528366|3666, 528367|3680, 528367|3703, 528371|3719, 528371|3748, 528373|3771, 528373|3783, 528374|3799, 528375|3814, 528375|3846, 528376|3859, 528377|3876, 528377|3897, 528378|3912, 528378|4015, com.mxtech.videoplayer.ad, 
528391|1, 528391|634, 528392|701, 528392|745, 528399|917, 528402|1003, 528402|1111, 528405|1140, 528405|1404, 528412|1420, 528412|2002, 528413|2014, 528413|2043, 528414|2055, 528414|2624, 528416|2728, 528416|2940, 528417|2956, 528418|2974, 528418|3164, 528419|3179, 528421|3195, 528421|3421, 528424|3433, 528424|4006, com.sololearn.cplusplus, 
528431|1, 528431|3517, 528432|3605, 528435|3689, 528438|3791, 528438|3813, 528439|3837, 528442|3971, 528442|4028, air.com.hypah.io.slither, 
528459|1, 528459|2887, 528462|2912, 528462|3123, 528472|3140, 528472|3533, 528474|3544, 528474|3578, 528482|3605, 528485|3616, 528485|3642, 528488|3656, 528488|3814, 528489|3848, 528491|3865, 528496|3907, 528497|3942, 528500|3962, 528502|3976, 528502|3987, 528503|3999, 528503|4013, at.DiTronic.androidgroup.randomgallery, 
528515|1, 528515|736, 528517|902, 528522|1006, 528522|1067, 528525|1247, 528525|1648, 528527|1737, 528528|1846, 528528|3228, 528535|3336, 528537|3435, 528537|3472, 528540|3516, 528540|3593, 528541|3632, 528544|3655, 528544|4015, com.scb.breezebanking.hk, 
528547|1, 528547|4008, com.ted.android.conference, 
528547|1, 528547|2189, 528548|2207, 528548|4010, com.ted.android.conference, 
528549|1, 528549|4005, com.android.vending, 
528549|1, 528549|1183, 528552|1281, 528552|4001, com.whatsapp, 
528552|1, 528552|1813, 528553|1854, 528553|2027, 528555|2038, 528555|2161, 528557|2183, 528557|2367, 528559|2379, 528559|2566, 528562|2578, 528562|2781, 528564|2793, 528564|2990, 528565|3010, 528565|3034, 528566|3051, 528566|3187, 528569|3202, 528569|3918, 528570|3934, 528570|3952, 528572|3990, 528572|4017, com.bankofamerica.cashpromobile, 
528592|1, 528592|2071, 528593|2082, 528594|2101, 528594|2281, 528595|2292, 528595|2490, 528597|2502, 528597|2692, 528602|2703, 528602|2898, 528603|2919, 528603|2930, 528604|2941, 528604|3105, 528607|3130, 528607|3723, 528609|3766, 528609|3924, 528613|3978, 528613|4021, com.bankofamerica.cashpromobile, 
528631|1, 528631|729, 528632|793, 528632|4004, com.whatsapp, 
528632|1, 528632|2254, 528634|2288, 528634|2574, 528636|2640, 528636|4023, com.sometimeswefly.littlealchemy, 
528638|1, 528638|4003, com.google.android.gm, 
528638|1, 528638|1046, 528640|1167, 528640|1234, 528643|1271, 528647|1309, 528647|1324, 528650|1348, 528650|1464, 528655|1503, 528657|1533, 528657|1635, 528660|1661, 528660|1948, 528665|1969, 528665|2269, 528669|2430, 528674|2583, 528693|2698, 528693|2827, 528696|2890, 528698|2921, 528701|2957, 528701|2968, 528703|3025, 528709|3079, 528711|3126, 528715|3171, 528725|3226, 528731|3291, 528731|3941, 528732|3981, 528733|4027, com.android.vending, 
528782|1, 528782|92, 528783|106, 528783|1935, 528784|1947, 528784|1959, 528785|1975, 528785|1985, 528787|1995, 528788|2007, 528788|2120, 528791|2136, 528791|2247, 528793|2307, 528798|2329, 528803|2393, 528818|2503, 528843|2536, 528843|2801, 528845|2816, 528845|3046, 528847|3058, 528847|3083, 528858|3094, 528858|3173, 528860|3187, 528860|4001, com.google.android.keep, 
528865|1, 528865|1727, 528875|1819, 528875|1842, 528876|1861, 528884|1883, 528886|1901, 528889|1915, 528890|1927, 528891|1937, 528891|2017, 528901|2029, 528902|2042, 528902|2914, 528905|2948, 528906|4044, com.google.android.music, 
528935|1, 528935|812, 528939|903, 528944|959, 528948|1011, 528951|1083, 528951|1200, 528952|1213, 528952|1804, 528955|1829, 528955|1957, 528957|2119, 528957|2215, 528959|2278, 528959|2476, 528965|2487, 528965|2500, 528966|2513, 528966|2673, 528967|2685, 528968|2698, 528968|2885, 528969|2897, 528969|3021, 528971|3086, 528973|3122, 528978|3140, 528978|3200, 528979|3223, 528979|3234, 528981|3251, 528982|3274, 528982|3286, 528987|3304, 528987|3346, 528988|3390, 528990|3418, 528990|3439, 528995|3462, 528995|3475, 528996|3487, 528996|3509, 528999|3522, 528999|3536, 529000|3550, 529001|3567, 529001|3593, 529002|3604, 529003|3617, 529003|3729, 529004|3742, 529005|3757, 529005|3860, 529006|3879, 529006|4010, com.mxtech.videoplayer.ad, 
529019|1, 529019|766, 529026|927, 529029|990, 529029|1328, 529030|1453, 529033|1526, 529033|2700, 529036|2769, 529041|2791, 529042|2823, 529043|2871, 529046|2898, 529046|2990, 529047|3009, 529047|3045, 529050|3071, 529050|4009, com.scb.breezebanking.hk, 
529052|1, 529052|785, 529053|836, 529057|877, 529060|914, 529063|974, 529067|1016, 529067|1108, 529068|1126, 529068|1727, 529071|1774, 529071|1894, 529074|1948, 529074|2150, 529076|2193, 529076|2380, 529081|2394, 529081|2431, 529082|2446, 529082|2575, 529083|2590, 529084|2601, 529084|2811, 529085|2840, 529085|2929, 529086|3003, 529088|3063, 529093|3088, 529093|3198, 529095|3247, 529097|3275, 529097|3335, 529103|3369, 529108|3387, 529108|3400, 529109|3414, 529109|3427, 529111|3441, 529111|3467, 529112|3487, 529112|3528, 529115|3548, 529115|3572, 529116|3583, 529116|3596, 529118|3612, 529118|3637, 529119|3647, 529120|3659, 529120|3681, 529121|3693, 529121|4007, com.mxtech.videoplayer.ad, 
529132|1, 529132|2233, 529134|2347, 529134|2572, 529136|2585, 529136|4002, com.sometimeswefly.littlealchemy, 
529138|1, 529138|1298, 529140|1311, 529140|1499, 529145|1515, 529145|1579, 529146|1596, 529146|1731, 529148|1743, 529148|1863, 529149|1880, 529149|2445, 529150|2514, 529152|2548, 529152|2569, 529157|2637, 529159|2684, 529160|2720, 529160|2918, 529161|2947, 529161|4009, com.Slack, 
529168|1, 529168|1292, 529170|1411, 529170|1512, 529174|1558, 529174|1600, 529181|1761, 529184|1879, 529184|2045, 529189|2065, 529191|2087, 529192|2110, 529192|2166, 529196|2229, 529203|2380, 529206|2583, 529211|2660, 529211|2859, 529217|2893, 529217|3033, 529219|3170, 529219|4019, com.ebay.mobile, 
529239|1, 529239|1369, 529243|1449, 529243|1482, 529245|1531, 529254|1613, 529254|1680, 529260|1839, 529263|1878, 529264|1922, 529266|1979, 529268|2036, 529274|2062, 529278|2147, 529281|2235, 529285|2286, 529285|2345, 529289|2484, 529293|2619, 529293|2837, 529294|2878, 529294|4023, com.ebay.mobile, 
529306|1, 529306|4012, com.android.vending, 
529306|1, 529306|4008, com.android.vending, 
529306|1, 529306|805, 529309|905, 529313|940, 529313|955, 529318|972, 529318|1005, 529320|1022, 529320|1040, 529330|1074, 529330|1089, 529331|1099, 529331|1170, 529334|1181, 529339|1205, 529339|1239, 529340|1263, 529340|1313, 529342|1328, 529342|1492, 529343|1506, 529343|2114, 529345|2164, 529345|2178, 529350|2205, 529350|2299, 529352|2310, 529352|2324, 529353|2338, 529353|2616, 529354|2633, 529354|4008, com.Slack, 
529362|1, 529362|706, 529365|772, 529368|853, 529373|929, 529376|1013, 529380|1034, 529380|1098, 529381|1112, 529381|1685, 529384|1735, 529384|1833, 529385|1921, 529385|2126, 529386|2168, 529388|2187, 529392|2238, 529393|2249, 529393|2271, 529395|2283, 529395|2308, 529398|2320, 529398|2441, 529404|2463, 529404|2486, 529405|2497, 529405|2618, 529407|2633, 529407|2801, 529409|2839, 529409|2877, 529411|2920, 529415|2934, 529416|2964, 529416|2977, 529418|2987, 529418|3046, 529420|3063, 529420|3087, 529424|3106, 529424|3117, 529426|3130, 529426|3160, 529427|3175, 529427|3205, 529430|3216, 529430|3249, 529431|3262, 529433|3280, 529433|3306, 529434|3324, 529434|4004, com.mxtech.videoplayer.ad, 
529446|1, 529446|4015, com.ted.android.conference, 
529446|1, 529446|1731, 529448|1806, 529450|1861, 529453|1954, 529459|2122, 529460|2159, 529460|2178, 529461|2220, 529461|2716, 529462|2730, 529462|2762, 529465|2798, 529465|3318, 529469|3401, 529471|3508, 529474|3568, 529495|3683, 529501|3732, 529501|4075, com.google.android.apps.docs, 
529505|1, 529505|4012, com.ted.android.conference, 
529508|1, 529508|669, 529516|820, 529517|881, 529517|955, 529519|978, 529520|1022, 529520|1240, 529526|1264, 529526|1445, 529527|1492, 529527|1564, 529528|1593, 529528|1869, 529530|1883, 529530|2472, 529531|2503, 529531|2550, 529532|2588, 529532|2621, 529533|2678, 529533|2717, 529534|2752, 529536|2784, 529537|2841, 529538|2884, 529538|2953, 529541|2989, 529551|3019, 529577|3051, 529577|3400, 529586|3410, 529586|3494, 529587|3506, 529587|3517, 529590|3528, 529590|4006, com.sololearn.cplusplus, 
529597|1, 529597|1255, 529598|1281, 529598|1324, 529599|1357, 529599|4011, com.google.android.gm, 
529599|1, 529599|2603, 529600|2636, 529600|3178, 529601|3207, 529602|3234, 529602|3273, 529604|3304, 529610|3343, 529612|3377, 529616|3410, 529617|3435, 529617|3495, 529618|3526, 529618|3606, 529619|3638, 529619|3816, 529622|3842, 529622|3980, 529623|3995, 529623|4006, com.google.android.apps.photos, 
529626|1, 529626|4004, com.google.android.gm, 
529626|1, 529626|1752, 529628|1780, 529630|1793, 529630|1828, 529632|1842, 529632|1854, 529634|1873, 529634|1883, 529637|1898, 529640|1913, 529641|1933, 529650|1954, 529656|1977, 529656|1996, 529658|2015, 529658|2036, 529659|2050, 529668|2080, 529669|2123, 529669|3050, 529672|3071, 529672|3864, 529673|3951, 529675|4007, com.google.android.music, 
529702|1, 529702|2598, 529703|2646, 529703|3025, 529704|3037, 529705|3050, 529705|3080, 529711|3093, 529711|3116, 529718|3131, 529720|3142, 529720|3154, 529721|3168, 529721|3422, 529724|3436, 529724|3631, 529725|3641, 529725|4002, com.google.android.apps.photos, 
529728|1, 529728|764, 529729|876, 529737|934, 529739|977, 529740|993, 529740|1044, 529742|1057, 529742|1133, 529743|1158, 529748|1172, 529748|1191, 529749|1201, 529749|1336, 529750|1349, 529751|1360, 529751|1541, 529752|1552, 529752|4013, com.Slack, 
529758|1, 529758|1322, 529759|1440, 529761|1535, 529764|1603, 529764|1708, 529775|1932, 529780|2073, 529780|2129, 529786|2198, 529786|2290, 529792|2353, 529794|2381, 529800|2524, 529802|2589, 529805|2673, 529809|2791, 529809|2950, 529812|2996, 529812|3191, 529813|3273, 529813|4024, com.ebay.mobile, 
529840|1, 529840|4005, com.google.android.gm, 
529840|1, 529840|3353, 529842|3482, 529857|3816, 529861|3864, 529862|3888, 529863|3909, 529863|3952, 529865|3989, 529866|4006, air.com.hypah.io.slither, 
529926|1, 529926|1211, 529927|1235, 529927|4011, com.google.android.gm, 
529927|1, 529927|4004, com.google.android.gm, 
529927|1, 529927|1230, 529931|1339, 529936|1433, 529937|1472, 529937|1591, 529938|1610, 529938|4004, org.catrobat.catroid, 
529940|1, 529940|825, 529941|911, 529942|970, 529944|1073, 529949|1133, 529952|1177, 529956|1228, 529956|1313, 529957|1325, 529957|1983, 529960|2001, 529960|2221, 529961|2260, 529961|2317, 529962|2428, 529962|2532, 529964|2554, 529964|2729, 529969|2763, 529969|2809, 529970|2831, 529970|2946, 529972|2960, 529972|3148, 529973|3160, 529973|3258, 529975|3342, 529976|3372, 529976|3385, 529980|3419, 529980|3434, 529981|3453, 529981|3465, 529984|3496, 529988|3522, 529988|3546, 529989|3557, 529989|3621, 529991|3631, 529992|3645, 529998|3662, 529998|3684, 530000|3705, 530000|3720, 530002|3731, 530002|3765, 530003|3777, 530003|3805, 530005|3818, 530005|3839, 530006|3851, 530006|3880, 530007|3895, 530009|3916, 530009|3951, 530010|3967, 530010|3983, 530012|4000, 530012|4013, com.mxtech.videoplayer.ad, 
530024|1, 530024|2978, 530027|2994, 530027|3199, 530030|3210, 530037|3242, 530037|4004, at.DiTronic.androidgroup.randomgallery, 
530068|1, 530068|1873, 530072|1902, 530072|1916, 530078|1946, 530078|1967, 530088|1986, 530088|1998, 530090|2011, 530092|2023, 530094|2036, 530095|2047, 530096|2056, 530096|2090, 530107|2111, 530107|3015, 530110|3036, 530110|4034, com.google.android.music, 
530139|1, 530139|2007, 530140|2023, 530142|2043, 530142|2061, 530145|2079, 530145|2101, 530148|2116, 530148|2127, 530149|2139, 530149|2339, 530151|2371, 530151|4011, com.google.android.keep, 
530153|1, 530153|1206, 530154|1378, 530155|1417, 530158|1529, 530166|1613, 530166|1993, 530170|2064, 530170|3401, 530172|3413, 530172|3462, 530174|3475, 530174|3508, 530177|3521, 530182|3535, 530182|3546, 530185|3558, 530185|3582, 530186|3592, 530189|3603, 530189|3627, 530192|3640, 530192|4012, com.google.android.apps.docs, 
530200|1, 530200|1949, 530203|1960, 530204|1981, 530204|2001, 530210|2013, 530210|2046, 530220|2059, 530220|2072, 530226|2087, 530226|2107, 530228|2120, 530228|2166, 530238|2177, 530239|2188, 530239|2984, 530242|2996, 530242|4012, com.google.android.music, 
530272|1, 530272|758, 530276|840, 530279|938, 530281|958, 530282|973, 530282|995, 530284|1038, 530284|1062, 530285|1146, 530291|1237, 530291|1398, 530292|1484, 530292|1612, 530293|1640, 530293|1821, 530294|1837, 530295|1862, 530295|2137, 530296|2152, 530297|2173, 530297|2441, 530299|2463, 530300|2490, 530300|2617, 530303|2650, 530303|3159, 530304|3172, 530304|4009, com.sololearn.cplusplus, 
530310|1, 530310|2546, 530311|2585, 530311|2666, 530313|2678, 530313|2712, 530319|2730, 530319|2758, 530326|2770, 530326|2880, 530327|2896, 530327|3140, 530330|3194, 530330|3539, 530331|3554, 530331|4005, com.google.android.apps.photos, 
530334|1, 530334|1790, 530335|1801, 530335|1832, 530336|1845, 530336|1990, 530338|2003, 530338|2115, 530340|2155, 530340|2324, 530342|2337, 530342|2535, 530345|2546, 530345|2741, 530347|2755, 530347|2938, 530348|2951, 530348|2972, 530349|2983, 530349|3143, 530352|3156, 530352|3860, 530353|3905, 530353|3930, 530354|3952, 530356|4017, com.bankofamerica.cashpromobile, 
530377|1, 530377|802, 530379|884, 530384|971, 530389|1032, 530389|1085, 530392|1102, 530392|1153, 530393|1172, 530393|1824, 530396|1837, 530396|1951, 530398|2025, 530398|2170, 530399|2194, 530399|2220, 530400|2255, 530400|2380, 530405|2392, 530405|2439, 530406|2454, 530406|2590, 530408|2605, 530408|2796, 530409|2808, 530409|2910, 530410|2996, 530412|3060, 530417|3102, 530417|3218, 530419|3244, 530421|3278, 530421|3293, 530425|3311, 530425|3324, 530426|3343, 530429|3386, 530429|3412, 530434|3424, 530434|3448, 530435|3469, 530435|3480, 530437|3491, 530437|3504, 530438|3518, 530440|3540, 530440|3569, 530442|3584, 530442|3618, 530443|3630, 530443|3641, 530444|3666, 530445|3686, 530445|4001, com.mxtech.videoplayer.ad, 
530458|1, 530458|751, 530460|780, 530465|853, 530468|955, 530471|972, 530471|1038, 530472|1058, 530472|1617, 530475|1670, 530475|1772, 530476|1833, 530476|2308, 530478|2324, 530478|2518, 530485|2540, 530485|2562, 530486|2573, 530486|2697, 530487|2745, 530491|2814, 530495|2842, 530495|2888, 530497|2906, 530497|2924, 530498|2935, 530500|2975, 530500|3002, 530504|3028, 530505|3061, 530505|3080, 530507|3096, 530507|3130, 530511|3144, 530512|3156, 530512|3169, 530514|3186, 530514|3199, 530515|3211, 530516|3234, 530517|3247, 530517|3275, 530518|3292, 530519|3307, 530519|3335, 530520|3350, 530521|3368, 530521|3391, 530522|3404, 530522|4001, com.mxtech.videoplayer.ad, 
530534|1, 530534|1309, 530536|1406, 530536|1502, 530538|1524, 530542|1549, 530544|1619, 530550|1688, 530561|1736, 530565|1814, 530587|1949, 530590|2019, 530592|2053, 530593|2068, 530593|2144, 530594|2182, 530599|2218, 530601|2243, 530603|2274, 530607|2299, 530609|2345, 530612|2398, 530612|2498, 530615|2517, 530616|2535, 530619|2566, 530619|2590, 530621|2603, 530621|2628, 530624|2643, 530624|2672, 530627|2726, 530627|2796, 530629|2807, 530629|2848, 530630|2863, 530630|2876, 530631|2903, 530632|2918, 530634|2948, 530634|2964, 530636|2981, 530636|2991, 530638|3005, 530638|3029, 530640|3047, 530640|3059, 530641|3072, 530641|3105, 530645|3123, 530645|3329, 530652|3360, 530652|3403, 530654|3415, 530656|3433, 530656|3643, 530657|3656, 530657|3721, 530660|3735, 530660|3751, 530662|3762, 530662|4009, com.dropbox.android, 
530691|1, 530691|1163, 530694|1391, 530694|1448, 530698|1486, 530698|1562, 530709|1674, 530710|1740, 530711|1787, 530711|1819, 530714|1855, 530714|1935, 530715|1961, 530716|1985, 530720|2002, 530720|2027, 530722|2057, 530725|2142, 530729|2230, 530734|2304, 530734|2345, 530738|2399, 530741|2450, 530744|2502, 530750|2572, 530754|2618, 530758|2766, 530758|2811, 530759|2836, 530759|2983, 530763|3044, 530763|3207, 530764|3266, 530764|3721, 530765|3732, 530765|4005, com.ebay.mobile, 
530780|1, 530780|1623, 530782|1632, 530782|1661, 530785|1678, 530785|1704, 530786|1720, 530788|1735, 530789|1745, 530789|2025, 530791|2038, 530791|4001, com.google.android.keep, 
530793|1, 530793|1227, 530795|1327, 530795|1458, 530802|1516, 530802|1574, 530807|1716, 530807|1774, 530810|1845, 530820|2020, 530824|2142, 530825|2214, 530825|2234, 530829|2263, 530835|2447, 530841|2587, 530841|2756, 530843|2787, 530843|4004, com.ebay.mobile, 
530855|1, 530855|2719, 530863|2932, 530863|3110, 530864|3141, 530867|3191, 530867|3841, 530868|3864, 530868|4012, air.com.hypah.io.slither, 
530884|1, 530884|2072, 530886|2092, 530886|2128, 530890|2139, 530890|2162, 530891|2173, 530896|2187, 530900|2198, 530905|2212, 530912|2236, 530912|2256, 530914|2271, 530914|2318, 530925|2336, 530925|3366, 530928|3381, 530928|4005, com.google.android.music, 
530969|1, 530969|4003, com.android.vending, 
530971|1, 530971|754, 530979|887, 530979|1066, 530980|1195, 530982|1300, 530982|2514, 530985|2591, 530985|3270, 530986|3337, 530993|3392, 530993|3414, 530994|3456, 530994|3474, 530995|3511, 530998|3566, 530998|3642, 530999|3660, 530999|3696, 531002|3718, 531002|4019, com.scb.breezebanking.hk, 
531004|1, 531004|2278, 531006|2341, 531008|2389, 531008|2593, 531010|2666, 531010|3042, 531011|3092, 531012|3117, 531012|3136, 531016|3164, 531016|3183, 531018|3215, 531018|4013, com.sometimeswefly.littlealchemy, 
531024|1, 531024|713, 531025|791, 531030|860, 531035|931, 531036|946, 531036|976, 531041|1008, 531041|1077, 531042|1096, 531042|1621, 531045|1675, 531045|1844, 531046|1925, 531046|2241, 531047|2262, 531048|2284, 531048|2420, 531050|2434, 531050|2632, 531056|2645, 531056|2668, 531057|2679, 531057|2782, 531058|2811, 531060|2849, 531062|2898, 531063|2912, 531063|2925, 531068|2941, 531068|3003, 531069|3018, 531071|3044, 531072|3066, 531073|3080, 531073|3094, 531077|3116, 531077|3178, 531079|3213, 531079|3233, 531081|3280, 531087|3299, 531088|3312, 531088|3331, 531091|3349, 531091|3369, 531092|3395, 531093|3421, 531093|3432, 531094|3448, 531096|3474, 531096|3492, 531097|3503, 531097|3515, 531098|3527, 531098|3545, 531099|3578, 531099|4010, com.mxtech.videoplayer.ad, 
531112|1, 531112|1362, 531113|1505, 531118|1650, 531128|1781, 531128|2194, 531131|2230, 531131|2727, 531132|2781, 531137|2867, 531141|2936, 531146|2969, 531146|2993, 531152|3189, 531152|4004, com.google.android.apps.docs, 
531156|1, 531156|612, 531157|641, 531157|680, 531162|740, 531162|862, 531166|913, 531167|946, 531167|982, 531175|1126, 531175|1236, 531176|1296, 531176|1453, 531177|1520, 531177|1790, 531178|1802, 531179|1816, 531179|2101, 531180|2113, 531181|2136, 531181|2396, 531184|2414, 531184|2611, 531187|2634, 531187|3123, 531188|3143, 531188|4008, com.sololearn.cplusplus, 
531194|1, 531194|1933, 531195|1946, 531195|2099, 531197|2113, 531197|2528, 531199|2539, 531199|2833, 531201|2846, 531201|3143, 531207|3158, 531207|3454, 531208|3502, 531208|3566, 531209|3605, 531209|3775, 531212|3795, 531212|4001, com.bankofamerica.cashpromobile, 
531238|1, 531238|1129, 531242|1223, 531248|1359, 531248|1449, 531249|1521, 531249|4001, org.catrobat.catroid, 
531251|1, 531251|1247, 531253|1346, 531254|1372, 531254|4004, com.whatsapp, 
531254|1, 531254|748, 531256|846, 531256|1044, 531257|1094, 531258|1109, 531258|1271, 531263|1286, 531264|1306, 531264|1472, 531266|1483, 531266|1678, 531267|1691, 531268|1721, 531268|1876, 531269|1886, 531270|1898, 531270|2084, 531275|2097, 531275|2172, 531276|2189, 531276|2340, 531278|2397, 531281|2468, 531286|2510, 531289|2599, 531290|2645, 531290|2886, 531291|2917, 531291|4002, com.Slack, 
531307|1, 531307|673, 531308|795, 531308|4005, com.whatsapp, 
531308|1, 531308|616, 531312|744, 531317|826, 531320|892, 531320|910, 531323|928, 531323|1019, 531324|1041, 531324|1534, 531327|1595, 531327|1745, 531328|1820, 531328|2318, 531330|2330, 531330|2518, 531336|2532, 531336|2583, 531337|2593, 531337|2726, 531339|2763, 531339|2810, 531340|2885, 531342|2919, 531347|2944, 531347|3002, 531349|3020, 531349|3049, 531351|3063, 531351|3086, 531355|3102, 531355|3163, 531358|3183, 531358|3195, 531363|3213, 531364|3231, 531365|3246, 531365|3259, 531367|3271, 531367|3293, 531368|3306, 531368|3320, 531369|3330, 531369|3363, 531370|3375, 531371|3388, 531371|3411, 531373|3429, 531373|3445, 531374|3455, 531376|3473, 531376|3495, 531377|3515, 531377|4003, com.mxtech.videoplayer.ad, 
531390|1, 531390|4010, com.ted.android.conference, 
531390|1, 531390|4003, com.google.android.gm, 
531390|1, 531390|1412, 531403|1820, 531403|2213, 531418|2421, 531430|2505, 531437|2583, 531437|2606, 531442|2635, 531454|2674, 531461|2749, 531461|4022, com.android.chrome, 
531473|1, 531473|618, 531476|688, 531478|715, 531481|734, 531481|894, 531486|1035, 531494|1204, 531494|1239, 531495|1329, 531495|1569, 531496|1594, 531496|1820, 531498|1835, 531498|2132, 531499|2163, 531500|2174, 531500|2442, 531503|2472, 531503|2637, 531506|2664, 531506|3260, 531507|3276, 531507|4007, com.sololearn.cplusplus, 
531513|1, 531513|702, 531515|728, 531518|755, 531518|893, 531523|1034, 531531|1160, 531531|1312, 531532|1382, 531532|1477, 531533|1521, 531533|1749, 531535|1764, 531535|2063, 531536|2077, 531537|2099, 531537|2362, 531540|2381, 531540|2567, 531543|2584, 531543|3089, 531544|3098, 531544|4010, com.sololearn.cplusplus, 
531551|1, 531551|915, 531553|1025, 531553|4008, com.whatsapp, 
531553|1, 531553|4001, com.google.android.gm, 
531553|1, 531553|1748, 531554|1775, 531554|1925, 531556|1936, 531556|2137, 531557|2164, 531557|2334, 531559|2347, 531559|2547, 531562|2561, 531562|2748, 531564|2760, 531564|2952, 531565|2962, 531566|2988, 531566|3152, 531569|3164, 531569|3903, 531570|3919, 531570|3941, 531572|3975, 531572|4014, com.bankofamerica.cashpromobile, 
531593|1, 531593|2022, 531594|2033, 531595|2046, 531595|2066, 531598|2091, 531601|2101, 531601|2119, 531602|2140, 531602|2354, 531604|2364, 531604|4004, com.google.android.keep, 
531617|1, 531617|2052, 531618|2102, 531620|2152, 531620|2453, 531622|2515, 531622|4039, com.sometimeswefly.littlealchemy, 
531624|1, 531624|1734, 531626|1746, 531626|1770, 531629|1780, 531630|1791, 531632|1810, 531633|1827, 531633|1872, 531634|1884, 531634|2135, 531636|2147, 531636|4008, com.google.android.keep, 
531638|1, 531638|1501, 531640|1578, 531643|1591, 531646|1603, 531646|1614, 531651|1677, 531651|2327, 531654|2360, 531654|3527, 531656|3560, 531656|3597, 531658|3609, 531658|3629, 531661|3640, 531665|3651, 531666|3664, 531666|3691, 531669|3702, 531669|3723, 531670|3734, 531673|3745, 531673|3760, 531676|3776, 531676|4010, com.google.android.apps.docs, 
531680|1, 531680|4008, at.DiTronic.androidgroup.randomgallery, 
531717|1, 531717|4009, com.android.vending, 
531717|1, 531717|3086, 531718|3150, 531718|3416, 531720|3496, 531722|3567, 531728|3605, 531728|3629, 531735|3656, 531735|3754, 531736|3772, 531739|4015, com.google.android.apps.photos, 
531742|1, 531742|1448, 531749|1626, 531749|2150, 531751|2265, 531762|2338, 531774|2397, 531779|2456, 531784|2481, 531795|2548, 531803|2615, 531803|4002, com.android.chrome, 
531815|1, 531815|1411, 531820|1589, 531823|1654, 531828|1700, 531828|1749, 531829|1784, 531829|2067, 531832|2101, 531832|3400, 531836|3441, 531836|3477, 531839|3506, 531844|3533, 531845|3544, 531847|3559, 531847|3574, 531848|3583, 531851|3599, 531851|3693, 531854|3705, 531854|4003, com.google.android.apps.docs, 
531858|1, 531858|1821, 531860|1832, 531860|1858, 531863|1882, 531866|1904, 531867|1919, 531867|2193, 531869|2210, 531869|4006, com.google.android.keep, 
531871|1, 531871|1790, 531872|1805, 531872|1973, 531874|2042, 531874|2198, 531876|2210, 531876|2402, 531878|2418, 531878|2600, 531881|2621, 531881|2814, 531883|2825, 531883|3023, 531884|3035, 531884|3059, 531885|3075, 531885|3228, 531888|3249, 531888|3909, 531889|3937, 531891|3959, 531891|4006, com.bankofamerica.cashpromobile, 
531913|1, 531913|1147, 531914|1260, 531914|1553, 531916|1602, 531916|1714, 531920|1767, 531921|1854, 531922|1923, 531922|2036, 531926|2090, 531926|2258, 531932|2364, 531932|2572, 531937|2610, 531937|2778, 531944|2968, 531944|3066, 531945|3214, 531945|3267, 531949|3304, 531949|3342, 531951|3385, 531956|3517, 531956|3738, 531957|3781, 531957|3907, 531959|3918, 531959|4001, com.ebay.mobile, 
531970|1, 531970|4012, com.google.android.gm, 
531970|1, 531970|708, 531971|787, 531971|4002, com.whatsapp, 
531971|1, 531971|989, 531972|1056, 531973|1087, 531974|1105, 531974|1117, 531981|1132, 531981|1151, 531983|1165, 531983|1182, 531984|1193, 531984|1219, 531986|1236, 531986|1316, 531987|1344, 531994|1361, 531994|1372, 531995|1383, 531995|1506, 531996|1518, 531997|1531, 531997|1712, 531998|1726, 531998|2228, 531999|2302, 532001|2337, 532006|2355, 532006|2510, 532008|2536, 532009|2556, 532009|3045, 532010|3085, 532010|4004, com.Slack, 
532017|1, 532017|2901, 532019|2952, 532025|3054, 532025|3218, 532026|3247, 532026|4012, air.com.hypah.io.slither, 
532044|1, 532045|39, 532046|67, 532046|320, 532048|355, 532051|407, 532056|464, 532056|652, 532065|686, 532065|1234, 532067|1307, 532067|1368, 532068|1428, 532068|1446, 532069|1471, 532073|1512, 532073|1605, 532074|1617, 532075|1630, 532075|1717, 532086|1774, 532088|1800, 532090|1833, 532092|1859, 532092|1934, 532094|1957, 532099|2012, 532107|2112, 532118|2178, 532119|2198, 532134|2329, 532138|2391, 532142|2421, 532142|2520, 532146|2538, 532146|2569, 532148|2653, 532154|2716, 532159|2741, 532160|2771, 532160|2932, 532162|2944, 532162|2981, 532164|2998, 532164|3019, 532166|3035, 532168|3054, 532170|3071, 532171|3091, 532173|3102, 532173|3118, 532177|3131, 532177|3169, 532178|3184, 532179|3200, 532179|3434, 532183|3447, 532186|3468, 532186|3479, 532188|3501, 532188|3808, 532190|3825, 532190|3861, 532192|3883, 532194|3900, 532194|4001, com.dropbox.android, 
532214|1, 532214|2338, 532216|2432, 532216|2473, 532221|2632, 532224|2722, 532224|2861, 532225|2891, 532225|2903, 532227|2935, 532228|2991, 532228|4002, com.sometimeswefly.littlealchemy, 
532230|1, 532230|1315, 532231|1436, 532232|1482, 532235|1581, 532242|1630, 532244|1661, 532244|1912, 532247|1956, 532247|2912, 532250|3102, 532253|3190, 532259|3249, 532262|3313, 532262|3395, 532264|3406, 532264|3676, 532267|3690, 532267|4005, com.google.android.apps.docs, 
532272|1, 532272|891, 532274|1047, 532280|1186, 532280|1468, 532283|1499, 532283|1927, 532285|1991, 532286|2082, 532286|2989, 532287|3026, 532289|3079, 532295|3109, 532295|3163, 532299|3263, 532299|3285, 532300|3376, 532303|3440, 532303|4029, com.scb.breezebanking.hk, 
532305|1, 532305|1848, 532306|1867, 532306|2045, 532308|2057, 532308|2211, 532310|2226, 532310|2421, 532312|2432, 532312|2592, 532317|2635, 532317|2832, 532318|2846, 532318|2864, 532319|2875, 532319|3029, 532322|3051, 532322|3528, 532326|3717, 532326|3831, 532329|3864, 532330|4027, com.bankofamerica.cashpromobile, 
532351|1, 532351|2038, 532354|2085, 532354|2106, 532356|2120, 532358|2141, 532369|2192, 532375|2219, 532377|2234, 532377|2243, 532381|2254, 532381|2276, 532382|2289, 532382|2300, 532391|2312, 532394|2324, 532394|3337, 532396|3349, 532397|3374, 532397|4003, com.google.android.music, 
532428|1, 532428|1311, 532429|1358, 532429|1417, 532438|1557, 532442|1614, 532443|1636, 532443|1937, 532446|1977, 532446|2879, 532449|2931, 532451|2954, 532451|2983, 532454|3002, 532459|3018, 532459|3036, 532462|3049, 532462|3070, 532465|3088, 532466|3104, 532466|3161, 532469|3180, 532469|4027, com.google.android.apps.docs, 
532473|1, 532473|2869, 532476|2880, 532476|3116, 532486|3130, 532486|3593, 532487|3642, 532488|3673, 532489|3709, 532492|3730, 532492|3743, 532497|3763, 532499|3775, 532499|3798, 532504|3810, 532508|3822, 532511|3840, 532512|3855, 532515|3873, 532515|4013, at.DiTronic.androidgroup.randomgallery, 
532525|1, 532525|1047, 532526|1095, 532527|1129, 532528|1196, 532529|1238, 532533|1276, 532543|1371, 532553|1424, 532553|1470, 532555|1509, 532562|1578, 532566|1603, 532566|1620, 532568|1642, 532576|1703, 532582|1725, 532584|1800, 532585|1815, 532587|1835, 532587|1847, 532589|1871, 532590|1896, 532591|1918, 532593|1935, 532594|1948, 532594|1962, 532596|1983, 532598|2012, 532598|2065, 532600|2093, 532600|2129, 532601|2161, 532603|2198, 532607|2215, 532611|2232, 532611|2302, 532612|2338, 532612|2407, 532614|2446, 532614|2542, 532616|2553, 532616|2592, 532618|2609, 532618|2624, 532619|2634, 532625|2651, 532625|2707, 532627|2721, 532627|2888, 532630|2902, 532632|2915, 532632|2928, 532634|2946, 532634|2957, 532636|2980, 532636|3013, 532638|3027, 532638|3082, 532640|3111, 532640|3151, 532641|3170, 532641|3403, 532645|3420, 532645|3478, 532647|3501, 532647|3814, 532649|3827, 532651|3842, 532651|3858, 532653|3870, 532653|4004, com.dropbox.android, 
532682|1, 532682|2939, 532684|3094, 532691|3293, 532702|3352, 532703|3415, 532705|3494, 532705|3514, 532707|3545, 532707|3556, 532708|3574, 532709|3592, 532709|3652, 532710|3673, 532711|3686, 532711|3717, 532712|3741, 532713|3753, 532713|4025, air.com.hypah.io.slither, 
532752|1, 532752|746, 532754|830, 532761|941, 532761|1117, 532764|1265, 532764|1516, 532765|1577, 532767|1658, 532767|2775, 532768|2809, 532775|2904, 532777|2985, 532780|3054, 532780|3104, 532781|3119, 532781|3143, 532784|3164, 532784|4009, com.scb.breezebanking.hk, 
532786|1, 532786|1869, 532788|1904, 532788|1938, 532792|1949, 532792|1987, 532795|1999, 532798|2012, 532799|2023, 532807|2036, 532808|2047, 532814|2064, 532814|2085, 532816|2099, 532816|2160, 532825|2171, 532827|2187, 532827|3019, 532830|3033, 532830|4017, com.google.android.music, 
532859|1, 532859|2811, 532862|2825, 532862|3061, 532872|3077, 532872|3649, 532874|3672, 532876|3691, 532879|3713, 532887|3737, 532887|3748, 532892|3761, 532892|3772, 532897|3784, 532897|3819, 532898|3841, 532898|4009, at.DiTronic.androidgroup.randomgallery, 
532911|1, 532911|924, 532912|960, 532912|974, 532914|1060, 532914|1160, 532915|1191, 532918|1231, 532918|1689, 532921|1871, 532921|1978, 532924|2009, 532924|4008, com.android.vending, 
532926|1, 532926|1980, 532927|2026, 532929|2056, 532929|2308, 532931|2360, 532931|4004, com.sometimeswefly.littlealchemy, 
532933|1, 532933|2881, 532939|3075, 532939|3226, 532941|3306, 532944|3324, 532944|4004, air.com.hypah.io.slither, 
532962|1, 532962|1729, 532964|1760, 532964|1793, 532965|1847, 532966|1881, 532966|1916, 532968|1950, 532970|1974, 532970|2042, 532977|2067, 532981|2173, 532981|2192, 532982|2230, 532987|2308, 532990|2354, 532992|2389, 532992|2409, 532994|2455, 533000|2523, 533000|2561, 533005|2633, 533009|2721, 533013|2756, 533013|2820, 533015|2916, 533017|2987, 533018|3019, 533019|3089, 533023|3243, 533023|3378, 533025|3607, 533027|3707, 533027|3844, 533029|3860, 533029|4008, com.ebay.mobile, 
533053|1, 533053|985, 533057|1118, 533063|1283, 533063|1362, 533064|1389, 533064|4002, org.catrobat.catroid, 
533068|1, 533068|1164, 533069|1242, 533070|1277, 533070|1315, 533076|1398, 533085|1430, 533090|1459, 533104|1540, 533105|1570, 533106|1600, 533110|1621, 533110|1650, 533112|1668, 533117|1695, 533118|1709, 533122|1757, 533122|2069, 533126|2125, 533134|2171, 533134|2308, 533135|2327, 533137|2345, 533139|2362, 533143|2411, 533144|2427, 533146|2444, 533151|2461, 533152|2483, 533152|2550, 533154|2569, 533156|2590, 533156|2656, 533158|2668, 533158|2710, 533162|2743, 533164|2782, 533164|2827, 533167|2843, 533167|2921, 533172|2937, 533173|2961, 533175|2985, 533177|2998, 533177|3155, 533182|3168, 533182|3182, 533183|3194, 533183|3219, 533185|3230, 533185|3269, 533187|3286, 533187|3302, 533189|3313, 533189|3351, 533191|3369, 533191|3414, 533192|3426, 533192|3439, 533194|3451, 533194|3670, 533196|3683, 533196|3694, 533198|3715, 533198|3731, 533200|3752, 533200|4007, com.dropbox.android, 
533233|1, 533233|780, 533242|1102, 533243|1181, 533243|4002, org.catrobat.catroid, 
533245|1, 533245|1282, 533246|1335, 533246|1429, 533247|1527, 533250|1581, 533250|1626, 533262|1676, 533262|1722, 533263|1801, 533264|1829, 533268|1900, 533270|1961, 533270|1994, 533275|2046, 533278|2096, 533278|2151, 533280|2197, 533280|2247, 533284|2313, 533288|2364, 533291|2451, 533306|2996, 533306|3143, 533307|3276, 533307|4004, com.ebay.mobile, 
533318|1, 533318|3036, 533321|3047, 533321|3260, 533322|3277, 533331|3303, 533331|3701, 533333|3745, 533333|3772, 533334|3811, 533335|3830, 533335|3842, 533337|3853, 533340|3867, 533340|3878, 533348|3898, 533348|3910, 533351|3922, 533351|3933, 533353|3947, 533353|3959, 533357|3972, 533358|3988, 533358|4002, at.DiTronic.androidgroup.randomgallery, 
533364|1, 533364|1142, 533373|1602, 533373|1880, 533375|2167, 533384|2281, 533396|2366, 533400|2407, 533408|2456, 533412|2499, 533415|2570, 533417|2626, 533417|4005, com.android.chrome, 
533429|1, 533429|2865, 533435|3086, 533435|3221, 533436|3242, 533436|3271, 533439|3296, 533439|4005, air.com.hypah.io.slither, 
533460|1, 533460|248, 533462|278, 533462|321, 533465|345, 533465|391, 533470|441, 533470|571, 533479|740, 533479|1097, 533481|1161, 533485|1205, 533485|1273, 533488|1383, 533488|1503, 533489|1571, 533489|4009, org.catrobat.catroid, 
533491|1, 533491|1041, 533493|1101, 533493|1195, 533495|1207, 533501|1271, 533503|1321, 533526|1396, 533526|1407, 533538|1429, 533540|1475, 533544|1568, 533546|1617, 533550|1651, 533556|1715, 533557|1741, 533558|1775, 533563|1837, 533564|1864, 533565|1898, 533566|1938, 533568|1977, 533568|2693, 533570|2706, 533570|3001, 533572|3014, 533572|3084, 533573|3106, 533575|3125, 533575|3150, 533577|3173, 533577|3190, 533579|3207, 533581|3223, 533582|3234, 533582|3323, 533584|3341, 533586|3373, 533588|3386, 533588|3409, 533591|3452, 533591|3525, 533593|3541, 533593|3552, 533597|3565, 533597|3575, 533601|3601, 533603|3614, 533603|3724, 533605|3735, 533606|3757, 533606|3768, 533607|3784, 533607|4006, com.dropbox.android, 
533637|1, 533637|2904, 533639|2961, 533639|2981, 533640|2999, 533640|3045, 533641|3058, 533642|3070, 533642|3089, 533647|3102, 533648|3118, 533653|3130, 533655|3143, 533656|3157, 533656|3180, 533657|3191, 533657|3455, 533659|3467, 533660|3480, 533660|3933, 533661|3953, 533661|4004, com.google.android.apps.photos, 
533664|1, 533664|780, 533665|859, 533671|1064, 533673|1148, 533674|1281, 533674|1458, 533675|1566, 533677|1691, 533677|2897, 533678|2947, 533685|3086, 533686|3148, 533689|3189, 533689|3294, 533690|3321, 533690|3339, 533693|3359, 533693|4002, com.scb.breezebanking.hk, 
533695|1, 533695|1524, 533704|1694, 533704|2068, 533715|2311, 533718|2325, 533728|2395, 533734|2461, 533748|2520, 533755|2606, 533755|4004, com.android.chrome, 
533765|1, 533765|1097, 533766|1142, 533766|1304, 533767|1317, 533768|1328, 533768|1507, 533773|1544, 533773|1594, 533774|1607, 533774|1821, 533776|1830, 533776|2032, 533777|2044, 533777|2302, 533779|2400, 533782|2437, 533786|2483, 533788|2524, 533789|2555, 533789|2838, 533790|2868, 533790|4002, com.Slack, 
533809|1, 533809|937, 533811|1079, 533812|1152, 533812|4009, com.whatsapp, 
533812|1, 533812|4009, com.android.vending, 
533812|1, 533812|2835, 533815|2851, 533815|2870, 533816|2881, 533821|2893, 533821|2915, 533825|2926, 533828|2937, 533829|2948, 533829|2969, 533830|2980, 533830|3262, 533833|3275, 533833|3832, 533834|3849, 533834|4010, com.google.android.apps.photos, 
533837|1, 533837|742, 533838|785, 533838|800, 533840|819, 533840|841, 533846|861, 533846|878, 533848|906, 533851|926, 533851|1030, 533857|1045, 533857|1056, 533858|1072, 533858|1145, 533859|1155, 533859|1350, 533860|1361, 533861|1375, 533861|1559, 533862|1570, 533862|1975, 533863|2012, 533863|2042, 533865|2060, 533865|2071, 533870|2092, 533870|2172, 533872|2192, 533873|2224, 533873|2775, 533874|2806, 533874|4005, com.Slack, 
533880|1, 533880|959, 533882|1061, 533888|1137, 533889|1156, 533890|1179, 533890|1266, 533892|1277, 533892|1420, 533898|1433, 533898|1452, 533899|1465, 533899|1478, 533900|1487, 533900|1631, 533902|1648, 533902|1826, 533903|1845, 533903|2302, 533905|2322, 533905|2336, 533910|2365, 533913|2437, 533913|2643, 533914|2686, 533914|4003, com.Slack, 
533920|1, 533920|2437, 533928|2787, 533928|3088, 533930|3144, 533930|3215, 533931|3224, 533932|3248, 533935|3259, 533935|3400, 533936|3420, 533941|3480, 533941|3540, 533944|3563, 533944|4020, air.com.hypah.io.slither, 
533948|1, 533948|393, 533949|416, 533949|523, 533951|537, 533952|565, 533955|600, 533959|631, 533959|695, 533962|714, 533962|841, 533966|898, 533966|978, 533967|1047, 533968|1102, 533968|1183, 533971|1220, 533975|1235, 533975|1449, 533978|1552, 533993|1645, 534006|1724, 534011|1783, 534013|1823, 534016|1855, 534016|1881, 534023|1927, 534040|2046, 534042|2057, 534042|2071, 534048|2092, 534050|2119, 534054|2164, 534057|2237, 534057|2325, 534058|2343, 534058|2360, 534062|2393, 534067|2432, 534067|2476, 534071|2524, 534071|2553, 534073|2582, 534074|2620, 534076|2639, 534076|2665, 534077|2684, 534077|2716, 534078|2746, 534079|2758, 534079|2799, 534081|2811, 534081|2857, 534083|2871, 534083|2883, 534085|2923, 534090|2954, 534092|2967, 534092|3243, 534099|3260, 534099|3308, 534103|3327, 534103|3544, 534104|3556, 534104|3633, 534106|3647, 534108|3664, 534110|3675, 534110|4014, com.dropbox.android, 
534149|1, 534149|2815, 534155|2984, 534155|3109, 534159|3156, 534159|4015, air.com.hypah.io.slither, 
534176|1, 534176|1117, 534184|1217, 534186|1265, 534187|1305, 534187|1325, 534189|1336, 534189|1438, 534193|1449, 534195|1462, 534195|1519, 534196|1532, 534196|1660, 534198|1672, 534198|1868, 534199|1878, 534199|2316, 534207|2389, 534207|2453, 534208|2531, 534209|2556, 534210|2576, 534210|3303, 534211|3336, 534211|4010, com.Slack, 
534217|1, 534217|1005, 534220|1088, 534230|1149, 534234|1179, 534234|1191, 534238|1224, 534244|1329, 534246|1380, 534250|1418, 534272|1537, 534278|1595, 534283|1753, 534283|1815, 534290|1908, 534292|1931, 534292|1966, 534294|1991, 534297|2028, 534299|2069, 534299|2153, 534301|2167, 534304|2192, 534304|2251, 534306|2279, 534306|2293, 534307|2314, 534307|2372, 534310|2389, 534310|2438, 534311|2449, 534312|2462, 534312|2496, 534314|2507, 534316|2522, 534317|2534, 534317|2577, 534319|2590, 534319|2802, 534326|2820, 534328|2857, 534330|2883, 534330|3114, 534331|3128, 534331|4006, com.dropbox.android, 
534359|1, 534359|2920, 534362|2936, 534362|3080, 534372|3096, 534372|3602, 534373|3671, 534373|3719, 534375|3740, 534375|3758, 534377|3771, 534380|3794, 534380|3805, 534384|3817, 534393|3844, 534393|3861, 534398|3875, 534398|3887, 534399|3913, 534399|4011, at.DiTronic.androidgroup.randomgallery, 
534407|1, 534407|2522, 534408|2559, 534408|3036, 534410|3065, 534418|3184, 534424|3251, 534424|3322, 534425|3350, 534425|3521, 534426|3540, 534426|3564, 534429|3584, 534430|3606, 534430|4002, com.google.android.apps.photos, 
534433|1, 534433|913, 534434|948, 534434|4004, com.whatsapp, 
534434|1, 534434|1102, 534436|1177, 534441|1263, 534441|1297, 534443|1340, 534444|1390, 534444|1456, 534445|1494, 534445|4015, org.catrobat.catroid, 
534447|1, 534447|2850, 534450|2876, 534450|3003, 534456|3016, 534461|3030, 534461|3501, 534462|3561, 534463|3591, 534465|3606, 534467|3619, 534467|3630, 534471|3653, 534480|3673, 534480|3682, 534484|3695, 534485|3724, 534488|3746, 534488|4023, at.DiTronic.androidgroup.randomgallery, 
534498|1, 534498|4008, com.android.vending, 
534500|1, 534500|738, 534501|797, 534507|965, 534507|1236, 534510|1509, 534510|2024, 534514|2205, 534514|3217, 534515|3244, 534523|3335, 534524|3375, 534524|3392, 534525|3442, 534528|3501, 534528|3556, 534529|3578, 534532|3613, 534532|4005, com.scb.breezebanking.hk, 
534534|1, 534534|815, 534536|956, 534537|1044, 534538|1073, 534541|1093, 534541|1107, 534547|1135, 534548|1153, 534549|1164, 534550|1177, 534550|1209, 534555|1226, 534555|1249, 534556|1260, 534556|1304, 534557|1319, 534557|1363, 534558|1374, 534559|1386, 534559|1526, 534560|1537, 534560|2254, 534561|2352, 534562|2370, 534563|2383, 534563|2406, 534568|2418, 534568|2507, 534569|2520, 534570|2532, 534570|2550, 534571|2591, 534571|3065, 534572|3087, 534572|4004, com.Slack, 
534578|1, 534578|3309, 534584|3383, 534584|3418, 534586|3454, 534589|3498, 534599|3532, 534600|3594, 534600|3621, 534602|3656, 534604|3681, 534604|3714, 534605|3740, 534605|3773, 534607|3795, 534608|3834, 534609|3854, 534609|4002, air.com.hypah.io.slither, 
534649|1, 534649|1117, 534650|1334, 534650|1657, 534653|1756, 534656|1806, 534656|1880, 534664|1952, 534665|1968, 534665|2346, 534667|2394, 534668|2436, 534668|3675, 534670|3725, 534671|3749, 534672|3760, 534672|3796, 534674|3811, 534674|3835, 534675|3847, 534679|3858, 534682|3870, 534682|3882, 534685|3895, 534685|3919, 534687|3931, 534689|3944, 534689|3955, 534692|3977, 534692|4003, com.google.android.apps.docs, 
534696|1, 534696|1318, 534698|1391, 534709|1541, 534710|1628, 534710|1884, 534713|1925, 534713|3124, 534715|3189, 534720|3252, 534725|3269, 534728|3295, 534729|3322, 534732|3334, 534732|3385, 534735|3398, 534735|4015, com.google.android.apps.docs, 
534739|1, 534739|744, 534740|798, 534747|872, 534747|1006, 534750|1129, 534750|1519, 534753|1602, 534753|2768, 534754|2833, 534756|2859, 534756|2885, 534761|2901, 534762|2929, 534762|2968, 534763|3005, 534766|3056, 534766|3085, 534767|3098, 534767|3110, 534770|3136, 534770|4004, com.scb.breezebanking.hk, 
534772|1, 534772|1784, 534774|1846, 534776|1859, 534776|1899, 534780|1910, 534780|1944, 534786|1957, 534786|1967, 534787|1979, 534791|1991, 534796|2003, 534796|2194, 534799|2210, 534801|2233, 534801|2271, 534803|2281, 534807|2294, 534807|2420, 534813|2431, 534814|2455, 534814|3606, 534816|3628, 534817|3668, 534817|4064, com.google.android.music, 
534842|1, 534842|953, 534849|1164, 534852|1211, 534852|1329, 534853|1393, 534853|4012, org.catrobat.catroid, 
534855|1, 534855|765, 534862|889, 534863|945, 534863|1015, 534864|1093, 534864|4005, org.catrobat.catroid, 
534867|1, 534867|4006, com.android.vending, 
534867|1, 534867|884, 534872|967, 534875|1065, 534875|1248, 534876|1332, 534876|4005, org.catrobat.catroid, 
534878|1, 534878|795, 534879|864, 534881|906, 534884|1082, 534884|1193, 534887|1257, 534887|1617, 534889|1630, 534889|1641, 534890|1675, 534890|2422, 534891|2436, 534891|2466, 534893|2485, 534897|2504, 534898|2521, 534898|2550, 534899|2572, 534899|2599, 534901|2619, 534901|2767, 534902|2791, 534905|2852, 534905|4008, com.scb.breezebanking.hk, 
534907|1, 534907|2763, 534908|2775, 534908|2886, 534910|2908, 534910|2958, 534911|2970, 534912|2996, 534918|3040, 534923|3059, 534926|3073, 534926|3096, 534927|3112, 534927|3454, 534930|3466, 534930|3767, 534931|3780, 534931|4009, com.google.android.apps.photos, 
534934|1, 534934|2230, 534935|2252, 534936|2269, 534936|2310, 534938|2332, 534938|2564, 534940|2583, 534940|4010, com.sometimeswefly.littlealchemy, 
534942|1, 534942|1943, 534943|1955, 534943|1969, 534949|2087, 534949|2119, 534950|2157, 534951|2220, 534952|2283, 534952|2303, 534953|2330, 534953|2394, 534955|2442, 534955|2640, 534957|2670, 534957|4035, com.sometimeswefly.littlealchemy, 
534959|1, 534959|2109, 534960|2198, 534960|2891, 534962|2914, 534962|2940, 534967|2952, 534968|2979, 534973|2989, 534973|2999, 534975|3016, 534975|3042, 534976|3058, 534976|3142, 534977|3153, 534977|3358, 534980|3371, 534981|3387, 534981|4003, com.google.android.apps.photos, 
534984|1, 534984|1049, 534985|1112, 534985|4003, com.whatsapp, 
534985|1, 534985|1279, 534986|1363, 534986|1402, 534988|1436, 534991|1510, 535000|1666, 535000|1850, 535003|1895, 535003|3032, 535005|3092, 535008|3136, 535013|3165, 535013|3175, 535018|3193, 535018|3208, 535019|3224, 535021|3243, 535021|3517, 535024|3528, 535024|4001, com.google.android.apps.docs, 
535028|1, 535028|1452, 535037|1598, 535037|2191, 535041|2431, 535058|2559, 535072|2660, 535078|2736, 535079|2809, 535079|2854, 535081|2879, 535081|4009, com.android.chrome, 
535091|1, 535091|1197, 535096|1387, 535096|1937, 535098|2000, 535107|2060, 535119|2161, 535130|2240, 535148|2339, 535148|4009, com.android.chrome, 
535154|1, 535154|690, 535155|720, 535155|4012, com.whatsapp, 
