46780402|1, 46780402|1296, 46780526|1376, 46780586|1490, 46780586|1541, 46780650|1603, 46780920|1685, 46780920|1885, 46781080|1974, 46781258|2036, 46781258|2064, 46781616|2086, 46781616|2208, 46783041|2291, 46783041|2391, 46784119|2552, 46784119|2711, 46785835|2899, 46785895|3045, 46786234|3243, 46789839|3381, 46789839|3537, 46790110|3561, 46790110|3725, 46790350|3785, 46790516|4024, com.ebay.mobile, 
46798147|1, 46798147|789, 46798398|868, 46798461|896, 46798901|963, 46799515|1042, 46799555|1063, 46799555|1127, 46799854|1259, 46800094|1505, 46800094|1541, 46800134|1613, 46800134|2053, 46800324|2065, 46800324|2276, 46801145|2289, 46801145|2598, 46802026|2657, 46802026|2872, 46802066|2903, 46802357|2942, 46802357|3092, 46803133|3133, 46803133|3737, 46803173|3751, 46803173|4006, com.sololearn.cplusplus, 
46803413|1, 46803413|215, 46803483|241, 46803483|264, 46803553|280, 46803613|301, 46803613|330, 46803653|349, 46803891|381, 46804011|403, 46804136|422, 46804731|443, 46804731|468, 46804771|485, 46804811|504, 46804811|4006, com.ted.android.conference, 
46807222|1, 46807222|1263, 46807283|1283, 46807344|1319, 46807404|1381, 46807404|1399, 46807444|1423, 46807444|1471, 46807717|1487, 46807877|1512, 46808111|1537, 46808565|1598, 46808749|1635, 46809464|1737, 46809824|1778, 46810181|1827, 46810241|1847, 46810301|1866, 46810301|1879, 46810341|1892, 46810769|1909, 46810769|1922, 46810889|1938, 46811049|1978, 46811049|2009, 46811215|2026, 46811919|2056, 46812079|2083, 46818325|2259, 46818325|2382, 46818485|2449, 46818605|2700, 46818605|2763, 46818801|2845, 46819591|2882, 46819591|3132, 46819851|3147, 46819851|3166, 46819891|3179, 46819891|3331, 46820011|3346, 46820177|3356, 46820893|3368, 46820893|3671, 46820933|3681, 46820933|3889, 46821533|3929, 46822389|3944, 46822389|4003, com.dropbox.android, 
46827566|1, 46827566|904, 46827688|934, 46827688|972, 46827748|1005, 46827748|1088, 46827908|1161, 46828181|1205, 46828889|1294, 46829049|1352, 46830545|1445, 46830545|1491, 46831225|1610, 46831225|2133, 46832513|2197, 46833263|2214, 46833939|2227, 46834940|2263, 46835106|2286, 46835438|2307, 46835604|2333, 46835604|2385, 46837932|2402, 46837932|2413, 46838501|2425, 46838501|2470, 46838541|2492, 46838581|2520, 46838581|2538, 46839451|2560, 46839511|2589, 46839511|2684, 46839551|2696, 46839551|2713, 46841007|2754, 46841007|2770, 46841047|2787, 46841307|2807, 46841427|2828, 46841427|2865, 46841972|2889, 46841972|2998, 46842132|3020, 46843014|3046, 46843014|3078, 46843094|3103, 46844547|3115, 46844547|3173, 46845180|3184, 46845180|3257, 46845220|3270, 46845220|3451, 46845260|3465, 46845260|3479, 46846766|3505, 46846766|3862, 46846806|3879, 46847413|3891, 46848257|3903, 46848257|4009, com.dropbox.android, 
46852059|1, 46852059|2193, 46852133|2247, 46852133|2426, 46852207|2440, 46852207|2703, 46852267|2721, 46852267|2937, 46852854|2949, 46852854|3141, 46852954|3156, 46852954|3344, 46853246|3356, 46853246|3552, 46853366|3565, 46853366|3746, 46853788|3759, 46853828|4005, com.bankofamerica.cashpromobile, 
46854883|1, 46854883|1804, 46856680|1908, 46856680|1947, 46856815|1965, 46856815|2051, 46856884|2063, 46856884|4003, com.android.chrome, 
46856964|1, 46856964|600, 46857088|635, 46857152|663, 46857212|694, 46858505|848, 46858505|930, 46858745|1148, 46858745|1246, 46858785|1277, 46858785|1348, 46858975|1458, 46858975|1644, 46859015|1695, 46859796|1729, 46859796|2005, 46860637|2032, 46860637|2296, 46860928|2319, 46860928|2337, 46860968|2353, 46860968|2607, 46861744|2653, 46861744|3150, 46861784|3159, 46861784|4004, com.sololearn.cplusplus, 
46862024|1, 46862024|4005, com.google.android.gm, 
46862024|1, 46862024|2248, 46862096|2261, 46862168|2291, 46862168|2311, 46862228|2338, 46862228|2350, 46862268|2360, 46862521|2371, 46862521|2391, 46863665|2407, 46863665|2512, 46863705|2528, 46863745|2561, 46863745|2603, 46863814|2627, 46863883|2646, 46864003|2657, 46864003|2691, 46864320|2712, 46864557|2726, 46864557|2738, 46864797|2754, 46864797|2779, 46865855|2801, 46866773|2817, 46867009|2844, 46867009|2886, 46867329|2916, 46867415|2939, 46867415|3178, 46867545|3219, 46867545|3229, 46867605|3239, 46867605|3276, 46867879|3286, 46867879|3315, 46867999|3327, 46867999|3348, 46868124|3359, 46868124|3392, 46885927|3408, 46885927|3602, 46885967|3613, 46885967|3683, 46886133|3702, 46886133|4148, com.google.android.music, 
46931092|1, 46931092|1818, 46931166|1839, 46931166|1889, 46931226|1936, 46931226|2066, 46931813|2088, 46931813|2279, 46931913|2293, 46931913|2479, 46932205|2492, 46932205|2691, 46932747|2704, 46932747|2919, 46933336|2929, 46933336|3100, 46933376|3118, 46933376|3859, 46933439|3874, 46933439|3922, 46933499|3945, 46933770|3974, 46933770|4028, com.bankofamerica.cashpromobile, 
46935720|1, 46935720|2353, 46935780|2363, 46935780|2406, 46936040|2416, 46936040|2437, 46936160|2456, 46936160|2469, 46937242|2491, 46937242|2547, 46937282|2559, 46937282|2825, 46937362|2860, 46937362|4001, com.google.android.keep, 
46937442|1, 46937442|4006, com.ted.android.conference, 
46937442|1, 46937442|1254, 46937506|1330, 46937570|1357, 46937630|1384, 46938692|1480, 46938732|1532, 46938732|1641, 46938772|1663, 46938772|4007, org.catrobat.catroid, 
46938852|1, 46938852|1103, 46938974|1156, 46938974|1221, 46939162|1263, 46940460|1349, 46941100|1383, 46941628|1410, 46941628|1432, 46942245|1465, 46942599|1539, 46942599|1552, 46942799|1574, 46942965|1619, 46943337|1654, 46943961|1691, 46945390|1760, 46945556|1832, 46946557|1886, 46946723|1959, 46947631|2019, 46948240|2052, 46949006|2080, 46949862|2104, 46949862|2141, 46950695|2155, 46950861|2170, 46951651|2180, 46951691|2234, 46951691|2347, 46951731|2360, 46951731|2373, 46951811|2391, 46951811|2406, 46952396|2421, 46952516|2440, 46953969|2456, 46954049|2473, 46954117|2489, 46954967|2537, 46954967|2768, 46955860|2794, 46955900|2809, 46955940|2825, 46957406|2839, 46957406|2966, 46957566|2978, 46957566|2989, 46957732|3000, 46958448|3017, 46958448|3047, 46958488|3059, 46958488|3187, 46958568|3210, 46958648|3232, 46960099|3248, 46960099|3557, 46960179|3570, 46960179|3591, 46960259|3603, 46961700|3613, 46961700|4005, com.dropbox.android, 
46967035|1, 46967035|1047, 46967549|1248, 46967649|1426, 46967649|2155, 46967708|2217, 46970432|2376, 46970783|2484, 46970847|2570, 46972704|2619, 46973613|2702, 46973835|2802, 46973835|4008, com.android.chrome, 
46973995|1, 46973995|4002, at.DiTronic.androidgroup.randomgallery, 
46980119|1, 46980119|848, 46980597|1003, 46981217|1122, 46981217|1435, 46981257|1459, 46981297|1492, 46981297|3120, 46981353|3140, 46981413|3176, 46981807|3238, 46982229|3339, 46982834|3381, 46982954|3444, 46982954|3506, 46983559|3518, 46983559|3565, 46983679|3596, 46983679|4006, com.scb.breezebanking.hk, 
46983759|1, 46983759|1194, 46984001|1479, 46984574|1650, 46984574|2372, 46984634|2474, 46984915|2509, 46984915|2532, 46986992|2566, 46987484|2600, 46987524|2668, 46987590|2836, 46989522|2959, 46989657|3032, 46989657|3801, 46990663|3828, 46990663|3858, 46990703|3883, 46990703|4009, com.android.chrome, 
46991503|1, 46991503|1063, 46991543|1199, 46991583|1284, 46991583|1308, 46991623|1384, 46991623|2117, 46991683|2134, 46991683|2179, 46991943|2192, 46991943|2223, 46992063|2241, 46992063|2252, 46993145|2262, 46993145|2313, 46993185|2325, 46993185|2489, 46993265|2509, 46993265|4007, com.google.android.keep, 
46993465|1, 46993465|3100, 46993545|3139, 46993545|3160, 46993625|3172, 46993625|3185, 46993685|3200, 46993685|3243, 46993725|3261, 46993983|3278, 46993983|3309, 46994183|3326, 46994183|3382, 46994308|3411, 46994308|3451, 46995134|3480, 46995214|3503, 46995284|3515, 46995284|3537, 46995324|3553, 46995502|3566, 46995502|3596, 46995812|3609, 46996339|3624, 46996339|3681, 46996379|3694, 46996379|3789, 46996419|3810, 46996419|4007, com.google.android.apps.photos, 
46997419|1, 46997419|1802, 46997541|1881, 46997880|1949, 46998165|2084, 46998922|2185, 46998922|2225, 46999194|2260, 46999194|2413, 46999257|2441, 46999320|2482, 46999920|2573, 47000000|2772, 47000000|3549, 47000323|3586, 47000323|3629, 47000515|3659, 47000515|4020, com.sometimeswefly.littlealchemy, 
47000675|1, 47000675|2187, 47000735|2218, 47001275|2251, 47001275|2566, 47001355|2584, 47001355|3902, 47001395|3921, 47001395|4018, com.sometimeswefly.littlealchemy, 
47001555|1, 47001555|1935, 47001951|2020, 47002505|2067, 47002505|2098, 47002745|2109, 47002745|2119, 47003035|2138, 47004681|2155, 47004799|2166, 47004957|2176, 47004957|2221, 47004997|2230, 47005037|2243, 47005037|2257, 47005403|2284, 47005403|3152, 47005569|3185, 47005569|4008, com.google.android.music, 
47006828|1, 47006828|1761, 47006892|1790, 47006952|1806, 47006952|1838, 47007212|1850, 47007212|1872, 47007252|1881, 47007457|1897, 47007457|1911, 47008414|1931, 47008414|2303, 47008454|2320, 47008454|4004, com.google.android.keep, 
47008534|1, 47008534|1714, 47008608|1746, 47008668|1780, 47008668|1963, 47009315|1976, 47009315|2106, 47009455|2117, 47009455|2244, 47009747|2254, 47009747|2419, 47009867|2438, 47009867|2621, 47010289|2634, 47010289|2841, 47010878|2852, 47010878|3035, 47010918|3047, 47010918|3720, 47010981|3747, 47010981|3783, 47011041|3818, 47011312|3894, 47011472|4065, com.bankofamerica.cashpromobile, 
47014339|1, 47014339|3029, 47014379|3042, 47014379|4007, com.ted.android.conference, 
47014419|1, 47014419|749, 47014539|888, 47014639|966, 47014639|1010, 47015350|1093, 47015610|1125, 47015890|1162, 47016677|1214, 47016717|1227, 47016717|1358, 47016757|1371, 47016757|1942, 47019001|1955, 47019001|2056, 47019071|2079, 47019241|2146, 47019241|2268, 47019507|2389, 47019507|2481, 47019707|2502, 47019707|2514, 47019873|2550, 47019873|2691, 47020922|2703, 47020922|2927, 47020962|2941, 47020962|2959, 47021088|2995, 47021088|3013, 47021148|3057, 47021148|3091, 47022796|3177, 47022796|3274, 47022996|3288, 47022996|3308, 47023202|3336, 47023202|3363, 47024510|3382, 47024510|3440, 47024570|3451, 47025987|3484, 47025987|3533, 47026027|3577, 47026109|3604, 47026109|3614, 47026149|3624, 47026149|4013, com.mxtech.videoplayer.ad, 
47026692|1, 47026692|635, 47026879|685, 47027139|698, 47027319|734, 47027319|872, 47028232|1008, 47028272|1067, 47028512|1098, 47028512|1224, 47028552|1304, 47028552|1471, 47028742|1494, 47028742|1691, 47029563|1704, 47029563|2022, 47030404|2046, 47030404|2303, 47030444|2338, 47030735|2370, 47030735|2602, 47030890|2622, 47031511|2638, 47031511|3268, 47031551|3280, 47031551|4009, com.sololearn.cplusplus, 
47031831|1, 47031831|4008, com.ted.android.conference, 
47031831|1, 47031831|1294, 47031894|1352, 47032018|1418, 47032078|1448, 47032078|1488, 47032337|1516, 47032337|1540, 47032609|1589, 47032609|1606, 47032868|1646, 47033088|1699, 47033088|1786, 47033480|1848, 47033480|1874, 47033747|1906, 47034383|1959, 47034383|1989, 47035875|2035, 47036035|2075, 47036673|2147, 47036673|2171, 47036833|2206, 47036833|2235, 47037191|2290, 47037789|2320, 47037789|2374, 47038147|2395, 47038147|2427, 47038743|2461, 47038743|2502, 47040458|2560, 47040498|2607, 47044323|2679, 47044323|2693, 47044363|2753, 47045001|2967, 47045001|3008, 47045161|3054, 47046045|3133, 47050769|3181, 47050769|3201, 47051407|3236, 47051407|3399, 47051965|3435, 47051965|3480, 47052405|3498, 47052405|3600, 47052445|3618, 47052445|4015, com.ebay.mobile, 
47052845|1, 47052845|1656, 47052905|1676, 47052905|1718, 47052945|1728, 47053165|1740, 47053165|1751, 47053285|1769, 47053285|1785, 47054367|1805, 47054367|1857, 47054407|1869, 47054407|2148, 47054527|2162, 47054527|4002, com.google.android.keep, 
47054607|1, 47054607|1044, 47055081|1338, 47055081|1962, 47055200|2055, 47055481|2091, 47057940|2160, 47059953|2274, 47059953|2302, 47060088|2369, 47060088|2410, 47060160|2443, 47060160|4003, com.android.chrome, 
47060240|1, 47060240|4010, at.DiTronic.androidgroup.randomgallery, 
47066292|1, 47066292|542, 47066540|612, 47066920|664, 47067179|770, 47067833|902, 47067873|945, 47068113|1002, 47068113|1156, 47068343|1253, 47068343|1463, 47069164|1496, 47069164|1791, 47070005|1808, 47070005|2082, 47070296|2098, 47070296|2134, 47070336|2146, 47070336|2280, 47070491|2307, 47071112|2332, 47071112|2940, 47071152|2950, 47071152|4014, com.sololearn.cplusplus, 
47071392|1, 47071392|850, 47071522|898, 47071522|925, 47071800|952, 47071800|971, 47071920|989, 47073254|1009, 47073254|1069, 47073334|1079, 47073334|1157, 47074507|1174, 47074507|1217, 47074547|1237, 47074547|4011, com.ted.android.conference, 
47074547|1, 47074547|656, 47074607|751, 47074667|784, 47074667|798, 47074927|818, 47074927|845, 47076357|895, 47076357|932, 47076397|983, 47076557|1006, 47076557|1059, 47076597|1095, 47076597|1812, 47078839|1848, 47078839|2050, 47078879|2082, 47078879|3197, 47078960|3226, 47079020|3264, 47079020|3302, 47079297|3317, 47079297|3337, 47079497|3357, 47080805|3382, 47080805|3468, 47080971|3483, 47081031|3501, 47081636|3518, 47082094|3558, 47083828|3587, 47083828|3619, 47085241|3631, 47085241|3656, 47085441|3666, 47085607|3680, 47085607|3703, 47089041|3719, 47089041|3748, 47091035|3771, 47091035|3799, 47092989|3814, 47092989|3859, 47094975|3876, 47094975|3925, 47095015|3937, 47095015|4015, com.mxtech.videoplayer.ad, 
47095526|1, 47095526|521, 47095589|537, 47095653|634, 47095717|701, 47095717|745, 47096217|920, 47096871|1003, 47096871|1111, 47097170|1140, 47097170|1404, 47097450|1420, 47097450|2002, 47097490|2014, 47097490|2043, 47097680|2055, 47097680|2624, 47098501|2728, 47098501|2956, 47099342|2974, 47099342|3179, 47099633|3195, 47099633|3206, 47099673|3219, 47099673|3421, 47100449|3433, 47100449|4006, com.sololearn.cplusplus, 
47100729|1, 47100729|3517, 47100841|3605, 47101617|3689, 47102422|3792, 47102422|3813, 47103090|3837, 47103210|3971, 47103210|4028, air.com.hypah.io.slither, 
47107335|1, 47107335|2887, 47110851|2912, 47110851|3123, 47111251|3140, 47111251|3480, 47111311|3495, 47111311|3533, 47111602|3544, 47111602|3578, 47112819|3605, 47112929|3616, 47112929|3642, 47113081|3656, 47113081|3769, 47113155|3814, 47113229|3848, 47113565|3865, 47113797|3907, 47114027|3942, 47114147|3962, 47115380|3976, 47115380|4013, at.DiTronic.androidgroup.randomgallery, 
47116601|1, 47116601|736, 47116775|902, 47117165|1006, 47117165|1067, 47117625|1247, 47117625|1648, 47117705|1737, 47117745|1846, 47117745|3195, 47117801|3228, 47118637|3336, 47119282|3435, 47119282|3472, 47119402|3516, 47119402|3593, 47120007|3632, 47120127|3655, 47120127|4015, com.scb.breezebanking.hk, 
47120247|1, 47120247|4008, com.ted.android.conference, 
47120247|1, 47120247|2224, 47120287|2258, 47120287|4010, com.ted.android.conference, 
47120327|1, 47120327|4005, com.android.vending, 
47122087|1, 47122087|1048, 47122287|1110, 47122287|1133, 47122349|1183, 47122727|1281, 47122727|4001, com.whatsapp, 
47123167|1, 47123167|1781, 47123241|1813, 47123301|1854, 47123301|2027, 47123948|2038, 47123948|2161, 47124088|2183, 47124088|2367, 47124380|2379, 47124380|2566, 47124500|2579, 47124500|2781, 47124922|2793, 47124922|3010, 47124962|3034, 47125551|3051, 47125551|3187, 47125631|3202, 47125631|3833, 47125694|3864, 47125694|3918, 47125754|3934, 47125754|3952, 47126025|3990, 47126025|4017, com.bankofamerica.cashpromobile, 
47128455|1, 47128455|1826, 47128515|1843, 47128515|2071, 47128555|2082, 47129102|2101, 47129102|2281, 47129202|2292, 47129202|2490, 47129494|2502, 47129494|2692, 47130036|2703, 47130036|2919, 47130625|2930, 47130625|3105, 47130665|3130, 47130665|3675, 47130725|3723, 47130996|3766, 47130996|3924, 47131498|3978, 47131498|4021, com.bankofamerica.cashpromobile, 
47133903|1, 47133903|729, 47133979|793, 47133979|3679, 47134179|3690, 47134179|4004, com.whatsapp, 
47134419|1, 47134419|2191, 47134479|2253, 47135019|2287, 47135019|2573, 47135099|2639, 47135099|4022, com.sometimeswefly.littlealchemy, 
47135179|1, 47135179|4003, com.google.android.gm, 
47135179|1, 47135179|1046, 47135323|1167, 47135443|1209, 47135443|1234, 47135750|1272, 47136097|1309, 47136097|1324, 47136217|1348, 47136217|1464, 47139153|1503, 47139233|1533, 47139233|1635, 47139353|1661, 47139353|1948, 47139553|1969, 47139553|2269, 47143644|2430, 47144151|2589, 47145098|2698, 47145098|2827, 47147343|2890, 47147516|2921, 47149635|2957, 47149635|2968, 47151722|3025, 47154015|3079, 47156089|3126, 47156249|3172, 47156649|3227, 47156889|3291, 47156889|3919, 47156960|3941, 47157031|3981, 47157211|4027, com.android.vending, 
47160800|1, 47160800|91, 47160863|105, 47160863|1868, 47160923|1895, 47160923|1934, 47160963|1946, 47160963|1958, 47161216|1974, 47161216|1984, 47161339|1995, 47162318|2006, 47162318|2119, 47162358|2135, 47162358|2202, 47162418|2246, 47162738|2306, 47163130|2328, 47164429|2393, 47164909|2502, 47166511|2535, 47166551|2561, 47166551|2800, 47166631|2815, 47166631|2990, 47166691|3001, 47166691|3045, 47166984|3057, 47166984|3082, 47178145|3093, 47178145|3123, 47178345|3135, 47178345|3186, 47178385|3204, 47178385|4010, com.google.android.keep, 
47180038|1, 47180038|1603, 47180158|1726, 47180952|1818, 47180952|1841, 47181097|1860, 47182848|1882, 47182928|1900, 47183124|1914, 47183124|1958, 47183204|1970, 47183204|2016, 47183444|2028, 47183530|2041, 47183530|2913, 47183696|2947, 47183826|4043, com.google.android.music, 
47185466|1, 47185466|635, 47185526|812, 47186237|904, 47186617|959, 47186777|1011, 47187604|1083, 47187604|1200, 47187644|1213, 47187644|1804, 47189886|1829, 47189886|1957, 47190049|2119, 47190049|2215, 47190308|2278, 47190308|2476, 47190548|2487, 47190548|2500, 47190714|2513, 47190714|2685, 47192091|2698, 47192091|2909, 47192131|2932, 47192131|2988, 47192212|3021, 47192312|3086, 47193857|3122, 47194057|3140, 47194057|3200, 47194223|3223, 47194223|3234, 47194828|3251, 47194868|3274, 47194868|3286, 47196216|3304, 47196216|3325, 47196298|3346, 47196358|3390, 47196636|3418, 47196636|3439, 47196836|3462, 47196836|3475, 47197002|3487, 47197002|3509, 47198996|3522, 47198996|3550, 47200950|3567, 47200950|3604, 47202904|3617, 47202904|3742, 47204890|3757, 47204890|3906, 47204930|3917, 47204930|4010, com.mxtech.videoplayer.ad, 
47205450|1, 47205450|603, 47205524|766, 47206014|927, 47206474|990, 47206474|1328, 47206514|1453, 47206634|1527, 47206634|2628, 47206690|2700, 47207024|2769, 47207566|2791, 47207566|2823, 47208171|2871, 47208211|2898, 47208251|2919, 47208251|2990, 47208856|3009, 47208856|3045, 47208976|3072, 47208976|4010, com.scb.breezebanking.hk, 
47209056|1, 47209056|682, 47209116|785, 47209240|836, 47210023|877, 47210143|919, 47210970|974, 47211130|1017, 47211130|1108, 47211170|1126, 47211170|1727, 47213414|1774, 47213414|1894, 47213640|1948, 47213640|2150, 47213899|2193, 47213899|2380, 47214099|2394, 47214099|2431, 47214265|2446, 47214265|2575, 47215682|2590, 47215682|2840, 47215722|2850, 47215722|2929, 47215863|3003, 47216140|3064, 47217608|3088, 47217608|3198, 47217814|3247, 47218419|3275, 47218479|3301, 47218479|3335, 47218797|3369, 47220265|3387, 47220265|3400, 47220431|3414, 47220431|3427, 47222385|3441, 47222385|3513, 47222425|3528, 47224419|3548, 47224419|3572, 47224459|3584, 47224459|3596, 47226413|3612, 47226413|3647, 47228399|3659, 47228399|3719, 47228439|3729, 47228439|4007, com.mxtech.videoplayer.ad, 
47228879|1, 47228879|2201, 47228939|2217, 47228939|2232, 47229479|2346, 47229479|2571, 47229559|2584, 47229559|4001, com.sometimeswefly.littlealchemy, 
47229639|1, 47229639|1128, 47229699|1160, 47229699|1180, 47229754|1210, 47229754|1298, 47230013|1311, 47230013|1499, 47230213|1516, 47230213|1579, 47230379|1596, 47230379|1731, 47231694|1743, 47231694|1890, 47231734|1901, 47231734|2445, 47231853|2514, 47232108|2548, 47232108|2569, 47232308|2637, 47233514|2684, 47233554|2720, 47233554|2918, 47233594|2947, 47233594|4009, com.Slack, 
47233849|1, 47233849|1115, 47233911|1292, 47234095|1411, 47234095|1512, 47234637|1559, 47234637|1600, 47234917|1761, 47235620|1879, 47235620|2045, 47236523|2065, 47236790|2087, 47237908|2110, 47237908|2166, 47238068|2229, 47238906|2380, 47239862|2583, 47241977|2660, 47241977|2859, 47245284|2893, 47245284|3033, 47245324|3170, 47245324|4019, com.ebay.mobile, 
47250084|1, 47250084|1215, 47250264|1369, 47250807|1449, 47250807|1482, 47251074|1533, 47251434|1614, 47251434|1680, 47251860|1839, 47252622|1878, 47252980|1922, 47253247|1979, 47253327|2036, 47258550|2062, 47258710|2148, 47259148|2235, 47259746|2286, 47259746|2345, 47261437|2484, 47263207|2619, 47263207|2879, 47263247|2902, 47263247|4023, com.ebay.mobile, 
47267314|1, 47267314|4011, com.android.vending, 
47267314|1, 47267314|4007, com.android.vending, 
47267314|1, 47267314|805, 47267607|905, 47268175|940, 47268175|955, 47268375|972, 47268375|1005, 47268939|1022, 47268939|1040, 47269981|1074, 47269981|1128, 47270021|1140, 47270021|1170, 47270141|1181, 47270467|1205, 47270467|1239, 47270507|1263, 47270507|1313, 47271958|1328, 47271958|1518, 47271998|1533, 47271998|2066, 47272058|2114, 47272313|2164, 47272313|2178, 47272513|2205, 47272513|2299, 47273719|2310, 47273719|2324, 47273759|2338, 47273759|2616, 47273799|2633, 47273799|4008, com.Slack, 
47274119|1, 47274119|666, 47274179|706, 47274427|772, 47274747|853, 47275390|930, 47276217|1013, 47276377|1034, 47276377|1098, 47276417|1112, 47276417|1685, 47278659|1735, 47278659|1833, 47278699|1921, 47278699|2073, 47278781|2126, 47278841|2168, 47279179|2187, 47279339|2238, 47279505|2249, 47279505|2271, 47281459|2283, 47281459|2308, 47281718|2320, 47281718|2333, 47281758|2350, 47281758|2441, 47281998|2463, 47281998|2486, 47282164|2497, 47282164|2618, 47283584|2633, 47283584|2801, 47284892|2839, 47284992|2877, 47285269|2920, 47285429|2934, 47285595|2964, 47285595|2977, 47285635|2987, 47285635|3001, 47285675|3021, 47285675|3046, 47287548|3063, 47287548|3087, 47287708|3106, 47287708|3117, 47289662|3130, 47289662|3160, 47289702|3175, 47289702|3205, 47291696|3216, 47291696|3249, 47291736|3262, 47293722|3280, 47293722|3345, 47293762|3362, 47293762|4004, com.mxtech.videoplayer.ad, 
47294242|1, 47294242|4015, com.ted.android.conference, 
47294242|1, 47294242|1731, 47294430|1806, 47294692|1861, 47294812|1955, 47296090|2122, 47296168|2159, 47296168|2220, 47296208|2279, 47296208|2762, 47296374|2798, 47296374|3318, 47298344|3401, 47298663|3508, 47298783|3568, 47299908|3683, 47300198|3732, 47300198|4075, com.google.android.apps.docs, 
47300358|1, 47300358|4011, com.ted.android.conference, 
47300438|1, 47300438|669, 47301615|820, 47301655|881, 47301655|955, 47301914|978, 47301954|1022, 47301954|1240, 47302194|1264, 47302194|1445, 47302234|1492, 47302234|1564, 47302424|1593, 47302424|1869, 47303245|1883, 47303245|2516, 47303285|2537, 47303285|2550, 47304126|2588, 47304126|2621, 47304199|2678, 47304199|2717, 47304239|2752, 47304570|2785, 47304570|2841, 47305624|2884, 47305624|2953, 47306400|2989, 47306800|3019, 47307480|3051, 47307480|3400, 47318516|3410, 47318516|3528, 47318596|3540, 47318596|4006, com.sololearn.cplusplus, 
47318876|1, 47318876|1255, 47319778|1281, 47319778|1324, 47319818|1357, 47319818|4011, com.google.android.gm, 
47319818|1, 47319818|2565, 47319858|2603, 47320036|2636, 47320036|2806, 47320076|2838, 47320076|3151, 47320156|3178, 47320236|3208, 47320296|3234, 47320296|3273, 47320594|3304, 47320919|3343, 47320919|3377, 47321708|3410, 47322235|3435, 47322235|3544, 47322275|3560, 47322275|3606, 47322453|3639, 47322453|3816, 47322611|3842, 47322611|3980, 47322651|3995, 47322651|4006, com.google.android.apps.photos, 
47322989|1, 47322989|4004, com.google.android.gm, 
47322989|1, 47322989|1713, 47323127|1752, 47323265|1780, 47323385|1793, 47323385|1828, 47323662|1842, 47323662|1854, 47323939|1873, 47323939|1883, 47324059|1898, 47324179|1913, 47324324|1933, 47326115|1954, 47326391|1977, 47326391|2036, 47326511|2050, 47326751|2080, 47326837|2123, 47326837|3050, 47327003|3071, 47327003|3864, 47327133|3951, 47327411|4007, com.google.android.music, 
47328693|1, 47328693|2499, 47328733|2598, 47328951|2646, 47328951|2977, 47329011|2998, 47329011|3025, 47329051|3037, 47329309|3050, 47329309|3080, 47329634|3093, 47329634|3116, 47330353|3131, 47330990|3142, 47331030|3154, 47331030|3188, 47331070|3204, 47331070|3422, 47331228|3436, 47331228|3631, 47331406|3641, 47331406|4002, com.google.android.apps.photos, 
47331744|1, 47331744|764, 47331859|876, 47332436|934, 47333000|977, 47333040|993, 47333040|1044, 47333299|1057, 47333299|1133, 47333339|1158, 47333539|1172, 47333539|1191, 47333705|1201, 47333705|1336, 47335116|1349, 47335116|1575, 47335156|1589, 47335156|2015, 47335215|2123, 47335215|4013, com.Slack, 
47335434|1, 47335434|1258, 47335494|1322, 47335618|1440, 47335757|1536, 47336280|1603, 47336280|1708, 47336967|1932, 47337293|2073, 47337293|2129, 47338680|2199, 47338680|2290, 47338880|2354, 47340262|2382, 47344485|2524, 47345123|2589, 47345163|2676, 47346856|2791, 47346856|2950, 47348584|2996, 47348624|3025, 47348624|3191, 47348664|3276, 47348664|4024, com.ebay.mobile, 
47358110|1, 47358110|4004, com.google.android.gm, 
47358110|1, 47358110|3353, 47358342|3482, 47361031|3817, 47362011|3864, 47362051|3888, 47362091|3909, 47362091|3952, 47362171|3989, 47362211|4006, air.com.hypah.io.slither, 
47371656|1, 47371656|1210, 47371728|1234, 47371728|4010, com.google.android.gm, 
47371728|1, 47371728|4003, com.google.android.gm, 
47371728|1, 47371728|1154, 47371792|1230, 47372176|1339, 47372978|1434, 47373018|1472, 47373018|1591, 47373058|1610, 47373058|4004, org.catrobat.catroid, 
47373138|1, 47373138|825, 47373258|912, 47373318|970, 47373901|1073, 47374281|1133, 47375068|1177, 47375268|1228, 47375268|1313, 47375308|1325, 47375308|1983, 47377550|2004, 47377550|2221, 47377590|2260, 47377590|2317, 47377713|2428, 47377713|2532, 47377972|2554, 47377972|2729, 47378172|2763, 47378172|2809, 47378338|2831, 47378338|2946, 47379757|2960, 47379757|3179, 47379797|3221, 47379797|3258, 47379978|3343, 47380215|3372, 47380215|3385, 47380375|3419, 47380375|3434, 47380541|3453, 47380541|3465, 47382454|3496, 47382494|3522, 47382576|3546, 47382576|3568, 47382636|3598, 47382636|3621, 47382914|3631, 47382954|3645, 47383194|3662, 47383194|3684, 47384668|3705, 47384668|3720, 47386622|3731, 47386622|3788, 47386662|3805, 47388616|3818, 47388616|3839, 47388656|3851, 47388656|3880, 47388696|3895, 47390650|3916, 47390650|3951, 47390690|3967, 47390690|3983, 47392676|4000, 47392676|4013, com.mxtech.videoplayer.ad, 
47393156|1, 47393156|2977, 47396670|2994, 47396670|3198, 47396710|3209, 47396750|3241, 47396790|3319, 47396864|4003, at.DiTronic.androidgroup.randomgallery, 
47400309|1, 47400309|1823, 47400429|1858, 47400429|1873, 47400983|1902, 47400983|1916, 47401223|1946, 47401223|1967, 47403159|1986, 47403159|1998, 47403239|2011, 47403319|2023, 47403475|2036, 47403475|2067, 47403515|2079, 47403555|2090, 47403881|2111, 47403881|3015, 47404047|3036, 47404107|4034, com.google.android.music, 
47405667|1, 47405667|1975, 47405727|1987, 47405727|2007, 47405767|2023, 47406027|2043, 47406027|2061, 47406147|2079, 47406147|2101, 47407229|2116, 47407229|2157, 47407269|2177, 47407269|2339, 47407349|2371, 47407349|4011, com.google.android.keep, 
47407429|1, 47407429|1206, 47407529|1378, 47407751|1417, 47407871|1529, 47409227|1613, 47409267|1662, 47409267|1993, 47409473|2064, 47409473|3401, 47411842|3413, 47411842|3462, 47412101|3475, 47412101|3508, 47412221|3521, 47413106|3535, 47413106|3546, 47413224|3558, 47413224|3592, 47413350|3603, 47413350|3627, 47413476|3640, 47413476|4012, com.google.android.apps.docs, 
47414781|1, 47414781|1820, 47414901|1903, 47414901|1949, 47415218|1961, 47415455|1981, 47415455|2001, 47415695|2013, 47415695|2046, 47417631|2059, 47417631|2072, 47417947|2087, 47417947|2142, 47418027|2153, 47418027|2166, 47418227|2177, 47418313|2188, 47418313|2984, 47418479|2996, 47418479|4012, com.google.android.music, 
47420209|1, 47420209|727, 47420336|758, 47420716|840, 47420836|939, 47421450|958, 47421490|973, 47421490|995, 47421749|1039, 47421749|1062, 47421789|1146, 47422029|1237, 47422029|1398, 47422069|1484, 47422069|1612, 47422259|1640, 47422259|1821, 47422299|1837, 47423080|1862, 47423080|2152, 47423921|2173, 47423921|2441, 47423961|2463, 47424252|2490, 47424252|2617, 47425028|2650, 47425028|3193, 47425068|3207, 47425068|4009, com.sololearn.cplusplus, 
47425308|1, 47425308|2502, 47425348|2546, 47425526|2586, 47425586|2617, 47425586|2666, 47425884|2678, 47425884|2712, 47426209|2730, 47426209|2758, 47427525|2770, 47427525|2906, 47427565|2918, 47427605|2930, 47427605|3140, 47427763|3194, 47427763|3539, 47427941|3554, 47427941|4005, com.google.android.apps.photos, 
47428279|1, 47428279|1718, 47428353|1747, 47428353|1790, 47428427|1801, 47428427|1832, 47428487|1845, 47428487|1990, 47429134|2003, 47429134|2115, 47429274|2155, 47429274|2324, 47429566|2337, 47429566|2535, 47429686|2546, 47429686|2741, 47430108|2755, 47430108|2972, 47430697|2983, 47430697|3143, 47430737|3157, 47430737|3843, 47430800|3860, 47430863|3905, 47430863|3953, 47430923|3978, 47431194|4017, com.bankofamerica.cashpromobile, 
47433224|1, 47433224|758, 47433284|802, 47433468|884, 47433848|972, 47435198|1032, 47435198|1085, 47435318|1102, 47435318|1153, 47435358|1172, 47435358|1824, 47437600|1838, 47437600|1951, 47437763|2025, 47437763|2170, 47437803|2194, 47437803|2220, 47438022|2255, 47438022|2380, 47438222|2392, 47438222|2439, 47438388|2454, 47438388|2590, 47439807|2605, 47439807|2823, 47439847|2834, 47439847|2910, 47439988|2996, 47440265|3060, 47441733|3102, 47441733|3218, 47441939|3244, 47442544|3278, 47442544|3293, 47442666|3311, 47442666|3324, 47442726|3343, 47444312|3386, 47444312|3412, 47444512|3424, 47444512|3448, 47444678|3469, 47444678|3480, 47446664|3491, 47446664|3504, 47446704|3518, 47448658|3540, 47448658|3569, 47450612|3585, 47450612|3630, 47452566|3641, 47452566|3686, 47452606|3713, 47452606|4001, com.mxtech.videoplayer.ad, 
47453126|1, 47453126|620, 47453246|733, 47453246|751, 47453506|780, 47454149|853, 47454976|956, 47455096|972, 47455096|1038, 47455136|1058, 47455136|1617, 47457378|1670, 47457378|1772, 47457418|1833, 47457418|2054, 47457478|2077, 47457478|2308, 47457737|2324, 47457737|2518, 47458017|2540, 47458017|2562, 47458183|2573, 47458183|2697, 47458283|2745, 47461247|2814, 47461407|2842, 47461407|2888, 47461573|2906, 47461573|2924, 47461653|2935, 47462258|2975, 47462258|3002, 47462418|3038, 47463786|3061, 47463786|3080, 47464064|3096, 47464064|3130, 47464224|3144, 47464390|3156, 47464390|3169, 47466344|3186, 47466344|3199, 47466384|3211, 47466384|3234, 47468338|3247, 47468338|3292, 47470292|3307, 47470292|3351, 47472278|3368, 47472278|3429, 47472318|3440, 47472318|4001, com.mxtech.videoplayer.ad, 
47472798|1, 47472798|1308, 47472920|1405, 47472920|1446, 47472980|1465, 47472980|1501, 47473233|1524, 47473393|1548, 47473701|1618, 47474406|1688, 47474906|1735, 47475497|1813, 47476745|1949, 47477117|2018, 47477701|2052, 47478662|2067, 47478662|2143, 47478828|2181, 47480073|2218, 47480709|2242, 47481041|2273, 47482232|2298, 47482272|2344, 47483105|2397, 47483105|2497, 47483311|2516, 47484101|2534, 47484181|2566, 47484181|2589, 47485597|2602, 47485597|2627, 47485637|2642, 47485677|2655, 47485677|2671, 47486262|2725, 47486262|2795, 47486342|2806, 47486342|2847, 47487132|2862, 47487200|2875, 47487268|2902, 47487328|2917, 47487368|2947, 47487368|2963, 47487408|2980, 47487408|2990, 47488861|3004, 47488861|3028, 47488901|3046, 47488901|3058, 47489494|3071, 47489494|3104, 47489834|3122, 47489834|3328, 47490034|3359, 47490034|3377, 47490114|3402, 47491580|3414, 47492462|3432, 47492462|3642, 47492502|3655, 47492502|3720, 47492622|3734, 47492622|3750, 47494073|3761, 47494073|4008, com.dropbox.android, 
47497875|1, 47497875|1029, 47497945|1163, 47498199|1391, 47498199|1448, 47498749|1486, 47498749|1562, 47499268|1674, 47499434|1740, 47499474|1787, 47499474|1819, 47500297|1856, 47500357|1935, 47500523|1962, 47500523|1985, 47500683|2002, 47500723|2027, 47501361|2057, 47502624|2142, 47503620|2230, 47504198|2304, 47504198|2345, 47504509|2399, 47507776|2450, 47509429|2502, 47509669|2574, 47509829|2618, 47511594|2766, 47511594|2811, 47511760|2836, 47511760|2983, 47513263|3045, 47513263|3207, 47513303|3270, 47513303|3721, 47513366|3732, 47513366|4005, com.ebay.mobile, 
47517551|1, 47517551|1562, 47517611|1583, 47517611|1623, 47517871|1633, 47517871|1661, 47517991|1678, 47517991|1704, 47518116|1720, 47519072|1735, 47519112|1745, 47519112|2025, 47519192|2038, 47519192|4001, com.google.android.keep, 
47519272|1, 47519272|968, 47519332|1166, 47519332|1227, 47519663|1327, 47519663|1458, 47520135|1516, 47520135|1554, 47520195|1574, 47520395|1716, 47520395|1774, 47520888|1845, 47523209|2020, 47524430|2142, 47524470|2214, 47524470|2234, 47524630|2263, 47528813|2448, 47530650|2587, 47530650|2756, 47530690|2787, 47530690|4004, com.ebay.mobile, 
47534756|1, 47534756|2652, 47534868|2718, 47536489|2931, 47536489|3109, 47537157|3140, 47537277|3190, 47537277|3840, 47537317|3863, 47537317|4011, air.com.hypah.io.slither, 
47541403|1, 47541403|2043, 47541541|2072, 47541661|2092, 47541661|2128, 47542215|2139, 47542215|2162, 47542255|2173, 47542455|2187, 47542859|2198, 47543882|2212, 47544627|2236, 47544627|2294, 47544667|2307, 47544707|2318, 47545033|2336, 47545033|3366, 47545199|3381, 47545199|4005, com.google.android.music, 
47548206|1, 47548206|4002, com.android.vending, 
47548286|1, 47548286|703, 47548360|754, 47548890|887, 47548890|1066, 47549048|1196, 47549350|1300, 47549350|2514, 47549470|2595, 47549470|3270, 47549586|3337, 47550402|3392, 47550402|3456, 47550442|3474, 47551047|3512, 47551167|3566, 47551167|3642, 47551772|3660, 47551772|3696, 47551892|3718, 47551892|4019, com.scb.breezebanking.hk, 
47551972|1, 47551972|2239, 47552035|2278, 47552158|2341, 47552698|2389, 47552698|2593, 47552778|2666, 47552778|2977, 47552839|3042, 47552900|3092, 47553020|3117, 47553020|3136, 47554148|3164, 47554148|3183, 47554228|3215, 47554228|4013, com.sometimeswefly.littlealchemy, 
47554468|1, 47554468|676, 47554528|713, 47554656|791, 47555499|860, 47556406|931, 47556446|946, 47556446|976, 47556646|1009, 47556646|1077, 47556686|1096, 47556686|1621, 47558928|1675, 47558928|1844, 47558968|1925, 47558968|2193, 47559031|2241, 47559094|2263, 47559154|2284, 47559154|2420, 47559413|2434, 47559413|2632, 47559653|2645, 47559653|2668, 47559819|2679, 47559819|2782, 47559940|2811, 47560000|2849, 47561461|2898, 47561698|2912, 47561698|2925, 47561898|2941, 47561898|3003, 47561938|3018, 47563412|3044, 47563452|3066, 47564017|3080, 47564017|3094, 47564097|3116, 47564097|3152, 47564179|3178, 47564279|3213, 47564279|3233, 47564557|3280, 47566065|3299, 47566231|3312, 47566231|3331, 47568185|3349, 47568185|3369, 47568225|3395, 47570179|3421, 47570179|3432, 47570219|3449, 47572173|3474, 47572173|3515, 47574159|3527, 47574159|3578, 47574199|3591, 47574199|4010, com.mxtech.videoplayer.ad, 
47574719|1, 47574719|1362, 47574843|1505, 47575145|1650, 47577923|1781, 47577963|1832, 47577963|2194, 47578129|2230, 47578129|2727, 47578251|2781, 47580879|2867, 47581132|2936, 47581962|2969, 47581962|2993, 47582214|3189, 47582214|4004, com.google.android.apps.docs, 
47582374|1, 47582374|588, 47582437|612, 47582437|641, 47582557|680, 47582937|740, 47582937|862, 47583810|913, 47583850|946, 47583850|982, 47584170|1126, 47584170|1236, 47584210|1300, 47584210|1453, 47584400|1520, 47584400|1790, 47584440|1802, 47585221|1816, 47585221|2113, 47586062|2136, 47586062|2396, 47586353|2414, 47586353|2432, 47586393|2446, 47586393|2611, 47587169|2634, 47587169|3153, 47587209|3165, 47587209|4008, com.sololearn.cplusplus, 
47587449|1, 47587449|1780, 47587523|1804, 47587523|1933, 47587583|1946, 47587583|2040, 47587643|2053, 47587643|2099, 47588230|2113, 47588230|2528, 47588310|2539, 47588370|2550, 47588370|2785, 47588430|2800, 47588430|2833, 47588722|2846, 47588722|3143, 47589304|3158, 47589304|3454, 47589344|3502, 47589344|3566, 47589933|3605, 47589933|3775, 47590013|3795, 47590013|4001, com.bankofamerica.cashpromobile, 
47592517|1, 47592517|1058, 47592581|1129, 47592965|1223, 47593807|1360, 47593807|1449, 47593847|1521, 47593847|4001, org.catrobat.catroid, 
47593927|1, 47593927|1210, 47593989|1247, 47594127|1347, 47594127|4004, com.whatsapp, 
47594127|1, 47594127|719, 47594197|748, 47594327|846, 47594327|1044, 47594367|1094, 47594593|1109, 47594648|1158, 47594648|1271, 47594848|1286, 47595014|1306, 47595014|1472, 47596006|1483, 47596006|1691, 47596169|1721, 47596169|1876, 47596209|1886, 47596428|1898, 47596428|2084, 47596628|2097, 47596628|2172, 47596794|2189, 47596794|2340, 47598274|2397, 47598589|2469, 47598789|2510, 47600035|2599, 47600075|2645, 47600075|2886, 47600115|2917, 47600115|4002, com.Slack, 
47601004|1, 47601004|599, 47601080|657, 47601080|4005, com.whatsapp, 
47601080|1, 47601080|616, 47601580|744, 47602223|826, 47603050|892, 47603050|910, 47603170|928, 47603170|1019, 47603210|1041, 47603210|1534, 47605452|1595, 47605452|1745, 47605492|1820, 47605492|2047, 47605552|2094, 47605552|2318, 47605811|2330, 47605811|2518, 47606051|2532, 47606051|2583, 47606217|2593, 47606217|2726, 47607636|2763, 47607636|2810, 47607696|2885, 47608013|2919, 47608213|2944, 47608213|2970, 47609521|3002, 47609687|3020, 47609687|3049, 47610292|3063, 47610292|3086, 47610332|3102, 47610392|3138, 47610392|3163, 47610710|3183, 47610710|3195, 47610910|3213, 47612218|3231, 47612384|3246, 47612384|3259, 47614338|3271, 47614338|3320, 47616292|3330, 47616292|3375, 47616332|3388, 47616372|3401, 47616372|3411, 47618326|3429, 47618326|3445, 47618366|3455, 47620352|3473, 47620352|3543, 47620392|3554, 47620392|4003, com.mxtech.videoplayer.ad, 
47620958|1, 47620958|4010, com.ted.android.conference, 
47620958|1, 47620958|4003, com.google.android.gm, 
47620958|1, 47620958|1396, 47621940|1804, 47621940|1999, 47621999|2197, 47625068|2405, 47625822|2489, 47628366|2567, 47628366|2590, 47628783|2619, 47629393|2658, 47629638|2733, 47629678|2775, 47629678|4006, com.android.chrome, 
47630158|1, 47630158|618, 47630469|688, 47630729|715, 47630849|734, 47630849|894, 47631762|1035, 47632082|1204, 47632082|1239, 47632122|1329, 47632122|1569, 47632312|1594, 47632312|1820, 47633133|1835, 47633133|2163, 47633974|2174, 47633974|2442, 47634265|2472, 47634305|2498, 47634305|2637, 47635081|2664, 47635081|3276, 47635121|3317, 47635121|4007, com.sololearn.cplusplus, 
47635361|1, 47635361|660, 47635421|674, 47635481|702, 47635741|728, 47635861|755, 47635861|851, 47636019|893, 47636774|1034, 47637094|1160, 47637094|1312, 47637134|1382, 47637134|1477, 47637324|1521, 47637324|1749, 47638145|1764, 47638145|2077, 47638986|2099, 47638986|2362, 47639277|2382, 47639277|2398, 47639317|2417, 47639317|2567, 47640093|2584, 47640093|3122, 47640133|3132, 47640133|4010, com.sololearn.cplusplus, 
47640413|1, 47640413|830, 47640475|915, 47640551|1025, 47640551|4008, com.whatsapp, 
47640551|1, 47640551|4001, com.google.android.gm, 
47640551|1, 47640551|1676, 47640625|1694, 47640625|1748, 47640685|1775, 47640685|1925, 47641272|1936, 47641272|2137, 47641372|2164, 47641372|2334, 47641664|2347, 47641664|2547, 47641784|2561, 47641784|2748, 47642206|2760, 47642206|2962, 47642795|2988, 47642795|3152, 47642835|3164, 47642835|3844, 47642898|3859, 47642898|3903, 47642958|3919, 47642958|3941, 47643229|3975, 47643229|4014, com.bankofamerica.cashpromobile, 
47646056|1, 47646056|1956, 47646116|1973, 47646116|2021, 47646156|2032, 47646376|2045, 47646376|2065, 47646496|2090, 47647578|2101, 47647578|2149, 47647618|2160, 47647618|2353, 47647698|2363, 47647698|4003, com.google.android.keep, 
47649778|1, 47649778|2009, 47649841|2052, 47649901|2102, 47650441|2152, 47650441|2453, 47650521|2515, 47650521|4039, com.sometimeswefly.littlealchemy, 
47650601|1, 47650601|1659, 47650661|1674, 47650661|1734, 47650921|1746, 47650921|1770, 47651041|1780, 47651166|1791, 47652123|1810, 47652123|1851, 47652163|1862, 47652163|1872, 47652203|1884, 47652203|2135, 47652283|2147, 47652283|4008, com.google.android.keep, 
47652363|1, 47652363|1435, 47652423|1501, 47652685|1578, 47652805|1591, 47653157|1603, 47653157|1614, 47654121|1677, 47654161|1691, 47654161|2327, 47654327|2360, 47654327|3527, 47656696|3560, 47656696|3597, 47656955|3609, 47656955|3629, 47657075|3640, 47657467|3651, 47657960|3664, 47657960|3691, 47658078|3703, 47658078|3734, 47658204|3745, 47658204|3760, 47658330|3776, 47658330|4010, com.google.android.apps.docs, 
47658490|1, 47658490|4008, at.DiTronic.androidgroup.randomgallery, 
47664574|1, 47664574|4009, com.android.vending, 
47664574|1, 47664574|3086, 47664792|3150, 47664792|3388, 47664872|3416, 47665012|3496, 47665310|3567, 47665635|3605, 47665635|3629, 47666952|3656, 47666952|3804, 47666992|3823, 47667150|4015, com.google.android.apps.photos, 
47667528|1, 47667528|1448, 47668002|1626, 47668002|2150, 47670078|2265, 47671155|2338, 47671510|2397, 47674136|2456, 47674553|2481, 47675085|2548, 47675528|2615, 47675528|4002, com.android.chrome, 
47676008|1, 47676008|1339, 47676068|1411, 47676450|1589, 47676663|1654, 47677846|1700, 47677846|1784, 47677886|1819, 47677886|2067, 47678052|2101, 47678052|3370, 47678112|3400, 47680680|3441, 47680680|3477, 47680800|3507, 47681685|3533, 47681685|3544, 47681803|3559, 47681803|3583, 47681929|3599, 47681929|3693, 47682055|3705, 47682055|4003, com.google.android.apps.docs, 
47682215|1, 47682215|1757, 47682275|1796, 47682275|1820, 47682535|1831, 47682535|1857, 47682655|1881, 47683737|1903, 47683737|1939, 47683777|1961, 47683777|2192, 47683857|2210, 47683857|4005, com.google.android.keep, 
47683937|1, 47683937|1737, 47684011|1774, 47684011|1790, 47684071|1805, 47684071|1973, 47684718|2042, 47684718|2198, 47684858|2210, 47684858|2402, 47685150|2419, 47685150|2600, 47685270|2621, 47685270|2814, 47685692|2826, 47685692|3035, 47686281|3059, 47686281|3228, 47686321|3249, 47686321|3856, 47686384|3873, 47686384|3909, 47686444|3937, 47686715|3959, 47686715|4006, com.bankofamerica.cashpromobile, 
47688745|1, 47688745|1147, 47688807|1260, 47688931|1398, 47688931|1553, 47689189|1602, 47689189|1714, 47689349|1767, 47689468|1854, 47689826|1923, 47689826|2036, 47691251|2090, 47691251|2258, 47691869|2365, 47691869|2572, 47693883|2611, 47693883|2778, 47697281|2968, 47697281|3066, 47697404|3214, 47697404|3267, 47697444|3304, 47697444|3342, 47697715|3385, 47697915|3517, 47697915|3738, 47698081|3781, 47698081|3907, 47699423|3918, 47699423|4001, com.ebay.mobile, 
47699847|1, 47699847|4011, com.google.android.gm, 
47699847|1, 47699847|707, 47699923|786, 47699923|4001, com.whatsapp, 
47699923|1, 47699923|988, 47700038|1055, 47700138|1086, 47700352|1104, 47700352|1116, 47700632|1131, 47700632|1150, 47701196|1164, 47701196|1218, 47701495|1235, 47701495|1315, 47701535|1343, 47701815|1360, 47701815|1371, 47701981|1382, 47701981|1517, 47703375|1531, 47703375|1744, 47703415|1754, 47703415|2227, 47703534|2302, 47703789|2336, 47703989|2354, 47703989|2509, 47705195|2536, 47705235|2555, 47705235|3044, 47705275|3084, 47705275|4003, com.Slack, 
47705555|1, 47705555|2698, 47705667|2901, 47705667|2952, 47707288|3054, 47707288|3218, 47707956|3247, 47707956|4013, air.com.hypah.io.slither, 
47709480|1, 47709480|39, 47709632|67, 47709632|270, 47709692|294, 47709692|320, 47709973|355, 47710093|407, 47713788|464, 47713828|524, 47713828|652, 47714188|686, 47714188|1196, 47714249|1234, 47714310|1307, 47714310|1368, 47714410|1428, 47714410|1446, 47714623|1471, 47714783|1512, 47714783|1570, 47714847|1590, 47714847|1605, 47714911|1617, 47714911|1657, 47715031|1717, 47715842|1774, 47716076|1800, 47716156|1840, 47716236|1859, 47716236|1899, 47716296|1934, 47716530|1957, 47716916|2012, 47718017|2112, 47719641|2178, 47719807|2198, 47723517|2329, 47724498|2391, 47725331|2421, 47725371|2439, 47725371|2520, 47725451|2538, 47725451|2569, 47725559|2654, 47727143|2716, 47728013|2741, 47728558|2771, 47728558|2932, 47728818|2944, 47728818|2998, 47728858|3019, 47728898|3035, 47728978|3054, 47729018|3071, 47729611|3091, 47731064|3102, 47731064|3118, 47731224|3131, 47731224|3169, 47731390|3185, 47732106|3200, 47732106|3434, 47732226|3447, 47732306|3468, 47732306|3479, 47733772|3501, 47733772|3808, 47733812|3825, 47733812|3861, 47733852|3883, 47735303|3900, 47735303|4001, com.dropbox.android, 
47736103|1, 47736103|2276, 47736163|2338, 47736703|2432, 47736703|2473, 47737191|2632, 47737311|2722, 47737311|2861, 47737436|2891, 47737436|2903, 47738649|2936, 47738689|2991, 47738689|4002, com.sometimeswefly.littlealchemy, 
47738769|1, 47738769|1314, 47738869|1435, 47739091|1481, 47739211|1580, 47740529|1629, 47740607|1660, 47740607|1671, 47740647|1700, 47740647|1911, 47740813|1955, 47740813|2911, 47741193|3101, 47741313|3189, 47742276|3249, 47742402|3312, 47742402|3394, 47744711|3405, 47744711|3675, 47744837|3689, 47744837|4004, com.google.android.apps.docs, 
47745037|1, 47745037|729, 47745111|812, 47745111|891, 47745245|1048, 47745675|1187, 47745675|1468, 47746135|1499, 47746135|1927, 47746215|1991, 47746255|2087, 47746255|2963, 47746311|2989, 47746371|3026, 47746645|3079, 47747187|3109, 47747227|3163, 47747952|3263, 47747952|3285, 47748557|3377, 47748677|3448, 47748677|4029, com.scb.breezebanking.hk, 
47748757|1, 47748757|1788, 47748831|1813, 47748831|1847, 47748891|1866, 47748891|2044, 47749538|2056, 47749538|2210, 47749678|2225, 47749678|2420, 47749970|2431, 47749970|2591, 47750512|2634, 47750512|2845, 47751101|2863, 47751101|3028, 47751141|3050, 47751141|3459, 47751204|3527, 47751598|3716, 47751598|3830, 47751718|3863, 47752100|4026, com.bankofamerica.cashpromobile, 
47754665|1, 47754665|1967, 47754734|2038, 47754992|2085, 47754992|2106, 47755269|2120, 47755546|2141, 47756699|2192, 47757722|2219, 47757840|2234, 47757840|2243, 47757998|2255, 47757998|2276, 47758038|2289, 47758038|2300, 47758238|2312, 47758444|2324, 47758444|3337, 47758524|3349, 47758610|3374, 47758610|4003, com.google.android.music, 
47760450|1, 47760450|1245, 47760514|1311, 47760514|1358, 47760574|1417, 47761348|1557, 47762352|1614, 47762352|1636, 47762392|1669, 47762392|1937, 47762558|1978, 47762558|2818, 47762619|2879, 47764988|2931, 47765247|2954, 47765247|2983, 47765367|3002, 47766252|3018, 47766252|3036, 47766370|3049, 47766370|3070, 47766410|3088, 47766496|3104, 47766496|3161, 47766622|3180, 47766622|4027, com.google.android.apps.docs, 
47766782|1, 47766782|2869, 47770296|2880, 47770296|3116, 47770696|3130, 47770696|3593, 47770844|3642, 47770904|3673, 47771050|3709, 47771380|3730, 47771380|3743, 47771791|3764, 47773024|3776, 47773024|3798, 47773269|3810, 47773859|3822, 47774009|3840, 47774049|3855, 47774201|3873, 47774201|4013, at.DiTronic.androidgroup.randomgallery, 
47775319|1, 47775319|1047, 47775441|1095, 47775501|1129, 47775541|1196, 47775754|1238, 47776038|1277, 47776853|1371, 47777367|1424, 47777367|1436, 47777467|1470, 47777701|1509, 47778198|1578, 47778358|1603, 47778358|1620, 47778810|1642, 47780927|1703, 47782618|1725, 47782950|1800, 47782990|1815, 47783572|1835, 47783572|1847, 47784307|1871, 47784347|1896, 47785140|1918, 47785180|1935, 47785346|1948, 47785346|1962, 47786176|1983, 47786216|2012, 47786216|2093, 47786256|2129, 47786256|2161, 47786296|2198, 47787752|2215, 47787912|2232, 47787912|2302, 47788457|2338, 47788457|2385, 47788525|2407, 47789375|2446, 47789375|2542, 47789455|2553, 47789455|2592, 47789495|2609, 47789495|2624, 47789535|2634, 47791841|2651, 47791841|2707, 47791921|2721, 47791921|2888, 47792041|2902, 47792041|2915, 47792081|2928, 47792121|2946, 47792121|2957, 47793003|2980, 47793003|3013, 47793043|3027, 47793043|3082, 47794509|3111, 47794509|3151, 47794549|3170, 47794549|3403, 47794629|3420, 47794629|3478, 47796080|3501, 47796080|3814, 47796120|3828, 47796160|3842, 47796160|3858, 47797601|3870, 47797601|4004, com.dropbox.android, 
47801449|1, 47801449|2939, 47801681|3094, 47803850|3293, 47804830|3352, 47805350|3415, 47805430|3494, 47805430|3514, 47805510|3545, 47805510|3556, 47805550|3574, 47805590|3592, 47805590|3652, 47805630|3673, 47805670|3686, 47805670|3717, 47805710|3742, 47805750|3753, 47805750|4025, air.com.hypah.io.slither, 
47810755|1, 47810755|746, 47810901|831, 47811391|941, 47811391|1117, 47811851|1265, 47811851|1516, 47811891|1577, 47811971|1658, 47811971|2761, 47812027|2775, 47812087|2809, 47812903|2904, 47813548|2985, 47813668|3054, 47813668|3104, 47814273|3119, 47814273|3143, 47814393|3164, 47814393|4009, com.scb.breezebanking.hk, 
47814473|1, 47814473|1783, 47814611|1869, 47814731|1904, 47814731|1938, 47815285|1949, 47815285|1987, 47815405|2000, 47815525|2012, 47815670|2023, 47816842|2036, 47817461|2047, 47817737|2064, 47817737|2121, 47817817|2133, 47817817|2160, 47818097|2171, 47818223|2187, 47818223|3019, 47818389|3033, 47818449|4017, com.google.android.music, 
47820049|1, 47820049|2811, 47823564|2825, 47823564|3061, 47823964|3077, 47823964|3559, 47824024|3620, 47824084|3649, 47824354|3672, 47824645|3691, 47824765|3713, 47825600|3737, 47825600|3748, 47826943|3761, 47826943|3772, 47827175|3784, 47827175|3819, 47827215|3841, 47827215|4009, at.DiTronic.androidgroup.randomgallery, 
47828482|1, 47828482|924, 47828626|960, 47828626|974, 47828726|1060, 47828726|1160, 47828953|1192, 47829073|1231, 47829073|1689, 47829915|1871, 47829915|1978, 47830035|2009, 47830035|4008, com.android.vending, 
47830115|1, 47830115|1952, 47830178|1979, 47830238|2025, 47830778|2055, 47830778|2307, 47830858|2359, 47830858|4003, com.sometimeswefly.littlealchemy, 
47830938|1, 47830938|2881, 47832559|3076, 47832559|3226, 47833327|3307, 47833447|3324, 47833447|4004, air.com.hypah.io.slither, 
47837614|1, 47837614|1675, 47837677|1728, 47837740|1759, 47837864|1792, 47837983|1846, 47838043|1880, 47838043|1915, 47838302|1949, 47838562|1973, 47838562|2041, 47839017|2066, 47839177|2172, 47839343|2191, 47839403|2229, 47839729|2308, 47840683|2353, 47842008|2389, 47842008|2408, 47842275|2455, 47845642|2522, 47845682|2560, 47846074|2632, 47846432|2720, 47846632|2755, 47846632|2819, 47846838|2915, 47848515|2986, 47848555|3018, 47849153|3088, 47849791|3242, 47849791|3377, 47850386|3606, 47851024|3706, 47851024|3843, 47851622|3859, 47851622|4007, com.ebay.mobile, 
47856541|1, 47856541|985, 47856989|1118, 47857831|1283, 47857831|1362, 47857871|1389, 47857871|4002, org.catrobat.catroid, 
47858619|1, 47858619|1163, 47858741|1241, 47858741|1314, 47859706|1397, 47860090|1429, 47860370|1458, 47861261|1539, 47861341|1569, 47861538|1599, 47861758|1620, 47861818|1634, 47861818|1649, 47862052|1667, 47862406|1694, 47862446|1708, 47862606|1757, 47862606|2068, 47863270|2125, 47866364|2170, 47866364|2291, 47866530|2307, 47866530|2326, 47866736|2344, 47866942|2361, 47868883|2410, 47869049|2426, 47869089|2443, 47869209|2460, 47870002|2482, 47870002|2549, 47870042|2568, 47871458|2589, 47871458|2655, 47871498|2667, 47871498|2709, 47872456|2742, 47872496|2781, 47872496|2826, 47873121|2842, 47873121|2920, 47873241|2937, 47873461|2960, 47874914|2984, 47874954|2997, 47874954|3154, 47875114|3167, 47875114|3181, 47875707|3193, 47875707|3218, 47876589|3229, 47876589|3268, 47876669|3285, 47876669|3301, 47876709|3313, 47876709|3350, 47878175|3368, 47878175|3413, 47878215|3425, 47878215|3438, 47878255|3450, 47878255|3669, 47878295|3682, 47878295|3693, 47878375|3714, 47878375|3730, 47879826|3751, 47879826|4006, com.dropbox.android, 
47885115|1, 47885115|780, 47886341|1102, 47886381|1181, 47886381|4002, org.catrobat.catroid, 
47886461|1, 47886461|1281, 47886524|1335, 47886644|1428, 47886684|1526, 47887163|1580, 47887163|1625, 47887722|1675, 47887722|1721, 47887888|1800, 47888054|1828, 47888977|1899, 47890359|1960, 47890359|1993, 47890579|2045, 47890886|2095, 47890926|2150, 47891198|2197, 47891198|2246, 47891358|2312, 47891518|2363, 47892400|2451, 47898737|2995, 47898737|3142, 47898777|3275, 47898777|4003, com.ebay.mobile, 
47899217|1, 47899217|3036, 47902742|3048, 47902742|3260, 47902782|3278, 47903142|3303, 47903142|3701, 47903350|3745, 47903350|3772, 47903450|3811, 47903680|3830, 47903680|3842, 47903971|3853, 47904091|3867, 47904091|3878, 47904926|3898, 47904926|3910, 47905036|3922, 47905036|3933, 47906269|3947, 47906269|3959, 47906461|3972, 47906501|3988, 47906501|4002, at.DiTronic.androidgroup.randomgallery, 
47907393|1, 47907393|1142, 47908007|1602, 47908007|1880, 47908185|2167, 47910865|2281, 47911578|2366, 47911889|2407, 47912616|2456, 47914531|2499, 47914666|2570, 47914735|2627, 47914735|4005, com.android.chrome, 
47915215|1, 47915215|2864, 47916836|3085, 47916836|3220, 47917504|3248, 47917504|3270, 47917624|3295, 47917624|4004, air.com.hypah.io.slither, 
47919300|1, 47919300|202, 47919360|239, 47919360|248, 47919641|278, 47919641|321, 47919761|345, 47919761|391, 47923494|441, 47923494|571, 47923854|740, 47923854|1025, 47923918|1097, 47924018|1162, 47924358|1205, 47924358|1273, 47925080|1383, 47925080|1503, 47925120|1571, 47925120|4009, org.catrobat.catroid, 
47925200|1, 47925200|1041, 47925322|1101, 47925382|1156, 47925382|1195, 47925635|1207, 47925983|1271, 47926457|1321, 47928273|1396, 47928273|1407, 47928753|1429, 47928987|1475, 47929147|1568, 47929479|1617, 47930558|1651, 47932905|1715, 47933071|1741, 47933111|1789, 47934594|1837, 47934634|1864, 47935427|1898, 47935593|1938, 47936423|1977, 47936423|2693, 47936463|2706, 47936463|3001, 47936503|3014, 47936503|3084, 47937293|3107, 47937333|3125, 47937333|3150, 47937433|3173, 47937433|3190, 47937473|3207, 47938073|3223, 47938889|3234, 47938889|3323, 47938929|3341, 47939189|3373, 47939189|3397, 47939229|3409, 47939814|3452, 47939814|3525, 47939854|3541, 47939854|3552, 47940014|3565, 47940014|3575, 47940936|3601, 47942389|3614, 47942389|3724, 47942429|3736, 47943022|3757, 47943022|3808, 47943062|3818, 47943062|4006, com.dropbox.android, 
47946979|1, 47946979|2882, 47947059|2904, 47947357|2961, 47947357|2981, 47947417|2999, 47947417|3045, 47947457|3058, 47947715|3070, 47947715|3089, 47947955|3102, 47948080|3118, 47949326|3130, 47949326|3143, 47949436|3157, 47949436|3218, 47949476|3228, 47949476|3455, 47949556|3467, 47949634|3480, 47949634|3933, 47949812|3953, 47949812|4004, com.google.android.apps.photos, 
47950150|1, 47950150|717, 47950224|780, 47950284|859, 47950714|1064, 47951134|1148, 47951174|1282, 47951174|1458, 47951214|1567, 47951294|1691, 47951294|2868, 47951350|2897, 47951410|2948, 47952226|3086, 47952831|3148, 47952951|3189, 47952951|3294, 47953556|3321, 47953556|3339, 47953676|3359, 47953676|4002, com.scb.breezebanking.hk, 
47953756|1, 47953756|1524, 47954498|1694, 47954498|2068, 47957516|2312, 47957516|2325, 47958069|2396, 47960684|2461, 47961576|2520, 47961858|2606, 47961858|4004, com.android.chrome, 
47962258|1, 47962258|1065, 47962376|1097, 47962436|1142, 47962436|1304, 47962476|1317, 47962695|1328, 47962695|1507, 47962895|1544, 47962895|1594, 47963061|1607, 47963061|1821, 47964463|1830, 47964463|2069, 47964503|2109, 47964503|2302, 47964662|2401, 47964957|2437, 47965117|2483, 47966323|2524, 47966363|2555, 47966363|2838, 47966403|2869, 47966403|4002, com.Slack, 
47967856|1, 47967856|904, 47967918|937, 47968056|1080, 47968056|4009, com.whatsapp, 
47968056|1, 47968056|4009, com.android.vending, 
47968056|1, 47968056|2749, 47968116|2773, 47968116|2824, 47968156|2835, 47968632|2851, 47968632|2870, 47968672|2881, 47968957|2893, 47968957|2903, 47969204|2915, 47969676|2926, 47970313|2937, 47970313|2997, 47970353|3010, 47970353|3262, 47970511|3275, 47970511|3832, 47970689|3849, 47970689|4010, com.google.android.apps.photos, 
47971027|1, 47971027|704, 47971082|742, 47971202|785, 47971202|800, 47971456|819, 47971456|841, 47971696|861, 47971696|878, 47972260|906, 47972519|926, 47972519|941, 47972559|957, 47972559|1030, 47972799|1045, 47972799|1056, 47972839|1072, 47972839|1145, 47973005|1155, 47973005|1350, 47973045|1361, 47974496|1375, 47974496|1583, 47974536|1600, 47974536|1933, 47974595|1975, 47974655|2012, 47974655|2042, 47974910|2060, 47974910|2071, 47975110|2092, 47975110|2172, 47976316|2192, 47976356|2224, 47976356|2775, 47976396|2806, 47976396|4005, com.Slack, 
47976636|1, 47976636|959, 47976950|1062, 47977316|1137, 47977774|1156, 47977814|1179, 47977814|1266, 47978073|1278, 47978073|1420, 47978313|1433, 47978313|1452, 47978353|1465, 47978353|1478, 47978519|1488, 47978519|1631, 47979971|1648, 47979971|1862, 47980011|1876, 47980011|2238, 47980071|2273, 47980071|2302, 47980326|2322, 47980326|2336, 47980526|2365, 47981772|2437, 47981772|2643, 47981812|2686, 47981812|4003, com.Slack, 
47982052|1, 47982052|2437, 47983785|2787, 47983785|3052, 47983850|3088, 47983915|3144, 47983975|3180, 47983975|3215, 47984015|3225, 47984236|3248, 47984356|3260, 47984356|3400, 47984481|3420, 47989143|3480, 47989143|3563, 47989183|3594, 47989183|4020, air.com.hypah.io.slither, 
47989343|1, 47989343|229, 47989416|329, 47989416|393, 47989476|416, 47989476|523, 47989767|537, 47989807|565, 47990012|600, 47990590|631, 47990590|695, 47990700|714, 47990700|735, 47990760|760, 47990760|841, 47990912|898, 47990912|978, 47990952|1047, 47991193|1102, 47991193|1183, 47991313|1220, 47995004|1236, 47995004|1354, 47995065|1449, 47995166|1556, 47996341|1645, 47997212|1724, 47997472|1783, 47997709|1823, 47997889|1855, 47998009|1881, 47998877|1927, 48000313|2046, 48000645|2057, 48000645|2071, 48003155|2092, 48004114|2119, 48004902|2164, 48005511|2237, 48005511|2325, 48005677|2343, 48005677|2360, 48006587|2393, 48006667|2432, 48006707|2476, 48008163|2524, 48008163|2553, 48008203|2582, 48008748|2620, 48008828|2639, 48008828|2665, 48009618|2684, 48009618|2703, 48009686|2716, 48009754|2746, 48009814|2758, 48009814|2799, 48009894|2811, 48009894|2857, 48009974|2871, 48009974|2883, 48011427|2923, 48012140|2954, 48012400|2967, 48012400|3243, 48012600|3260, 48012600|3272, 48012680|3285, 48012680|3308, 48015028|3327, 48015028|3544, 48015068|3556, 48015068|3633, 48015148|3647, 48015228|3664, 48016679|3675, 48016679|4014, com.dropbox.android, 
48023535|1, 48023535|2815, 48025156|2984, 48025156|3109, 48025944|3156, 48025944|4015, air.com.hypah.io.slither, 
48030070|1, 48030070|1013, 48030130|1070, 48030130|1117, 48030707|1217, 48031271|1265, 48031311|1305, 48031311|1325, 48031570|1336, 48031570|1438, 48031730|1449, 48031810|1462, 48031810|1519, 48031976|1532, 48031976|1660, 48033443|1672, 48033443|1901, 48033483|1912, 48033483|2275, 48033543|2316, 48034038|2390, 48034038|2453, 48034204|2531, 48035244|2556, 48035284|2576, 48035284|3303, 48035324|3336, 48035324|4011, com.Slack, 
48035564|1, 48035564|987, 48035625|1005, 48035873|1088, 48036663|1149, 48036977|1179, 48036977|1191, 48037197|1225, 48037717|1329, 48038421|1380, 48039044|1418, 48041819|1537, 48042993|1595, 48044448|1753, 48044448|1815, 48044734|1908, 48045567|1931, 48045567|1966, 48046523|1991, 48046643|2028, 48048059|2069, 48048059|2153, 48048139|2167, 48048724|2192, 48048724|2251, 48048804|2279, 48048804|2293, 48049654|2314, 48049654|2372, 48049694|2389, 48049694|2402, 48049734|2423, 48049734|2438, 48050342|2449, 48051187|2462, 48051187|2496, 48051227|2508, 48051487|2522, 48052080|2534, 48052080|2577, 48052160|2590, 48052160|2802, 48052360|2820, 48053322|2857, 48054788|2883, 48054788|3150, 48054828|3163, 48054828|4006, com.dropbox.android, 
48058680|1, 48058680|2920, 48062195|2936, 48062195|3080, 48062595|3096, 48062595|3602, 48062669|3671, 48062789|3719, 48063059|3740, 48063059|3758, 48063350|3771, 48063470|3794, 48063470|3805, 48063715|3817, 48065649|3844, 48065649|3861, 48065881|3875, 48065881|3887, 48065921|3913, 48065921|4011, at.DiTronic.androidgroup.randomgallery, 
48066889|1, 48066889|2481, 48066929|2522, 48067107|2559, 48067147|2589, 48067147|2957, 48067207|2979, 48067207|3036, 48067505|3065, 48067870|3184, 48069186|3251, 48069186|3322, 48069226|3350, 48069226|3521, 48069404|3540, 48069404|3564, 48069524|3585, 48069602|3606, 48069602|4002, com.google.android.apps.photos, 
48069940|1, 48069940|868, 48070016|913, 48070016|4004, com.whatsapp, 
48070016|1, 48070016|1062, 48070080|1102, 48070204|1178, 48070584|1263, 48070584|1297, 48071266|1340, 48071306|1390, 48071306|1456, 48071346|1494, 48071346|4015, org.catrobat.catroid, 
48071426|1, 48071426|2849, 48074941|2875, 48074941|3002, 48075181|3015, 48075381|3029, 48075381|3500, 48075587|3560, 48075647|3590, 48075917|3605, 48076208|3618, 48076208|3629, 48076368|3652, 48078397|3672, 48078397|3681, 48078507|3695, 48078581|3723, 48078739|3745, 48078739|4022, at.DiTronic.androidgroup.randomgallery, 
48079860|1, 48079860|4008, com.android.vending, 
48079940|1, 48079940|665, 48080014|738, 48080074|797, 48080504|966, 48080504|1236, 48080964|1509, 48080964|2024, 48081124|2212, 48081124|3186, 48081180|3217, 48081240|3244, 48082096|3336, 48082096|3376, 48082136|3392, 48082741|3442, 48082861|3501, 48082861|3556, 48083466|3578, 48083586|3613, 48083586|4005, com.scb.breezebanking.hk, 
48083666|1, 48083666|815, 48083852|957, 48083967|1044, 48084007|1073, 48084480|1093, 48084480|1107, 48084720|1135, 48084886|1153, 48085284|1164, 48085284|1195, 48085324|1209, 48085524|1226, 48085524|1249, 48085690|1260, 48085690|1304, 48085730|1319, 48085730|1374, 48087004|1386, 48087004|1563, 48087044|1578, 48087044|2254, 48087163|2352, 48087203|2370, 48087418|2383, 48087418|2406, 48087618|2418, 48087618|2507, 48087784|2520, 48088824|2532, 48088824|2550, 48088864|2591, 48088864|3065, 48088904|3087, 48088904|4004, com.Slack, 
48089144|1, 48089144|3170, 48089264|3309, 48090765|3383, 48090825|3418, 48091533|3455, 48091713|3498, 48093073|3532, 48093113|3594, 48093113|3621, 48093193|3656, 48093273|3681, 48093273|3714, 48093313|3740, 48093313|3773, 48093393|3795, 48093433|3834, 48093473|3854, 48093473|4002, air.com.hypah.io.slither, 
48098519|1, 48098519|1116, 48098591|1333, 48098591|1608, 48098655|1656, 48098977|1755, 48099097|1805, 48099097|1879, 48100493|1951, 48100493|1967, 48100533|2012, 48100533|2345, 48100613|2393, 48100699|2435, 48100699|3674, 48103069|3724, 48103130|3748, 48103190|3759, 48103190|3795, 48103449|3810, 48103449|3834, 48103489|3846, 48103795|3857, 48104454|3869, 48104454|3881, 48104572|3894, 48104572|3918, 48104612|3930, 48104698|3943, 48104698|3954, 48104824|3976, 48104824|4002, com.google.android.apps.docs, 
48104984|1, 48104984|1205, 48105044|1318, 48105306|1391, 48106744|1541, 48106822|1628, 48106822|1884, 48106988|1926, 48106988|3078, 48107048|3124, 48109357|3189, 48109736|3252, 48110621|3269, 48110739|3295, 48110739|3322, 48110865|3334, 48110865|3385, 48110991|3398, 48110991|4015, com.google.android.apps.docs, 
48111151|1, 48111151|669, 48111225|744, 48111285|798, 48111755|872, 48111755|1006, 48112215|1129, 48112215|1519, 48112335|1602, 48112335|2768, 48112451|2833, 48112725|2859, 48112725|2885, 48113267|2901, 48113267|2929, 48113307|2968, 48113912|3005, 48114032|3056, 48114032|3085, 48114637|3098, 48114637|3110, 48114757|3136, 48114757|4004, com.scb.breezebanking.hk, 
48114837|1, 48114837|1784, 48115113|1846, 48115233|1859, 48115233|1899, 48115787|1910, 48115787|1944, 48116027|1957, 48116027|1967, 48116172|1979, 48116576|1991, 48117963|2003, 48117963|2194, 48118043|2210, 48118199|2233, 48118199|2281, 48118239|2294, 48118279|2306, 48118319|2317, 48118319|2420, 48118399|2431, 48118485|2455, 48118485|3606, 48118651|3629, 48118651|4064, com.google.android.music, 
48121208|1, 48121208|908, 48121272|953, 48121776|1165, 48122498|1211, 48122498|1329, 48122538|1394, 48122538|4012, org.catrobat.catroid, 
48122618|1, 48122618|714, 48122678|765, 48123740|889, 48123780|945, 48123780|1015, 48123820|1093, 48123820|4005, org.catrobat.catroid, 
48123940|1, 48123940|4006, com.android.vending, 
48123940|1, 48123940|847, 48124000|884, 48124380|968, 48125102|1065, 48125102|1248, 48125142|1332, 48125142|4005, org.catrobat.catroid, 
48125222|1, 48125222|795, 48125356|864, 48125626|906, 48125746|1082, 48125746|1193, 48126206|1257, 48126206|1617, 48126286|1630, 48126286|1641, 48126326|1675, 48126326|2332, 48126382|2395, 48126382|2422, 48126442|2436, 48126442|2466, 48126716|2485, 48127218|2504, 48127218|2550, 48127863|2572, 48127863|2599, 48127943|2619, 48127943|2767, 48128548|2791, 48128668|2852, 48128668|4008, com.scb.breezebanking.hk, 
48128748|1, 48128748|2738, 48128788|2762, 48128966|2774, 48128966|2885, 48129186|2907, 48129186|2957, 48129226|2969, 48129484|2995, 48129809|3039, 48131055|3058, 48131165|3072, 48131165|3132, 48131205|3145, 48131205|3453, 48131363|3465, 48131363|3575, 48131403|3599, 48131403|3766, 48131581|3779, 48131581|4008, com.google.android.apps.photos, 
48131919|1, 48131919|2196, 48131982|2214, 48131982|2230, 48132045|2252, 48132105|2269, 48132105|2310, 48132645|2332, 48132645|2564, 48132725|2583, 48132725|4010, com.sometimeswefly.littlealchemy, 
48132805|1, 48132805|1919, 48132875|1942, 48132945|1954, 48132945|1968, 48133403|2086, 48133403|2118, 48133528|2156, 48133568|2219, 48134161|2282, 48134161|2302, 48134201|2329, 48134261|2393, 48134801|2442, 48134801|2639, 48134881|2669, 48134881|4034, com.sometimeswefly.littlealchemy, 
48134961|1, 48134961|2108, 48135179|2197, 48135179|2509, 48135219|2543, 48135219|2812, 48135279|2835, 48135279|2890, 48135577|2913, 48135577|2939, 48135777|2951, 48135902|2978, 48137148|2989, 48137148|2998, 48137218|3015, 48137218|3068, 48137258|3085, 48137258|3141, 48137436|3152, 48137436|3357, 48137556|3371, 48137634|3387, 48137634|4002, com.google.android.apps.photos, 
48137972|1, 48137972|1000, 48138048|1048, 48138048|4002, com.whatsapp, 
48138048|1, 48138048|1279, 48138112|1363, 48138172|1402, 48138434|1436, 48138554|1510, 48139990|1666, 48139990|1850, 48140156|1895, 48140156|2967, 48140216|3032, 48140475|3092, 48140595|3136, 48141480|3165, 48141480|3175, 48143907|3193, 48143907|3224, 48144033|3243, 48144033|3517, 48144159|3528, 48144159|4001, com.google.android.apps.docs, 
48144319|1, 48144319|1398, 48144381|1452, 48144933|1598, 48144933|2191, 48145467|2432, 48148464|2559, 48149478|2660, 48151525|2736, 48151591|2809, 48151591|2854, 48151660|2879, 48151660|4009, com.android.chrome, 
48152060|1, 48152060|1197, 48152548|1387, 48152548|1828, 48152608|1937, 48154564|2001, 48155408|2060, 48156162|2161, 48159059|2240, 48159851|2339, 48159891|2365, 48159891|4009, com.android.chrome, 
48160131|1, 48160131|662, 48160207|673, 48160207|4012, com.whatsapp, 
