294|1, 295|36, 295|183, 296|213, 293|301, 293|415, 291|453, 291|1023, 293|1050, 291|1074, 291|1298, 301|1377, 299|1492, 299|1541, 305|1605, 305|1737, 303|1778, 303|1886, 307|1975, 305|2038, 305|3366, 303|3491, 303|3726, 291|3786, 291|4018, com.ebay.mobile, 
282|1, 282|83, 283|105, 283|192, 286|239, 279|310, 279|790, 283|866, 281|894, 279|958, 279|1127, 287|1238, 287|1945, 289|2016, 287|2037, 287|2580, 289|2598, 287|2652, 287|3127, 289|3204, 287|3230, 287|3726, 289|3739, 287|3752, 287|4006, com.sololearn.cplusplus, 
282|1, 282|57, 284|75, 282|104, 284|121, 282|139, 282|218, 284|244, 284|283, 282|304, 283|332, 283|530, 286|597, 286|630, 279|741, 280|892, 280|1064, 288|1154, 290|1349, 290|1474, 288|1659, 288|1809, 294|1832, 294|1923, 288|1945, 288|3802, 290|3813, 288|3825, 288|4009, com.ted.android.conference, 
282|1, 282|133, 283|143, 283|268, 284|299, 277|366, 277|556, 278|578, 278|1265, 280|1284, 280|1320, 278|1369, 278|1443, 280|1472, 278|1487, 278|1511, 284|1538, 282|1599, 288|1630, 286|1737, 286|1939, 290|1980, 290|2057, 292|2081, 292|3848, 294|3859, 292|3890, 292|4004, com.dropbox.android, 
282|1, 282|170, 283|180, 283|206, 285|221, 283|276, 283|317, 284|336, 277|398, 278|465, 278|787, 280|805, 280|904, 278|934, 278|1054, 286|1088, 286|1294, 290|1351, 292|1433, 294|1489, 292|1607, 292|2033, 294|2068, 292|2098, 292|2111, 294|2133, 292|2197, 292|3326, 294|3336, 292|3363, 292|3862, 294|3878, 292|3891, 292|3904, 294|3916, 292|3932, 292|4009, com.dropbox.android, 
282|1, 282|183, 283|192, 283|292, 285|304, 279|379, 279|769, 286|894, 290|998, 290|1072, 294|1086, 300|1181, 304|1267, 304|1329, 308|1387, 310|1452, 310|1489, 312|1548, 310|1661, 310|2041, 308|2080, 308|2193, 310|2246, 310|2704, 308|2721, 308|3798, 310|3812, 308|3826, 308|4004, com.bankofamerica.cashpromobile, 
282|1, 282|258, 283|272, 283|417, 278|482, 276|586, 276|670, 278|691, 278|765, 279|827, 279|1745, 283|1807, 285|1910, 285|2459, 291|2484, 285|2524, 285|4006, com.android.chrome, 
237|1, 237|154, 238|164, 238|258, 234|317, 234|601, 236|637, 236|664, 234|693, 234|924, 242|1148, 242|1278, 240|1293, 242|1349, 242|4005, com.sololearn.cplusplus, 
237|1, 237|46, 239|55, 237|89, 237|129, 238|152, 238|232, 240|251, 238|268, 238|286, 236|321, 241|405, 234|496, 234|1478, 236|1489, 234|1517, 234|1758, 242|1796, 244|1904, 244|1975, 242|2056, 242|3855, 244|3867, 242|3892, 242|4006, com.google.android.gm, 
237|1, 237|187, 238|199, 238|336, 239|369, 234|452, 234|551, 236|694, 241|760, 235|780, 235|1723, 243|1776, 243|1857, 247|1912, 243|2055, 243|2249, 245|2261, 245|2311, 243|2338, 243|2487, 245|2497, 243|2513, 243|2592, 247|2604, 247|2646, 243|2657, 243|3035, 244|3089, 244|3166, 246|3178, 246|3229, 244|3239, 244|3716, 246|3735, 244|3907, 246|4146, com.google.android.music, 
238|1, 238|217, 239|227, 239|334, 242|357, 235|484, 235|589, 238|630, 246|696, 246|757, 250|822, 256|934, 260|1081, 260|1150, 264|1228, 264|1819, 266|1840, 266|1890, 264|1937, 264|3351, 270|3406, 270|3636, 264|3734, 264|3860, 266|3875, 266|3923, 264|3946, 264|4023, com.bankofamerica.cashpromobile, 
238|1, 238|262, 239|274, 239|442, 235|518, 235|1086, 237|1131, 243|1183, 243|1697, 245|1812, 243|1868, 243|2335, 245|2353, 243|2365, 243|2941, 245|2967, 243|3033, 243|3617, 245|3632, 243|3675, 243|4002, com.google.android.keep, 
238|1, 238|202, 239|213, 239|334, 242|376, 235|417, 235|443, 237|477, 236|541, 236|567, 244|628, 244|712, 246|774, 246|947, 244|1000, 244|1794, 246|1808, 244|1823, 244|2332, 246|2344, 244|2373, 244|4008, com.ted.android.conference, 
238|1, 238|197, 239|219, 239|367, 240|394, 235|435, 235|1255, 237|1331, 237|1357, 235|1373, 243|1477, 243|1595, 245|1609, 245|1654, 249|1701, 247|1720, 247|3211, 249|3222, 247|3248, 247|4007, org.catrobat.catroid, 
238|1, 238|269, 239|283, 239|407, 240|427, 233|470, 233|498, 234|509, 234|568, 236|613, 234|657, 236|686, 234|725, 234|1057, 236|1104, 236|1157, 234|1178, 242|1221, 246|1263, 244|1350, 244|1384, 246|1411, 246|1454, 248|1540, 248|2474, 250|2491, 248|2538, 248|3060, 250|3075, 248|3099, 248|4007, com.dropbox.android, 
238|1, 238|144, 239|176, 239|283, 238|352, 238|460, 242|527, 242|602, 243|624, 243|749, 245|791, 245|876, 247|941, 247|1036, 264|1248, 258|1416, 262|1537, 268|1754, 272|2010, 272|2155, 274|2207, 272|2372, 275|2481, 277|2570, 277|2619, 284|2702, 284|3677, 286|3696, 284|3734, 284|4008, com.android.chrome, 
238|1, 238|174, 239|184, 239|297, 241|325, 235|458, 237|493, 237|549, 235|574, 235|1528, 247|1677, 247|1751, 249|1763, 247|1774, 247|1855, 251|1869, 249|1986, 249|3425, 251|3442, 249|3486, 249|4002, at.DiTronic.androidgroup.randomgallery, 
261|1, 261|178, 262|198, 264|220, 262|235, 262|312, 264|325, 258|410, 258|625, 265|709, 273|848, 277|1004, 279|1121, 285|1225, 283|1280, 283|1299, 285|1400, 285|2136, 287|2228, 291|2291, 285|2601, 285|2956, 287|2983, 285|2999, 285|3121, 287|3137, 285|3177, 285|4007, com.scb.breezebanking.hk, 
261|1, 261|155, 262|165, 262|293, 261|368, 263|465, 265|519, 265|610, 266|679, 268|774, 268|877, 270|916, 272|995, 270|1049, 270|1195, 279|1478, 281|1646, 281|1757, 285|1882, 289|2050, 295|2232, 295|2601, 300|2657, 302|2835, 304|2957, 304|3648, 307|3699, 307|4009, com.android.chrome, 
238|1, 238|94, 240|105, 238|130, 238|243, 239|274, 239|373, 241|389, 242|465, 235|570, 235|685, 237|701, 243|753, 243|1284, 245|1308, 243|1385, 243|1888, 245|1920, 245|1963, 243|1984, 243|2090, 245|2101, 245|2118, 243|2134, 243|2509, 245|2529, 243|2563, 245|2594, 243|2636, 243|4007, com.google.android.keep, 
238|1, 238|212, 239|251, 239|349, 233|424, 243|532, 235|698, 235|1125, 243|1288, 243|1370, 245|1383, 247|1416, 247|3109, 249|3149, 249|3195, 247|3210, 247|3745, 249|3757, 247|3799, 247|4017, com.google.android.apps.photos, 
238|1, 238|192, 239|202, 239|348, 235|399, 235|534, 237|665, 235|722, 254|962, 258|1024, 258|1056, 260|1117, 262|1250, 262|1802, 264|1878, 262|1949, 262|2061, 264|2185, 264|2413, 266|2441, 266|2483, 264|2573, 264|3201, 270|3227, 270|3280, 264|3327, 264|4016, com.sometimeswefly.littlealchemy, 
238|1, 238|140, 239|156, 239|265, 241|297, 235|393, 235|600, 242|746, 246|819, 246|913, 260|1050, 262|1239, 262|1840, 264|1868, 262|1883, 264|1899, 262|1946, 262|2088, 264|2144, 266|2188, 264|2219, 264|2459, 266|2474, 264|2496, 264|3073, 266|3130, 264|3191, 264|3728, 266|3742, 264|3753, 264|4001, com.sometimeswefly.littlealchemy, 
238|1, 238|139, 240|163, 238|185, 238|210, 239|227, 239|320, 241|351, 236|630, 236|684, 238|716, 236|738, 236|1358, 238|1402, 236|1446, 236|1591, 244|1663, 246|1750, 246|1824, 244|1868, 244|3179, 246|3209, 244|3245, 244|3738, 248|3906, 246|3975, 246|4014, com.google.android.music, 
238|1, 238|183, 240|193, 239|276, 239|339, 241|355, 235|421, 235|674, 239|701, 245|769, 243|868, 243|1066, 245|1094, 243|1134, 243|1346, 249|1546, 249|1681, 243|1702, 243|1746, 245|1761, 245|1790, 243|1806, 243|3627, 245|3637, 243|3659, 243|4004, com.google.android.keep, 
238|1, 238|180, 239|203, 239|286, 241|309, 235|448, 235|528, 236|567, 246|674, 246|694, 248|710, 260|804, 260|907, 262|936, 262|978, 264|1034, 266|1099, 264|1221, 264|1714, 266|1746, 264|1780, 264|2950, 266|2963, 264|2974, 264|3595, 266|3658, 264|3692, 264|3720, 266|3748, 266|3783, 264|3818, 264|4064, com.bankofamerica.cashpromobile, 
238|1, 238|247, 239|265, 239|344, 241|374, 235|483, 235|518, 236|563, 240|613, 244|648, 244|694, 246|766, 246|964, 244|987, 244|2298, 246|2308, 244|2319, 246|4004, com.ted.android.conference, 
238|1, 238|148, 241|165, 239|195, 241|207, 239|218, 239|312, 237|328, 235|418, 235|719, 237|754, 244|892, 242|969, 244|1011, 242|1096, 242|1129, 246|1162, 246|1389, 248|1402, 246|1432, 246|1763, 250|1798, 250|2058, 252|2076, 256|2146, 256|2230, 254|2263, 254|2554, 256|2566, 254|2576, 254|2944, 250|2963, 252|2999, 250|3017, 250|3092, 252|3181, 252|3444, 254|3456, 254|3576, 256|3608, 256|4004, com.mxtech.videoplayer.ad, 
238|1, 238|157, 239|178, 239|292, 242|335, 235|411, 237|472, 235|495, 235|636, 237|686, 237|699, 235|735, 235|872, 243|1009, 245|1068, 245|1095, 243|1225, 243|1792, 245|1802, 243|1813, 243|2339, 245|2371, 243|2500, 243|2998, 245|3008, 243|3035, 243|4010, com.sololearn.cplusplus, 
238|1, 238|146, 239|162, 239|267, 242|312, 235|351, 235|387, 236|412, 242|507, 244|544, 246|616, 246|760, 244|839, 244|1030, 246|1042, 246|1083, 244|1115, 244|3327, 246|3338, 244|3349, 244|3360, 246|3374, 244|3397, 244|4007, com.ted.android.conference, 
238|1, 238|170, 239|207, 239|255, 241|272, 239|310, 240|338, 235|405, 235|1088, 243|1145, 243|1285, 245|1353, 249|1419, 247|1448, 247|1607, 245|1647, 245|1700, 247|1787, 247|2733, 243|2967, 243|3009, 245|3051, 243|3134, 245|4015, com.ebay.mobile, 
238|1, 238|153, 239|169, 239|258, 243|278, 235|397, 235|566, 239|591, 239|641, 241|661, 243|751, 243|804, 249|865, 251|951, 249|1001, 243|1060, 243|3325, 245|3364, 243|3387, 243|4002, com.google.android.keep, 
238|1, 238|209, 241|218, 239|269, 239|355, 241|402, 238|521, 242|567, 242|625, 243|651, 243|762, 245|814, 247|891, 247|1044, 258|1332, 262|1444, 266|1592, 270|1818, 272|1936, 272|2092, 274|2156, 275|2275, 275|2303, 284|2367, 284|3564, 290|3579, 290|3614, 284|3639, 284|4004, com.android.chrome, 
238|1, 238|219, 239|236, 239|414, 235|558, 235|1475, 245|1557, 245|1700, 247|1728, 247|1831, 249|1868, 249|2569, 251|2578, 249|2588, 249|3719, 251|3730, 249|3761, 249|4010, at.DiTronic.androidgroup.randomgallery, 
261|1, 261|150, 262|162, 262|256, 264|271, 267|326, 258|474, 258|527, 262|544, 258|612, 258|662, 264|770, 266|902, 266|985, 268|1047, 266|1076, 266|3360, 268|3371, 266|3400, 266|4016, com.sololearn.cplusplus, 
261|1, 261|141, 262|157, 262|255, 264|275, 258|377, 259|484, 263|511, 267|549, 267|642, 269|677, 269|795, 267|849, 267|1546, 273|1560, 267|1607, 267|3671, 269|3683, 267|3716, 267|4011, com.ted.android.conference, 
261|1, 261|145, 262|156, 262|272, 265|295, 258|370, 258|451, 260|494, 258|523, 258|584, 260|599, 265|657, 265|1030, 269|1058, 269|1650, 271|1678, 273|1715, 275|1770, 273|1814, 273|1861, 271|1907, 271|2043, 277|2083, 277|2922, 279|2931, 277|2954, 277|3023, 275|3066, 275|3502, 277|3519, 277|3560, 275|3589, 275|4001, com.mxtech.videoplayer.ad, 
263|1, 263|92, 264|111, 264|203, 267|237, 260|372, 260|519, 262|538, 264|634, 264|701, 272|744, 268|905, 268|3243, 270|3256, 268|3272, 268|4006, com.sololearn.cplusplus, 
263|1, 263|119, 269|141, 269|170, 263|198, 263|316, 264|350, 264|461, 260|613, 260|1041, 272|1217, 272|1390, 268|1416, 268|2701, 270|2712, 268|2733, 268|3339, 270|3461, 270|3518, 272|3605, 268|3687, 268|4025, air.com.hypah.io.slither, 
263|1, 263|186, 264|199, 264|383, 260|475, 262|535, 260|577, 260|1391, 264|1419, 270|1477, 270|1583, 272|1632, 272|1732, 274|1755, 274|2325, 276|2385, 280|2421, 274|2471, 274|3231, 281|3286, 287|3360, 291|3403, 293|3433, 293|3461, 295|3491, 293|3507, 293|3780, 295|3825, 295|3858, 293|3876, 293|4010, at.DiTronic.androidgroup.randomgallery, 
265|1, 263|24, 263|218, 264|245, 264|266, 266|280, 264|333, 264|363, 260|432, 260|642, 267|736, 283|902, 285|1001, 287|1064, 287|2094, 289|2133, 287|2175, 287|3195, 289|3222, 287|3335, 287|3593, 289|3631, 287|3655, 287|4015, com.scb.breezebanking.hk, 
263|1, 263|196, 264|215, 264|289, 265|331, 260|450, 261|505, 261|551, 265|575, 269|624, 269|693, 271|762, 271|1027, 269|1059, 269|3759, 271|3771, 269|3791, 269|4009, com.ted.android.conference, 
263|1, 263|142, 264|164, 264|294, 267|333, 266|435, 261|511, 261|570, 265|581, 269|628, 269|667, 271|699, 271|868, 269|957, 269|2787, 271|2806, 269|2827, 271|2847, 269|2872, 269|4010, com.ted.android.conference, 
263|1, 263|141, 264|157, 264|284, 257|392, 257|1328, 259|1344, 257|1355, 257|1922, 259|1934, 257|1946, 257|2460, 259|2473, 257|2488, 257|3153, 263|3186, 263|3214, 257|3234, 257|3699, 259|3710, 257|3721, 257|3740, 259|3752, 257|3778, 257|4005, com.android.vending, 
252|1, 252|171, 253|185, 253|336, 255|356, 249|432, 249|1132, 259|1184, 259|1363, 257|1417, 257|1838, 259|1853, 257|1882, 257|2382, 259|2391, 257|2402, 257|3529, 259|3539, 257|3565, 257|4001, com.whatsapp, 
252|1, 252|163, 253|192, 253|292, 249|452, 249|552, 260|614, 260|702, 270|761, 274|833, 274|1044, 276|1071, 280|1199, 280|1285, 278|1487, 278|1568, 280|1588, 278|1603, 278|1783, 280|1814, 278|1855, 278|2112, 280|2124, 278|2162, 278|2723, 280|2736, 278|2764, 278|3834, 280|3865, 280|3919, 278|3935, 278|4018, com.bankofamerica.cashpromobile, 
252|1, 252|245, 253|257, 253|383, 256|420, 249|507, 249|652, 251|681, 262|776, 268|853, 274|916, 274|1061, 278|1098, 280|1234, 278|1371, 278|2083, 280|2097, 278|2121, 278|3194, 280|3209, 278|3228, 278|3637, 280|3674, 278|3720, 278|4020, com.bankofamerica.cashpromobile, 
254|1, 252|30, 252|184, 253|205, 253|308, 249|397, 249|700, 255|792, 257|883, 257|1756, 259|1768, 257|1796, 257|2907, 259|2918, 257|2928, 257|3438, 259|3450, 257|3466, 257|3888, 263|3905, 263|3935, 257|3948, 257|4004, com.whatsapp, 
252|1, 252|197, 253|254, 253|302, 255|330, 249|529, 250|651, 256|701, 260|770, 268|830, 278|998, 278|1117, 276|1264, 276|1606, 278|1639, 276|1666, 278|1794, 278|2191, 280|2223, 278|2288, 278|2859, 280|2873, 278|2899, 280|2911, 278|2962, 278|4023, com.sometimeswefly.littlealchemy, 
252|1, 252|143, 253|153, 253|291, 251|440, 249|490, 249|1038, 251|1050, 249|1075, 249|1450, 257|1475, 257|1537, 259|1587, 257|1712, 257|2222, 259|2234, 257|2270, 257|3405, 259|3421, 257|3432, 257|4003, com.google.android.gm, 
252|1, 252|132, 253|153, 253|184, 255|196, 253|237, 253|277, 254|298, 247|352, 247|714, 251|763, 257|785, 255|860, 255|1011, 257|1047, 257|2264, 263|2421, 257|2583, 257|3292, 259|3337, 257|3527, 257|3920, 261|3941, 263|3981, 257|4021, com.android.vending, 
252|1, 252|166, 253|196, 253|301, 256|335, 249|403, 249|693, 257|808, 257|1023, 259|1057, 257|1095, 257|1680, 259|1702, 257|1730, 257|2307, 259|2329, 257|2389, 257|2899, 259|2948, 257|2991, 257|3502, 259|3513, 257|3524, 257|4001, com.google.android.keep, 
252|1, 252|139, 253|161, 253|245, 255|283, 249|349, 250|505, 250|1444, 254|1456, 258|1526, 258|1542, 260|1604, 258|1727, 258|2875, 260|2886, 258|2915, 258|3572, 260|3601, 260|4043, com.google.android.music, 
252|1, 252|130, 253|143, 253|244, 249|308, 249|447, 251|471, 249|485, 249|559, 250|608, 250|638, 262|815, 256|905, 256|948, 258|1014, 260|1084, 260|1621, 262|1642, 264|1700, 264|1935, 270|1956, 268|2121, 268|2168, 266|2219, 266|2983, 268|3022, 266|3089, 266|3329, 268|3349, 266|3394, 266|4003, com.mxtech.videoplayer.ad, 
252|1, 252|115, 254|136, 254|171, 253|204, 253|286, 255|307, 249|501, 249|604, 268|765, 270|923, 270|991, 274|1038, 276|1142, 276|2629, 278|2689, 276|2761, 278|2791, 276|2825, 276|3372, 278|3399, 276|3416, 282|3481, 276|3565, 276|4011, com.scb.breezebanking.hk, 
252|1, 252|216, 253|266, 253|357, 256|399, 249|451, 249|644, 256|682, 256|915, 260|974, 260|1569, 264|1592, 264|1895, 270|1944, 266|2040, 266|2928, 268|2985, 266|3065, 266|3248, 268|3276, 266|3302, 266|3756, 268|3768, 266|3779, 266|4008, com.mxtech.videoplayer.ad, 
252|1, 252|149, 253|174, 253|261, 255|275, 256|315, 249|377, 249|603, 260|702, 268|806, 272|860, 274|957, 276|1026, 276|1860, 278|1913, 278|2586, 280|2622, 278|2649, 278|3891, 280|3902, 278|3914, 278|4004, com.sometimeswefly.littlealchemy, 
252|1, 252|157, 253|200, 253|344, 256|361, 249|437, 249|756, 251|773, 249|930, 249|1181, 253|1211, 253|2425, 261|2445, 261|2515, 263|2549, 263|2570, 261|2627, 261|3008, 263|3041, 263|3072, 261|3111, 261|3632, 263|3654, 261|3673, 261|4008, com.Slack, 
252|1, 252|135, 253|154, 253|244, 256|278, 249|417, 249|942, 257|963, 257|1110, 259|1266, 261|1411, 261|1557, 259|1599, 261|1760, 261|2379, 257|2580, 257|3542, 259|3560, 257|3583, 257|3930, 258|3993, 258|4019, com.ebay.mobile, 
253|1, 253|125, 254|147, 254|238, 257|276, 250|454, 250|731, 258|896, 258|1036, 260|1066, 258|1105, 258|1168, 260|1215, 262|1370, 262|1478, 260|1530, 260|1612, 262|1675, 262|2619, 258|2725, 258|3007, 260|3043, 258|3163, 258|3702, 260|3715, 258|3732, 258|4017, com.ebay.mobile, 
253|1, 253|187, 254|208, 254|371, 247|403, 251|455, 251|499, 255|523, 255|630, 257|685, 257|2402, 259|2489, 257|2543, 257|3048, 259|3058, 257|3070, 257|3667, 259|3678, 257|3706, 257|4001, com.android.vending, 
252|1, 252|188, 253|216, 253|337, 254|363, 247|448, 249|460, 247|487, 247|674, 251|699, 251|734, 255|765, 255|924, 257|984, 257|1607, 259|1620, 257|1655, 257|2504, 263|2602, 257|2782, 259|2853, 259|2885, 257|2914, 257|3402, 259|3416, 257|3428, 257|4008, com.android.vending, 
252|1, 252|155, 253|173, 253|182, 255|194, 253|213, 253|307, 255|334, 249|392, 249|737, 251|805, 251|905, 249|940, 249|1978, 251|1989, 249|2010, 249|2053, 253|2065, 257|2111, 257|2178, 259|2205, 259|2365, 257|2415, 257|2550, 259|2562, 257|2572, 257|3722, 259|3741, 257|3769, 257|4008, com.Slack, 
252|1, 252|165, 253|185, 253|258, 255|278, 249|350, 249|479, 256|564, 258|614, 256|662, 258|704, 258|773, 256|855, 260|930, 260|1522, 264|1538, 264|1761, 270|1834, 268|1922, 268|2073, 270|2127, 270|2169, 268|2188, 268|2322, 270|2335, 268|2348, 268|2705, 266|2717, 266|2801, 268|2840, 266|2878, 266|4001, com.mxtech.videoplayer.ad, 
252|1, 252|172, 253|188, 253|279, 249|331, 250|433, 250|523, 254|535, 258|601, 260|672, 260|841, 266|899, 264|1013, 258|1047, 258|2238, 260|2249, 258|2270, 258|4015, com.ted.android.conference, 
252|1, 252|367, 253|394, 253|561, 249|650, 249|1374, 253|1422, 257|1466, 257|1489, 259|1514, 259|1732, 261|1807, 261|1861, 259|1938, 259|2157, 257|2179, 257|2718, 259|2731, 257|2753, 259|2764, 257|2798, 257|3569, 265|3683, 259|3732, 259|4069, com.google.android.apps.docs, 
252|1, 252|254, 253|266, 253|413, 256|469, 250|612, 254|640, 258|695, 258|742, 260|844, 260|923, 258|969, 258|1783, 260|1800, 258|1825, 258|4001, com.ted.android.conference, 
251|1, 251|166, 252|187, 252|268, 255|296, 248|405, 248|1017, 252|1048, 256|1091, 256|4007, com.sololearn.cplusplus, 
251|1, 253|26, 251|59, 251|225, 252|235, 252|318, 255|361, 248|452, 248|598, 250|614, 248|678, 248|1373, 260|1404, 256|1461, 258|1568, 256|1650, 256|2950, 258|2962, 256|2989, 256|3563, 258|3582, 256|3609, 256|4012, com.google.android.gm, 
253|1, 253|122, 254|150, 254|260, 257|289, 250|405, 250|777, 258|844, 258|1089, 262|1134, 262|3143, 264|3178, 264|3207, 262|3233, 262|4007, com.google.android.apps.photos, 
253|1, 253|177, 254|189, 254|320, 257|339, 250|384, 250|1044, 252|1055, 250|1078, 252|1093, 250|1106, 250|1463, 254|1480, 258|1551, 262|1621, 260|1652, 258|1743, 258|2269, 260|2280, 258|2290, 258|3956, 260|3968, 258|3982, 258|4006, com.google.android.gm, 
253|1, 253|148, 254|158, 254|255, 257|290, 250|373, 251|463, 251|846, 253|928, 251|1087, 251|1304, 259|1342, 259|1428, 261|1488, 259|1570, 259|1713, 263|1752, 263|1780, 259|1794, 259|3300, 261|3314, 261|3331, 259|3356, 259|3453, 261|3506, 261|3853, 263|3951, 261|4007, com.google.android.music, 
253|1, 253|134, 254|146, 254|304, 250|465, 250|648, 254|679, 260|735, 258|804, 258|1001, 262|1038, 262|1326, 264|1363, 262|1478, 262|2076, 264|2116, 262|2185, 262|2440, 268|2488, 262|2599, 262|4004, com.google.android.apps.photos, 
253|1, 253|142, 254|162, 254|256, 256|281, 250|344, 250|766, 254|876, 250|935, 250|1433, 252|1446, 250|1457, 250|1804, 252|1836, 252|2004, 254|2016, 262|2125, 262|2164, 264|2182, 264|2315, 260|2353, 260|2602, 262|2613, 260|2624, 260|4014, com.Slack, 
253|1, 253|38, 255|60, 253|81, 253|177, 254|207, 254|325, 257|355, 250|441, 250|588, 252|600, 250|623, 250|752, 254|837, 258|908, 258|1259, 260|1323, 262|1440, 264|1535, 262|1603, 260|1709, 262|1910, 262|2667, 258|2792, 258|3770, 260|3786, 258|3818, 258|3898, 259|3952, 259|4025, com.ebay.mobile, 
254|1, 254|91, 256|105, 254|134, 254|176, 255|190, 255|322, 251|431, 251|1471, 259|1527, 261|1641, 259|1736, 261|1808, 259|1874, 259|2357, 261|2373, 259|2394, 259|4006, com.google.android.gm, 
254|1, 254|248, 255|273, 255|385, 257|400, 251|468, 251|794, 259|903, 261|1027, 261|1060, 263|1122, 263|1201, 259|1280, 259|2809, 261|2849, 259|2883, 259|3052, 261|3122, 261|3354, 259|3482, 259|4007, air.com.hypah.io.slither, 
254|1, 254|352, 255|381, 255|432, 257|452, 255|474, 255|525, 258|569, 251|703, 251|1549, 255|1565, 259|1614, 259|1689, 261|1715, 259|1794, 259|3943, 261|3957, 259|3976, 259|4002, com.google.android.gm, 
254|1, 254|174, 255|197, 255|290, 258|332, 258|359, 251|422, 251|1346, 255|1358, 259|1395, 259|1446, 261|1492, 261|1541, 259|1571, 259|2834, 261|2849, 259|2873, 259|3972, 261|3988, 259|4004, com.google.android.gm, 
254|1, 254|188, 255|203, 257|224, 255|276, 255|327, 258|373, 251|493, 251|779, 253|798, 251|815, 251|1153, 253|1227, 265|1338, 259|1423, 259|1509, 261|1558, 261|1591, 265|1610, 265|1646, 263|1682, 263|2031, 265|2043, 263|2064, 263|3709, 265|3721, 263|3738, 263|4004, org.catrobat.catroid, 
254|1, 254|203, 255|217, 255|319, 251|405, 251|697, 252|720, 252|771, 258|825, 260|912, 258|967, 258|1134, 262|1178, 262|1686, 264|1701, 262|1714, 262|1850, 266|1866, 266|2059, 264|2077, 264|2261, 272|2319, 270|2430, 270|2887, 272|2898, 270|2910, 270|3072, 268|3116, 268|3222, 270|3260, 268|3344, 268|3454, 270|3466, 268|3497, 268|3523, 270|3547, 270|3569, 268|3599, 268|4001, com.mxtech.videoplayer.ad, 
254|1, 254|172, 255|184, 255|304, 251|438, 251|1373, 261|1467, 261|1586, 263|1642, 263|1764, 265|1789, 265|3242, 274|3319, 278|3402, 282|3452, 282|3592, 284|3607, 286|4004, at.DiTronic.androidgroup.randomgallery, 
254|1, 254|173, 255|195, 255|271, 257|283, 255|312, 255|351, 251|416, 252|552, 252|1432, 256|1454, 260|1498, 260|1536, 262|1576, 260|1742, 260|2179, 262|2191, 260|2202, 260|2744, 262|2764, 260|2775, 260|2786, 262|2797, 260|2830, 260|3360, 262|3378, 260|3473, 260|3581, 262|3626, 262|4035, com.google.android.music, 
254|1, 254|224, 255|237, 255|308, 257|325, 258|376, 258|499, 251|561, 251|739, 259|832, 259|1195, 261|1261, 259|1659, 259|1958, 261|1975, 259|1988, 259|2339, 265|2371, 259|2435, 259|3364, 261|3379, 259|3390, 259|4012, com.google.android.keep, 
254|1, 254|159, 255|179, 255|281, 258|313, 251|436, 251|659, 253|675, 251|730, 251|1001, 255|1064, 259|1117, 259|1154, 261|1205, 263|1372, 263|1417, 259|1528, 259|1878, 261|1897, 259|1982, 259|2838, 261|2867, 261|3005, 263|3068, 261|3136, 261|3680, 263|3697, 261|3714, 261|3798, 263|3835, 261|3895, 261|4011, com.google.android.apps.docs, 
254|1, 254|22, 256|34, 254|58, 254|223, 255|234, 255|367, 252|496, 252|1176, 254|1259, 252|1306, 252|1443, 256|1471, 260|1560, 262|1647, 262|1693, 260|1718, 260|3586, 262|3650, 262|4009, com.google.android.music, 
254|1, 254|150, 255|160, 255|263, 257|280, 258|383, 257|468, 251|562, 251|595, 253|620, 253|642, 251|654, 251|727, 255|759, 251|833, 251|1062, 259|1146, 259|1917, 261|1930, 259|1959, 259|4009, com.sololearn.cplusplus, 
254|1, 254|178, 255|188, 255|289, 251|385, 251|666, 255|717, 259|885, 263|928, 263|3140, 269|3194, 263|3224, 263|3471, 265|3485, 263|3497, 263|4005, com.google.android.apps.photos, 
254|1, 254|175, 255|230, 255|303, 257|333, 251|428, 251|598, 262|690, 262|777, 272|860, 278|943, 282|1077, 282|1131, 280|1251, 280|1574, 282|1587, 280|1624, 280|1718, 282|1747, 282|1832, 280|1845, 280|3256, 282|3284, 280|3309, 280|3321, 282|3332, 280|3344, 280|3844, 282|3860, 282|3951, 280|3975, 280|4018, com.bankofamerica.cashpromobile, 
254|1, 254|115, 256|136, 254|160, 254|244, 255|255, 255|404, 256|436, 258|486, 251|540, 251|700, 258|759, 260|803, 258|884, 258|968, 262|1033, 262|1302, 264|1317, 262|1354, 262|1619, 266|1680, 266|1917, 274|1953, 272|2026, 270|2088, 270|2849, 266|2868, 266|2911, 268|2997, 266|3061, 266|3219, 268|3243, 268|3325, 266|3344, 266|4003, com.mxtech.videoplayer.ad, 
254|1, 254|192, 255|205, 255|313, 257|336, 251|464, 251|577, 258|620, 258|850, 262|956, 262|1038, 264|1058, 262|1099, 262|1187, 269|1225, 268|1261, 262|1272, 262|1491, 266|1525, 266|1668, 264|1757, 264|1866, 270|1937, 270|2055, 272|2076, 270|2115, 270|2682, 268|2696, 268|3323, 270|3336, 268|3350, 268|4001, com.mxtech.videoplayer.ad, 
254|1, 254|141, 255|184, 255|256, 258|276, 249|353, 249|583, 250|606, 250|911, 252|927, 250|1009, 250|1406, 252|1434, 252|1447, 250|1466, 250|1484, 252|1500, 250|1525, 250|1549, 258|1619, 258|1736, 262|1811, 262|1947, 264|2019, 264|2118, 266|2145, 264|2182, 264|2863, 266|2876, 266|2903, 264|2918, 264|3898, 270|3951, 264|3986, 264|4009, com.dropbox.android, 
254|1, 254|151, 255|172, 257|213, 255|230, 255|301, 258|364, 251|466, 251|743, 253|761, 251|812, 251|857, 255|892, 259|1026, 261|1160, 263|1387, 265|1449, 263|1487, 263|1523, 265|1562, 261|1673, 261|1820, 263|1854, 263|2027, 265|2059, 263|2139, 263|2568, 259|2620, 259|3887, 261|3906, 259|3923, 261|3939, 259|3959, 259|4006, com.ebay.mobile, 
254|1, 254|151, 255|165, 255|265, 257|279, 258|324, 251|382, 251|676, 255|705, 261|848, 259|947, 259|2657, 261|2671, 259|2683, 259|3232, 261|3245, 259|3257, 259|3796, 261|3808, 259|3830, 259|4001, com.google.android.keep, 
254|1, 256|20, 254|40, 254|135, 255|146, 255|218, 257|253, 251|341, 251|575, 253|591, 251|638, 251|933, 255|968, 261|1165, 261|1191, 259|1225, 263|1327, 263|1574, 261|1714, 261|1775, 263|1845, 263|2255, 269|2444, 263|2574, 259|2683, 259|3155, 261|3196, 259|3309, 259|3846, 261|3860, 259|3872, 259|4005, com.ebay.mobile, 
254|1, 254|196, 255|207, 255|360, 251|423, 251|573, 259|746, 261|830, 263|873, 263|897, 259|977, 259|1368, 261|1414, 259|1486, 259|2022, 261|2039, 259|2055, 259|2485, 261|2524, 261|2652, 265|2713, 259|2931, 259|3338, 261|3349, 259|3404, 259|3907, 261|3932, 259|3967, 261|4012, air.com.hypah.io.slither, 
254|1, 254|49, 256|64, 254|84, 254|161, 255|188, 255|382, 257|414, 251|491, 252|613, 252|1672, 260|1734, 262|1793, 262|1829, 260|1868, 260|2043, 264|2072, 260|2092, 260|2607, 262|2618, 260|2632, 260|3748, 262|3869, 262|4005, com.google.android.music, 
254|1, 254|64, 256|92, 254|125, 254|230, 261|257, 261|306, 255|322, 255|375, 248|482, 248|613, 252|632, 252|708, 256|745, 256|906, 258|953, 258|1816, 260|1861, 258|1938, 258|3110, 260|3133, 258|3177, 258|4004, com.android.vending, 
253|1, 253|128, 254|140, 254|236, 257|269, 250|390, 250|482, 257|620, 261|704, 271|754, 273|888, 279|1059, 277|1195, 277|1769, 279|1837, 277|1965, 277|2915, 283|2976, 283|3048, 277|3074, 277|4020, com.scb.breezebanking.hk, 
253|1, 253|223, 254|234, 254|332, 256|359, 250|611, 250|766, 251|785, 251|813, 253|834, 261|957, 269|1027, 273|1060, 275|1160, 277|1233, 277|1955, 279|1970, 277|2017, 279|2045, 279|2240, 281|2275, 279|2340, 279|2977, 281|3041, 281|3091, 279|3117, 279|3183, 281|3215, 279|3318, 279|4013, com.sometimeswefly.littlealchemy, 
253|1, 253|142, 256|166, 254|203, 254|261, 256|281, 250|356, 250|546, 257|598, 257|676, 259|713, 259|788, 257|849, 261|931, 261|1521, 265|1537, 265|1838, 271|1925, 269|2047, 269|2190, 271|2242, 271|2284, 269|2317, 269|2705, 267|2759, 267|2783, 269|2811, 267|2849, 267|3094, 271|3116, 271|3152, 269|3179, 269|3213, 267|3233, 267|3725, 269|3739, 267|3754, 267|4010, com.mxtech.videoplayer.ad, 
253|1, 253|149, 254|160, 254|266, 256|286, 250|354, 250|970, 254|994, 254|1031, 258|1060, 260|1144, 266|1323, 262|1362, 260|1484, 258|1636, 258|2450, 260|2484, 258|2566, 258|2727, 260|2778, 258|2866, 258|2968, 260|2993, 260|3267, 262|3350, 262|3417, 260|3490, 260|3712, 262|3739, 262|3769, 260|3804, 260|4004, com.google.android.apps.docs, 
253|1, 253|138, 254|164, 254|247, 257|274, 257|360, 250|439, 250|583, 252|612, 250|641, 250|944, 254|969, 258|1126, 258|2278, 260|2290, 258|2306, 258|3418, 260|3431, 258|3442, 260|4008, com.sololearn.cplusplus, 
253|1, 253|172, 254|214, 254|228, 256|239, 254|258, 254|293, 255|333, 250|473, 250|577, 253|627, 261|718, 261|772, 277|887, 279|1031, 281|1177, 281|1305, 279|1548, 279|1780, 281|1804, 281|1933, 279|1947, 279|3263, 281|3279, 279|3290, 279|3843, 281|3866, 279|3885, 279|4001, com.bankofamerica.cashpromobile, 
253|1, 253|275, 254|301, 254|439, 257|470, 250|542, 252|632, 252|729, 250|762, 250|1060, 252|1131, 258|1225, 258|1406, 260|1450, 264|1522, 264|1563, 262|1587, 262|2015, 264|2026, 262|2054, 262|3186, 264|3199, 262|3222, 262|4002, org.catrobat.catroid, 
253|1, 253|255, 254|271, 254|390, 250|553, 250|1181, 252|1202, 260|1248, 260|1418, 258|1434, 258|1717, 264|1775, 258|1811, 258|2344, 260|2355, 258|2384, 258|4005, com.whatsapp, 
253|1, 253|150, 254|162, 256|209, 254|229, 254|274, 257|297, 250|365, 250|720, 252|743, 250|845, 250|1095, 252|1110, 252|2009, 254|2020, 252|2030, 252|2341, 262|2398, 262|2509, 260|2597, 260|4003, com.Slack, 
253|1, 253|46, 255|65, 255|93, 253|132, 253|154, 254|172, 254|260, 256|286, 250|464, 250|657, 254|673, 260|794, 260|1070, 258|1115, 258|1876, 260|1888, 258|1926, 258|2462, 260|2475, 258|2503, 258|3004, 260|3017, 258|3029, 258|3576, 260|3588, 258|3600, 258|4005, com.whatsapp, 
253|1, 253|132, 254|152, 254|264, 250|335, 250|523, 255|549, 259|618, 257|743, 261|825, 261|1409, 265|1438, 265|1511, 267|1535, 265|1594, 265|1648, 263|1682, 263|1821, 269|1922, 269|2727, 265|2759, 265|2789, 267|2811, 265|2885, 265|3087, 267|3104, 265|3140, 265|4004, com.mxtech.videoplayer.ad, 
253|1, 253|169, 254|182, 254|292, 256|322, 250|468, 250|558, 251|613, 251|639, 261|672, 261|899, 259|1057, 259|2377, 261|2396, 259|2415, 261|2434, 259|2445, 259|2674, 265|2687, 265|2736, 259|2760, 259|4010, com.ted.android.conference, 
253|1, 253|193, 254|206, 254|306, 256|332, 256|349, 257|409, 250|515, 250|1473, 260|1586, 260|1653, 258|1708, 258|2195, 260|2210, 258|2224, 260|2240, 258|2252, 258|2791, 260|2811, 258|2845, 258|4003, com.google.android.gm, 
253|1, 253|169, 255|190, 256|231, 254|269, 254|356, 252|371, 249|426, 253|542, 253|619, 257|638, 257|728, 258|748, 258|875, 260|945, 260|1000, 262|1088, 262|1254, 271|1377, 277|1821, 285|2012, 289|2201, 291|2384, 290|2506, 290|2636, 296|2675, 299|2750, 301|4013, com.android.chrome, 
230|1, 230|152, 231|171, 231|285, 233|294, 234|354, 234|368, 227|485, 227|857, 241|1034, 241|1204, 235|1239, 237|1321, 235|1384, 235|2636, 237|2662, 235|2749, 235|3261, 237|3274, 235|3317, 235|3872, 237|3897, 235|3917, 235|4007, com.sololearn.cplusplus, 
230|1, 230|136, 232|156, 231|174, 231|303, 234|331, 227|444, 227|659, 229|674, 229|753, 227|852, 227|882, 235|1035, 235|3711, 241|3723, 241|3774, 235|3790, 235|4010, com.sololearn.cplusplus, 
230|1, 230|107, 232|116, 232|154, 230|174, 231|204, 231|317, 232|364, 227|431, 227|802, 237|913, 235|1024, 235|1092, 237|1112, 235|1164, 235|1859, 237|1873, 235|1901, 235|3003, 237|3015, 235|3043, 235|4008, com.whatsapp, 
230|1, 230|214, 231|237, 231|334, 234|364, 227|411, 227|1589, 235|1658, 237|1744, 235|1822, 235|3352, 237|3365, 235|3392, 235|3956, 237|3973, 235|3990, 235|4002, com.google.android.gm, 
230|1, 230|172, 232|186, 233|231, 233|254, 231|271, 231|350, 234|379, 234|393, 229|442, 227|561, 227|602, 234|659, 238|712, 238|758, 250|863, 252|944, 252|960, 256|1010, 258|1115, 256|1152, 256|1452, 258|1468, 256|1499, 256|1676, 258|1693, 258|1748, 256|1775, 256|2073, 262|2113, 256|2138, 256|3844, 258|3859, 258|3903, 256|3919, 256|4014, com.bankofamerica.cashpromobile, 
230|1, 230|269, 231|289, 231|408, 233|428, 229|478, 229|599, 227|617, 227|807, 235|903, 235|1845, 237|1859, 235|1874, 235|1957, 237|1973, 235|1991, 235|3530, 237|3541, 235|3552, 235|3562, 237|3572, 235|3590, 235|4004, com.google.android.keep, 
230|1, 230|166, 231|182, 231|288, 227|389, 227|616, 234|649, 238|715, 246|817, 248|875, 252|944, 254|990, 256|1109, 256|1229, 254|1314, 254|1808, 256|1911, 256|2009, 258|2052, 256|2102, 256|3328, 258|3381, 256|3415, 256|4039, com.sometimeswefly.littlealchemy, 
230|1, 230|81, 236|99, 236|121, 230|145, 230|223, 231|233, 231|372, 227|424, 227|538, 229|553, 227|624, 227|744, 235|769, 235|1811, 237|1829, 235|1842, 235|4010, com.google.android.keep, 
230|1, 230|130, 231|149, 231|276, 227|392, 227|926, 229|944, 235|1033, 237|1076, 237|1232, 239|1269, 237|1365, 237|1615, 235|1678, 235|2182, 237|2201, 237|2240, 235|2264, 235|2800, 243|2848, 241|2933, 235|2965, 237|3074, 237|3433, 239|3454, 237|3478, 237|3511, 239|3528, 237|3562, 237|3859, 239|3885, 237|3960, 237|4001, com.google.android.apps.docs, 
230|1, 230|176, 231|215, 231|269, 233|289, 227|370, 227|1412, 232|1452, 238|1614, 238|1667, 240|1726, 240|1824, 242|1915, 242|3298, 244|3309, 242|3328, 242|3867, 244|3877, 242|3895, 242|4009, at.DiTronic.androidgroup.randomgallery, 
254|1, 254|141, 255|152, 255|275, 253|292, 248|348, 248|383, 252|395, 252|436, 256|479, 256|638, 258|691, 258|767, 260|824, 258|871, 258|2764, 260|2810, 258|2830, 258|4010, com.android.vending, 
255|1, 255|200, 256|211, 256|235, 258|246, 256|291, 256|401, 254|441, 252|568, 252|793, 254|823, 260|972, 260|1102, 264|1152, 270|1302, 270|1367, 264|1409, 266|1446, 264|1501, 264|3388, 266|3414, 264|3494, 264|4014, com.google.android.apps.photos, 
255|1, 255|208, 257|218, 255|244, 256|264, 256|459, 255|522, 259|642, 259|782, 260|811, 260|920, 262|1010, 262|1059, 264|1081, 264|1259, 273|1446, 275|1623, 279|1778, 287|1938, 291|2151, 289|2266, 291|2334, 292|2395, 292|2457, 294|2481, 298|2549, 301|2616, 301|3878, 303|3890, 301|3902, 301|4002, com.android.chrome, 
232|1, 232|60, 234|73, 232|105, 232|179, 233|198, 233|359, 229|402, 229|623, 231|652, 229|703, 229|1014, 233|1095, 237|1116, 237|1179, 239|1229, 239|1339, 241|1409, 237|1586, 237|1783, 239|1818, 237|1868, 237|3057, 239|3078, 239|3583, 241|3599, 239|3630, 239|3802, 241|3825, 239|3895, 239|4004, com.google.android.apps.docs, 
232|1, 232|161, 233|185, 233|308, 236|325, 236|392, 229|472, 229|653, 237|684, 237|1739, 239|1753, 237|1795, 237|2270, 239|2291, 237|2354, 237|4007, com.google.android.keep, 
232|1, 232|173, 234|187, 232|207, 232|221, 233|241, 233|330, 235|347, 229|453, 229|618, 232|663, 240|713, 240|808, 244|855, 250|931, 254|995, 254|1044, 256|1068, 258|1117, 256|1225, 258|1399, 258|1737, 260|1775, 260|1806, 258|1830, 258|1954, 264|1973, 258|2044, 258|3133, 260|3148, 258|3168, 258|3857, 260|3874, 260|3910, 258|3938, 258|4007, com.bankofamerica.cashpromobile, 
232|1, 232|167, 233|181, 233|341, 229|411, 229|510, 231|521, 229|534, 229|570, 231|584, 229|636, 229|901, 237|963, 237|1149, 239|1261, 243|1399, 243|1554, 241|1599, 241|1716, 243|1751, 243|2458, 245|2495, 243|2522, 243|2968, 241|3062, 239|3203, 239|4002, com.ebay.mobile, 
233|1, 233|117, 234|156, 234|217, 236|238, 230|295, 230|1173, 232|1183, 230|1213, 230|1259, 238|1288, 238|1382, 240|1456, 238|1497, 238|1714, 240|1724, 238|1755, 238|2319, 240|2332, 238|2346, 238|2852, 240|2864, 238|2886, 238|4011, com.google.android.gm, 
233|1, 233|20, 239|46, 239|102, 234|141, 234|287, 236|303, 232|376, 230|457, 230|709, 238|787, 238|1612, 240|1629, 238|1639, 238|2152, 240|2165, 238|2176, 238|2750, 240|2762, 238|2772, 238|4003, com.whatsapp, 
233|1, 233|229, 234|248, 234|339, 237|359, 230|493, 230|1056, 232|1084, 230|1105, 230|1813, 232|1824, 230|1851, 230|2207, 234|2228, 238|2302, 238|2383, 240|2426, 240|2596, 238|2627, 238|2807, 244|2828, 238|2888, 238|3034, 240|3046, 238|3085, 238|3597, 240|3622, 238|3647, 238|4005, com.Slack, 
233|1, 233|143, 234|156, 234|246, 237|278, 230|493, 230|611, 238|717, 242|833, 242|900, 238|1030, 238|2660, 240|2697, 244|2901, 240|2952, 238|3050, 238|4013, air.com.hypah.io.slither, 
256|1, 256|118, 257|141, 257|249, 259|271, 257|295, 257|344, 251|408, 251|564, 252|631, 252|1197, 254|1235, 252|1309, 252|1571, 254|1592, 254|1630, 252|1647, 252|1717, 260|1776, 260|1933, 262|1956, 264|2013, 266|2113, 266|2571, 268|2650, 266|2718, 266|3936, 268|3948, 266|3966, 266|4002, com.dropbox.android, 
256|1, 256|143, 258|164, 257|194, 257|283, 260|310, 253|400, 260|614, 264|701, 264|733, 278|853, 280|992, 282|1054, 280|1195, 280|1582, 282|1773, 282|2059, 284|2080, 282|2100, 282|4002, com.sometimeswefly.littlealchemy, 
256|1, 256|153, 257|187, 257|229, 259|267, 257|287, 258|349, 253|430, 253|775, 255|807, 253|849, 255|908, 253|1028, 261|1096, 263|1177, 263|1277, 265|1315, 263|1436, 263|1582, 261|1630, 261|2163, 263|2190, 261|2222, 261|2802, 263|2910, 263|3527, 269|3575, 263|3591, 263|3705, 265|3716, 265|3871, 263|3933, 263|4002, com.google.android.apps.docs, 
256|1, 256|243, 257|253, 257|345, 259|369, 253|624, 260|719, 274|805, 278|889, 282|1042, 280|1186, 280|1227, 282|1261, 280|1386, 280|1929, 282|1992, 280|2081, 280|2964, 282|2990, 280|3026, 280|3259, 282|3287, 280|3375, 280|3925, 282|3944, 280|3966, 280|4030, com.scb.breezebanking.hk, 
256|1, 256|156, 258|185, 258|196, 256|228, 256|242, 257|258, 257|364, 259|378, 260|400, 253|510, 253|660, 266|752, 264|803, 264|834, 268|872, 278|948, 278|1063, 280|1094, 284|1224, 282|1372, 284|1420, 282|1488, 282|1790, 284|1815, 284|1848, 282|1867, 282|1974, 284|1987, 282|2012, 282|3449, 284|3507, 282|3714, 282|4018, com.bankofamerica.cashpromobile, 
256|1, 256|208, 257|231, 257|363, 259|383, 255|554, 254|653, 254|1094, 256|1131, 254|1173, 254|1498, 260|1528, 260|1588, 262|1667, 262|2948, 264|2961, 262|2975, 262|2986, 264|2997, 262|3034, 262|3520, 264|3532, 264|3574, 262|3619, 262|3721, 264|3817, 264|4003, com.google.android.music, 
256|1, 256|95, 257|113, 257|205, 253|341, 253|835, 257|888, 261|982, 263|1078, 263|1245, 265|1310, 263|1356, 263|1407, 261|1557, 261|2331, 263|2366, 263|2817, 265|2878, 263|2931, 263|3180, 265|3197, 265|3248, 263|3283, 263|3397, 265|3408, 263|3450, 265|3474, 263|3515, 265|4023, com.google.android.apps.docs, 
258|1, 258|175, 259|186, 259|272, 262|307, 255|406, 255|954, 257|987, 255|1020, 255|1271, 259|1303, 265|1423, 265|1512, 267|1583, 267|1717, 271|1734, 269|1793, 269|2138, 271|2163, 269|2193, 269|2684, 271|2695, 269|2711, 269|3199, 270|3223, 282|3319, 286|3351, 288|3392, 288|3592, 290|3642, 288|3673, 290|3709, 288|3730, 286|4014, at.DiTronic.androidgroup.randomgallery, 
258|1, 258|108, 260|122, 258|135, 258|145, 260|155, 258|175, 258|207, 259|218, 259|329, 260|349, 253|419, 254|460, 254|1022, 256|1048, 256|1094, 254|1126, 254|1239, 256|1277, 262|1372, 262|1472, 264|1510, 262|1578, 262|1621, 266|1641, 266|1726, 268|1801, 268|1898, 270|1910, 268|1936, 268|2386, 270|2408, 268|2448, 268|4005, com.dropbox.android, 
258|1, 258|207, 259|218, 259|321, 255|538, 261|697, 263|751, 267|902, 267|959, 263|1069, 263|1868, 265|1886, 263|1936, 263|2494, 265|2506, 269|2586, 269|2647, 263|2687, 263|2822, 265|2939, 263|3087, 263|3294, 293|3348, 263|3416, 263|3785, 265|3817, 263|3836, 263|4022, air.com.hypah.io.slither, 
258|1, 258|158, 259|174, 259|331, 261|350, 255|563, 262|684, 266|746, 276|808, 278|941, 278|989, 280|1037, 282|1117, 282|2761, 284|2776, 282|2809, 282|3236, 284|3286, 282|3335, 282|4009, com.scb.breezebanking.hk, 
258|1, 258|125, 259|174, 259|222, 255|389, 256|487, 256|1411, 262|1450, 266|1596, 266|1655, 264|1689, 264|1785, 268|1869, 264|1905, 264|3555, 266|3597, 266|4018, com.google.android.music, 
258|1, 258|197, 259|209, 259|304, 255|344, 255|520, 261|563, 255|619, 257|647, 255|700, 255|1336, 259|1357, 265|1447, 265|1512, 267|1578, 267|1652, 269|1696, 269|3142, 275|3165, 276|3203, 280|3255, 286|3294, 286|3324, 288|3355, 288|3498, 290|3518, 288|3559, 288|4010, at.DiTronic.androidgroup.randomgallery, 
258|1, 258|139, 259|169, 259|276, 254|379, 252|395, 252|436, 256|481, 256|515, 258|533, 260|592, 260|686, 262|704, 262|921, 264|961, 264|975, 262|1061, 262|3299, 268|3353, 262|3378, 262|3461, 264|3473, 262|3502, 262|4009, com.android.vending, 
257|1, 257|127, 258|148, 258|257, 254|336, 254|478, 265|626, 269|666, 277|710, 279|796, 281|912, 281|1696, 283|1729, 283|1952, 285|1980, 283|2026, 283|2425, 285|2484, 283|2555, 283|4003, com.sometimeswefly.littlealchemy, 
257|1, 257|199, 258|210, 258|308, 260|328, 254|489, 264|651, 266|820, 266|965, 262|1040, 262|1848, 264|1869, 262|1933, 262|2225, 263|2243, 263|2407, 265|2436, 267|2495, 265|2515, 265|2882, 263|3077, 263|3635, 265|3664, 263|3691, 263|4006, air.com.hypah.io.slither, 
258|1, 258|179, 259|201, 259|327, 261|359, 255|457, 255|1177, 263|1299, 263|1655, 269|1675, 271|1729, 269|1761, 265|1794, 269|1846, 267|1881, 267|1948, 265|1974, 265|2192, 267|2223, 267|2721, 269|2755, 267|2795, 267|3066, 263|3243, 263|4009, com.ebay.mobile, 
258|1, 258|141, 259|161, 259|244, 260|269, 255|336, 257|399, 257|469, 255|597, 255|984, 263|1114, 265|1283, 265|1426, 269|1472, 267|1516, 267|2457, 269|2469, 267|2480, 267|3017, 269|3033, 267|3053, 267|4002, org.catrobat.catroid, 
258|1, 258|263, 259|289, 259|392, 260|431, 253|502, 253|578, 254|599, 254|1087, 256|1099, 256|1242, 254|1275, 254|1315, 264|1398, 264|1429, 262|1459, 262|1570, 264|1600, 262|1621, 262|1650, 266|1665, 266|1709, 268|1746, 268|2697, 270|2710, 268|2743, 268|2901, 270|2912, 268|2937, 268|4007, com.dropbox.android, 
258|1, 258|136, 259|147, 261|189, 261|232, 259|287, 259|305, 255|498, 255|758, 257|779, 265|1102, 265|1181, 269|1220, 267|1301, 267|4003, org.catrobat.catroid, 
258|1, 258|139, 259|159, 259|265, 262|334, 255|416, 255|625, 257|646, 255|738, 255|859, 259|881, 263|966, 263|1178, 265|1282, 265|1331, 267|1429, 267|1675, 265|1717, 265|1828, 267|1900, 267|3075, 263|3142, 263|4004, com.ebay.mobile, 
258|1, 258|195, 259|215, 259|308, 262|354, 255|464, 255|793, 257|810, 255|843, 255|1299, 265|1396, 267|1482, 269|1497, 267|1507, 267|1684, 269|1758, 269|2009, 271|2029, 271|2078, 269|2129, 269|3304, 270|3348, 286|3485, 288|3526, 288|3773, 290|3804, 288|3831, 288|4003, at.DiTronic.androidgroup.randomgallery, 
258|1, 258|37, 260|51, 258|89, 258|192, 259|203, 259|400, 254|448, 258|567, 262|677, 262|742, 263|805, 265|884, 267|948, 267|1142, 278|1601, 286|1880, 294|2167, 294|2281, 295|2366, 297|2407, 297|2456, 301|2499, 301|2570, 304|2626, 304|4005, com.android.chrome, 
235|1, 235|13, 237|34, 235|50, 235|139, 236|151, 236|267, 232|367, 232|505, 234|605, 240|689, 244|804, 244|824, 250|843, 246|993, 240|1203, 240|2491, 242|2526, 242|2671, 244|2712, 242|2865, 240|3082, 240|3340, 242|3351, 240|3415, 242|3454, 240|3505, 240|3978, 242|3995, 242|4006, air.com.hypah.io.slither, 
258|1, 258|112, 260|124, 260|203, 258|239, 258|322, 259|334, 259|372, 261|391, 259|441, 262|571, 255|740, 255|941, 257|970, 255|1022, 255|1070, 263|1161, 263|1376, 265|1415, 265|1473, 269|1502, 267|1569, 269|1624, 267|1649, 267|2747, 269|2757, 267|2795, 267|3420, 273|3454, 267|3479, 267|4009, org.catrobat.catroid, 
258|1, 258|129, 259|151, 259|276, 254|385, 254|410, 256|425, 254|460, 254|1008, 256|1042, 254|1102, 254|1208, 268|1272, 262|1322, 264|1395, 262|1409, 266|1430, 266|1476, 268|1569, 268|1618, 270|1652, 268|1708, 268|2780, 270|2797, 268|2829, 268|3139, 270|3151, 268|3174, 268|3342, 270|3374, 268|3387, 268|3398, 270|3410, 268|3452, 268|3976, 270|3989, 268|4007, com.dropbox.android, 
258|1, 258|117, 259|133, 259|225, 262|262, 255|381, 255|683, 261|713, 263|776, 263|970, 265|1053, 267|1120, 267|2882, 269|2904, 269|2996, 267|3030, 267|3369, 269|3381, 267|3391, 267|3898, 269|3910, 267|3922, 267|4004, com.google.android.apps.photos, 
258|1, 258|226, 261|237, 259|270, 259|351, 255|430, 260|646, 262|716, 276|780, 280|859, 282|1055, 282|1556, 288|1691, 282|1982, 282|2375, 284|2400, 282|2435, 282|2868, 284|2896, 282|2937, 282|3591, 284|3613, 282|3668, 282|4002, com.scb.breezebanking.hk, 
258|1, 258|210, 259|221, 259|371, 261|443, 258|602, 263|670, 263|960, 265|1034, 267|1178, 267|1261, 280|1524, 278|1694, 286|1935, 290|2050, 292|2313, 292|2326, 295|2389, 295|2458, 297|2502, 304|2607, 304|3014, 306|3039, 304|3179, 304|3663, 306|3674, 304|3705, 304|4005, com.android.chrome, 
235|1, 235|155, 236|189, 236|268, 232|355, 232|1061, 236|1098, 234|1142, 234|2071, 236|2110, 234|2130, 234|2296, 244|2401, 244|2437, 242|2482, 242|2641, 244|2687, 242|2746, 242|3227, 244|3246, 242|3274, 242|4003, com.Slack, 
235|1, 235|115, 236|145, 236|164, 238|186, 236|203, 236|235, 238|272, 232|336, 232|904, 234|937, 240|1074, 240|2548, 242|2558, 240|2592, 240|3649, 242|3660, 240|3686, 240|4009, com.whatsapp, 
235|1, 235|92, 237|103, 235|128, 235|172, 236|191, 236|302, 229|341, 229|444, 233|460, 233|523, 237|542, 237|639, 241|669, 239|897, 239|2526, 245|2606, 239|2737, 239|3193, 241|3208, 239|3225, 239|3777, 241|3787, 239|3797, 239|4009, com.android.vending, 
234|1, 234|47, 236|63, 234|92, 236|102, 234|116, 234|170, 235|185, 235|279, 237|305, 238|362, 231|472, 231|631, 233|645, 239|717, 239|1046, 243|1074, 243|1263, 245|1274, 243|1316, 243|1340, 245|1372, 243|1456, 243|1815, 245|1850, 243|1955, 243|3672, 245|3682, 243|3695, 243|4010, com.google.android.apps.photos, 
234|1, 234|139, 235|148, 235|245, 237|264, 231|307, 231|704, 233|741, 231|784, 231|1072, 233|1088, 231|1145, 231|1933, 241|1970, 239|2012, 239|2072, 241|2092, 241|2192, 239|2223, 239|3378, 241|3390, 239|3404, 239|4005, com.Slack, 
234|1, 234|175, 235|194, 235|280, 231|359, 231|955, 237|1057, 233|1135, 231|1156, 231|1660, 233|1673, 231|1683, 231|2199, 241|2238, 239|2272, 239|2408, 241|2538, 241|2642, 239|2686, 239|4003, com.Slack, 
234|1, 234|143, 235|168, 235|213, 237|233, 235|280, 231|475, 239|630, 239|689, 241|728, 243|796, 241|959, 239|1064, 239|1583, 241|1619, 239|1654, 239|2347, 240|2394, 240|2438, 242|2781, 240|2962, 240|3053, 242|3089, 240|3144, 242|3181, 240|3192, 240|3401, 242|3421, 240|3481, 240|3829, 246|3870, 240|3932, 240|4021, air.com.hypah.io.slither, 
238|1, 242|45, 246|68, 256|121, 256|174, 258|235, 260|336, 260|400, 258|423, 258|530, 259|543, 259|702, 261|721, 261|743, 259|767, 260|786, 260|825, 253|848, 253|905, 254|945, 256|978, 254|1055, 254|1361, 256|1445, 254|1552, 258|1652, 262|1727, 262|1830, 266|1861, 266|1934, 268|2054, 268|2710, 270|2723, 270|2753, 268|2765, 268|2841, 270|2853, 268|2864, 268|2878, 270|2890, 268|2930, 268|3987, 270|4000, 268|4022, com.dropbox.android, 
258|1, 258|134, 259|146, 259|228, 261|252, 255|453, 257|621, 267|824, 263|992, 263|1102, 265|1145, 263|1226, 263|2363, 265|2411, 263|2424, 263|2609, 265|2666, 265|2816, 263|2983, 263|3560, 265|3577, 265|3635, 263|3676, 263|4016, air.com.hypah.io.slither, 
258|1, 258|166, 259|180, 259|371, 261|396, 255|525, 255|1218, 261|1266, 255|1306, 255|1783, 257|1796, 255|1817, 255|2274, 263|2317, 263|2451, 265|2531, 265|2597, 263|2649, 263|2943, 265|2954, 263|2965, 263|4002, com.Slack, 
258|1, 258|161, 259|181, 259|283, 253|349, 254|392, 254|990, 256|1007, 254|1091, 254|1205, 262|1332, 262|1421, 268|1540, 268|2225, 270|2254, 268|2279, 268|2806, 270|2823, 268|2860, 268|3937, 274|3966, 270|4009, com.dropbox.android, 
258|1, 258|153, 259|164, 259|239, 261|263, 259|295, 261|324, 262|388, 262|422, 255|443, 255|1390, 267|1560, 267|1649, 269|1731, 269|2622, 271|2661, 269|2673, 269|3134, 270|3177, 276|3241, 286|3319, 288|3359, 288|3602, 290|3671, 288|3720, 288|3805, 290|3817, 288|3844, 288|4004, at.DiTronic.androidgroup.randomgallery, 
258|1, 258|87, 260|98, 258|120, 258|132, 260|144, 258|155, 258|197, 259|211, 259|321, 261|336, 262|389, 255|556, 255|715, 259|731, 263|883, 263|989, 265|1019, 267|1120, 267|1947, 269|1968, 267|2020, 267|2967, 269|2990, 267|3019, 267|3752, 269|3805, 267|3825, 267|4001, com.google.android.apps.photos, 
258|1, 258|144, 259|160, 259|275, 255|421, 255|948, 263|1042, 263|1699, 265|1717, 263|1727, 263|1738, 265|1750, 263|1779, 263|2254, 269|2275, 263|2347, 263|2870, 265|2891, 263|2903, 263|4004, com.whatsapp, 
258|1, 258|202, 259|224, 259|295, 261|317, 262|364, 255|460, 255|1063, 257|1103, 263|1178, 263|1298, 265|1339, 265|1403, 269|1426, 269|1456, 267|1492, 267|2660, 269|2671, 267|2701, 267|3229, 269|3243, 267|3279, 267|4001, org.catrobat.catroid, 
258|1, 258|154, 259|177, 259|300, 261|324, 255|471, 255|1379, 259|1400, 265|1433, 265|1581, 267|1632, 267|1644, 269|1743, 269|2797, 271|2808, 271|2861, 269|2887, 269|3101, 276|3142, 276|3189, 280|3208, 288|3280, 288|3512, 290|3571, 288|3602, 288|4010, at.DiTronic.androidgroup.randomgallery, 
258|1, 258|189, 259|199, 259|337, 265|361, 259|431, 256|563, 256|610, 260|652, 260|786, 262|806, 262|1317, 264|1360, 262|1422, 262|2065, 264|2112, 262|2159, 262|3897, 264|3911, 262|3925, 264|3940, 262|3961, 262|4011, com.android.vending, 
259|1, 257|25, 257|209, 258|252, 258|308, 260|334, 254|514, 261|664, 275|738, 279|797, 283|959, 281|1061, 281|2012, 283|2204, 281|2397, 281|3158, 283|3184, 283|3216, 281|3239, 281|4005, com.scb.breezebanking.hk, 
257|1, 257|180, 258|201, 260|246, 258|264, 258|308, 261|335, 254|489, 254|2073, 256|2083, 254|2094, 254|2213, 262|2255, 262|2371, 264|2384, 264|2551, 262|2591, 262|4005, com.Slack, 
257|1, 257|139, 259|157, 258|178, 258|289, 260|311, 254|494, 262|608, 262|690, 268|738, 262|911, 262|2229, 264|2239, 262|2271, 262|2460, 263|2491, 263|2701, 265|2758, 265|3033, 263|3151, 265|3319, 263|3394, 263|4003, air.com.hypah.io.slither, 
258|1, 258|320, 259|337, 259|414, 261|425, 259|437, 259|478, 255|575, 255|982, 257|1122, 265|1340, 263|1374, 263|1446, 265|1517, 265|1599, 267|1657, 265|1757, 263|1812, 263|1876, 265|1956, 263|1974, 263|2465, 265|2490, 263|2569, 263|3071, 265|3092, 263|3158, 263|3236, 265|3257, 265|3679, 267|3729, 267|3754, 265|3765, 265|4008, com.google.android.apps.docs, 
258|1, 258|174, 259|197, 261|222, 259|243, 259|333, 262|433, 255|489, 255|783, 257|824, 255|854, 255|1020, 263|1070, 263|1187, 265|1206, 265|1319, 267|1392, 263|1527, 263|2791, 265|2844, 265|3072, 267|3123, 265|3187, 265|3434, 267|3458, 265|3559, 265|3594, 271|3617, 265|3653, 265|3842, 267|3854, 265|3888, 265|4015, com.google.android.apps.docs, 
258|1, 258|76, 260|89, 258|125, 258|155, 259|180, 259|276, 262|325, 255|488, 266|670, 270|745, 276|798, 280|863, 282|1004, 282|1887, 284|2169, 282|2313, 282|3342, 284|3353, 284|3409, 282|3429, 282|4005, com.scb.breezebanking.hk, 
258|1, 258|209, 259|232, 259|338, 255|447, 256|606, 256|827, 258|862, 256|989, 256|1433, 264|1469, 266|1564, 266|1612, 264|1649, 264|1783, 268|1846, 264|1860, 264|2211, 266|2225, 264|2246, 264|3845, 266|3914, 266|4064, com.google.android.music, 
258|1, 258|152, 259|172, 259|288, 262|322, 255|486, 255|907, 257|951, 265|1165, 265|1249, 269|1263, 269|1307, 267|1330, 269|1394, 267|1415, 267|1763, 273|1804, 267|1822, 267|2528, 269|2540, 267|2558, 267|4002, org.catrobat.catroid, 
258|1, 258|148, 259|158, 259|262, 255|309, 255|714, 261|762, 263|889, 263|941, 265|1014, 265|1088, 269|1114, 267|1214, 267|4005, org.catrobat.catroid, 
258|1, 258|96, 259|118, 259|263, 257|277, 252|349, 258|398, 256|438, 260|482, 260|648, 262|727, 262|1658, 264|1713, 262|1798, 262|3589, 264|3603, 262|3632, 262|4007, com.android.vending, 
257|1, 257|157, 258|173, 258|252, 264|272, 258|319, 258|339, 261|368, 254|583, 254|884, 262|968, 262|1094, 264|1144, 264|1221, 268|1243, 266|1331, 266|1772, 268|1790, 266|1812, 268|1830, 266|1881, 266|2439, 268|2458, 266|2472, 266|2937, 268|2947, 266|2958, 266|2972, 268|2985, 266|3005, 266|3547, 268|3564, 266|3575, 266|4005, org.catrobat.catroid, 
257|1, 257|161, 258|171, 258|291, 261|336, 254|399, 254|564, 259|639, 261|706, 275|792, 275|864, 277|904, 281|1082, 281|2326, 283|2395, 283|2422, 281|2436, 281|3103, 287|3157, 287|3206, 281|3234, 281|3544, 283|3615, 281|3644, 281|4008, com.scb.breezebanking.hk, 
257|1, 257|180, 258|204, 258|330, 261|361, 254|454, 254|768, 260|791, 262|858, 262|1076, 266|1108, 266|2959, 268|2971, 266|2997, 266|3518, 268|3531, 266|3577, 266|4011, com.google.android.apps.photos, 
257|1, 257|175, 258|185, 258|277, 261|314, 254|484, 255|629, 261|712, 269|804, 277|915, 281|1076, 281|1138, 283|1208, 281|1313, 281|1940, 283|1961, 283|2197, 285|2215, 285|2244, 283|2270, 283|3539, 285|3587, 283|3608, 283|4011, com.sometimeswefly.littlealchemy, 
257|1, 257|159, 258|184, 258|271, 260|293, 255|563, 265|672, 273|721, 277|764, 279|823, 281|918, 281|1075, 287|1376, 287|1484, 281|1618, 281|1769, 283|1821, 283|1890, 285|1919, 285|1969, 283|2083, 283|3251, 285|3267, 283|3298, 283|3870, 285|3881, 283|3966, 283|4032, com.sometimeswefly.littlealchemy, 
257|1, 257|233, 258|243, 258|344, 254|429, 254|689, 262|709, 262|862, 266|922, 266|1105, 268|1149, 266|1205, 266|2338, 268|2360, 266|2401, 266|2914, 268|2941, 266|2952, 266|4003, com.google.android.apps.photos, 
257|1, 257|173, 258|183, 258|242, 260|255, 258|294, 258|314, 260|337, 254|395, 254|1001, 258|1049, 260|1109, 262|1209, 262|1987, 264|1999, 262|2022, 262|2600, 264|2613, 262|2624, 262|4003, com.whatsapp, 
257|1, 257|147, 258|158, 258|251, 261|288, 254|390, 254|840, 262|948, 264|1026, 264|1141, 266|1176, 264|1279, 264|1370, 266|1410, 264|1444, 262|1518, 262|1725, 264|1752, 262|1858, 262|2322, 264|2362, 262|2408, 262|2677, 264|2712, 264|3584, 266|3598, 264|3621, 264|3650, 266|3661, 264|3683, 264|3727, 266|3754, 264|3785, 264|4009, com.google.android.apps.docs, 
257|1, 257|203, 258|219, 258|346, 256|383, 264|496, 261|613, 261|829, 262|859, 262|975, 264|1018, 264|1069, 266|1105, 266|1242, 272|1295, 275|1383, 279|1453, 277|1598, 281|1726, 283|1878, 285|1981, 291|2166, 299|2432, 300|2560, 296|2659, 300|2730, 303|2810, 303|3706, 305|3718, 303|3738, 303|4010, com.android.chrome, 
234|1, 234|160, 235|197, 235|297, 241|351, 234|404, 234|490, 238|512, 238|600, 239|662, 239|743, 241|772, 241|891, 243|1006, 243|1078, 245|1113, 252|1199, 254|1387, 254|1486, 266|1649, 268|1830, 268|2053, 273|2135, 277|2241, 280|2340, 280|4010, com.android.chrome, 
234|1, 234|173, 235|197, 235|289, 238|330, 238|390, 231|494, 231|690, 237|719, 239|839, 239|1422, 241|1439, 239|1462, 239|2573, 241|2583, 239|2615, 239|3192, 241|3203, 239|3233, 239|4012, com.whatsapp, 
