528631|1, 528631|1379, 528633|1496, 528633|1610, 528635|1692, 528635|1883, 528639|1968, 528641|2041, 528641|2069, 528642|2091, 528642|2207, 528646|2279, 528646|2393, 528656|2491, 528663|2618, 528663|2716, 528666|2873, 528666|3037, 528669|3227, 528675|3367, 528676|3490, 528676|3530, 528678|3567, 528678|3730, 528688|3779, 528689|4011, com.ebay.mobile, 
528729|1, 528729|788, 528730|866, 528731|892, 528735|940, 528740|1046, 528741|1065, 528741|1090, 528744|1233, 528750|1509, 528750|1543, 528751|1604, 528751|2056, 528752|2070, 528752|2282, 528753|2294, 528754|2306, 528754|2599, 528756|2651, 528756|2903, 528759|2941, 528759|3091, 528762|3126, 528762|3709, 528763|3720, 528763|4009, com.sololearn.cplusplus, 
528769|1, 528769|270, 528770|286, 528771|306, 528771|336, 528772|354, 528773|387, 528776|408, 528777|427, 528778|449, 528779|475, 528779|492, 528780|510, 528780|4002, com.ted.android.conference, 
528797|1, 528797|1295, 528798|1321, 528799|1379, 528799|1410, 528800|1435, 528800|1482, 528801|1497, 528801|1522, 528807|1545, 528811|1608, 528813|1637, 528822|1746, 528831|1785, 528836|1838, 528836|1903, 528840|1920, 528840|1933, 528843|1948, 528847|1990, 528847|2003, 528848|2037, 528853|2066, 528854|2087, 528866|2217, 528871|2330, 528873|2382, 528877|2437, 528881|2686, 528881|2760, 528883|2854, 528884|2889, 528884|3144, 528887|3158, 528887|3343, 528890|3358, 528891|3368, 528892|3379, 528892|3656, 528893|3670, 528893|3901, 528895|3940, 528896|3956, 528896|4005, com.dropbox.android, 
528934|1, 528934|906, 528936|936, 528936|1088, 528937|1162, 528938|1201, 528942|1295, 528946|1351, 528946|1425, 528964|1486, 528981|1606, 528981|2134, 528983|2194, 528988|2216, 528991|2229, 528993|2265, 528994|2288, 528995|2309, 528997|2331, 528997|2387, 529004|2403, 529004|2415, 529005|2426, 529005|2472, 529006|2487, 529008|2522, 529008|2539, 529013|2560, 529013|2686, 529015|2697, 529015|2714, 529018|2752, 529019|2771, 529021|2789, 529023|2807, 529027|2828, 529027|2866, 529028|2889, 529028|2999, 529032|3020, 529034|3047, 529034|3080, 529038|3102, 529040|3117, 529040|3175, 529043|3186, 529043|3225, 529044|3237, 529044|3452, 529048|3466, 529048|3480, 529050|3507, 529050|3864, 529053|3880, 529053|3893, 529055|3905, 529055|4011, com.dropbox.android, 
529087|1, 529087|2424, 529088|2442, 529088|2705, 529089|2722, 529089|2939, 529091|2950, 529091|3143, 529092|3158, 529092|3346, 529094|3358, 529094|3554, 529097|3567, 529097|3759, 529099|3773, 529099|3949, 529100|3977, 529100|4001, com.bankofamerica.cashpromobile, 
529111|1, 529111|1951, 529113|1968, 529113|1982, 529114|1996, 529114|2056, 529116|2067, 529116|4008, com.android.chrome, 
529118|1, 529118|635, 529119|665, 529120|693, 529130|851, 529130|892, 529136|1138, 529136|1276, 529137|1294, 529137|1347, 529138|1444, 529138|1686, 529140|1730, 529140|1994, 529141|2006, 529142|2034, 529142|2296, 529145|2318, 529145|2604, 529148|2637, 529148|3116, 529149|3133, 529149|4006, com.sololearn.cplusplus, 
529155|1, 529155|4007, com.google.android.gm, 
529155|1, 529155|2292, 529156|2302, 529156|2312, 529157|2339, 529157|2362, 529159|2372, 529159|2384, 529162|2408, 529162|2525, 529166|2561, 529166|2628, 529167|2647, 529168|2659, 529168|2692, 529170|2708, 529172|2728, 529172|2740, 529175|2756, 529178|2771, 529179|2798, 529188|2817, 529194|2846, 529194|2860, 529196|2873, 529196|2889, 529200|2911, 529207|2932, 529207|3179, 529208|3218, 529208|3231, 529209|3241, 529209|3277, 529211|3288, 529211|3318, 529214|3329, 529214|3351, 529215|3360, 529215|3379, 529216|3394, 529228|3409, 529228|3604, 529230|3615, 529230|3700, 529233|3716, 529233|4144, com.google.android.music, 
529289|1, 529289|1894, 529290|1941, 529290|2083, 529292|2105, 529292|2285, 529293|2298, 529293|2484, 529295|2496, 529295|2696, 529300|2708, 529300|2904, 529301|2924, 529301|2934, 529302|2945, 529302|3105, 529305|3121, 529305|3926, 529306|3949, 529308|3978, 529308|4004, com.bankofamerica.cashpromobile, 
529326|1, 529326|2409, 529327|2418, 529328|2431, 529328|2440, 529331|2459, 529331|2472, 529334|2493, 529334|2516, 529335|2526, 529335|2853, 529337|2894, 529337|4004, com.google.android.keep, 
529339|1, 529339|4008, com.ted.android.conference, 
529339|1, 529339|1333, 529340|1359, 529341|1371, 529346|1478, 529349|1531, 529349|1643, 529350|1656, 529350|4010, org.catrobat.catroid, 
529352|1, 529352|1105, 529353|1152, 529354|1174, 529354|1223, 529355|1264, 529368|1350, 529381|1385, 529385|1411, 529385|1435, 529393|1454, 529400|1540, 529400|1553, 529405|1568, 529405|1622, 529409|1655, 529412|1690, 529414|1753, 529415|1824, 529417|1877, 529418|1948, 529426|2007, 529429|2053, 529431|2077, 529433|2107, 529433|2143, 529436|2157, 529437|2172, 529438|2183, 529439|2229, 529439|2350, 529441|2362, 529441|2375, 529443|2393, 529445|2409, 529446|2423, 529450|2443, 529450|2455, 529454|2474, 529454|2492, 529456|2539, 529456|2768, 529461|2795, 529464|2811, 529464|2828, 529465|2838, 529466|2857, 529466|2968, 529470|2980, 529470|2992, 529471|3002, 529471|3019, 529472|3030, 529472|3050, 529474|3061, 529474|3190, 529478|3211, 529478|3232, 529480|3250, 529480|3560, 529482|3572, 529482|3594, 529484|3605, 529486|3616, 529486|4008, com.dropbox.android, 
529524|1, 529524|1025, 529527|1242, 529533|1396, 529533|2199, 529541|2372, 529551|2453, 529553|2568, 529553|2621, 529565|2694, 529572|2799, 529572|4009, com.android.chrome, 
529576|1, 529576|4008, at.DiTronic.androidgroup.randomgallery, 
529615|1, 529615|849, 529619|1001, 529624|1083, 529626|1186, 529626|1437, 529628|1462, 529629|1497, 529629|3140, 529630|3180, 529632|3223, 529637|3338, 529638|3377, 529641|3446, 529641|3511, 529642|3523, 529642|3570, 529645|3600, 529645|4004, com.scb.breezebanking.hk, 
529647|1, 529647|1197, 529649|1464, 529658|1633, 529658|2506, 529660|2531, 529663|2557, 529672|2603, 529675|2656, 529675|2825, 529679|2955, 529682|3030, 529682|3828, 529683|3859, 529684|3884, 529684|4011, com.android.chrome, 
529704|1, 529704|1061, 529705|1107, 529706|1284, 529706|1308, 529707|1386, 529707|2181, 529708|2193, 529709|2206, 529709|2225, 529712|2235, 529712|2254, 529715|2264, 529715|2286, 529716|2297, 529716|2490, 529718|2508, 529718|4009, com.google.android.keep, 
529723|1, 529723|3185, 529724|3197, 529725|3210, 529725|3255, 529726|3271, 529727|3291, 529727|3322, 529732|3336, 529732|3395, 529733|3419, 529733|3461, 529738|3491, 529738|3515, 529741|3527, 529741|3566, 529742|3578, 529742|3609, 529743|3621, 529744|3636, 529744|3662, 529745|3673, 529745|4020, com.google.android.apps.photos, 
529760|1, 529760|1803, 529761|1879, 529764|1944, 529770|2058, 529775|2181, 529775|2222, 529780|2261, 529780|2443, 529781|2484, 529784|2574, 529786|2755, 529786|3550, 529787|3585, 529787|3630, 529791|3659, 529791|4010, com.sometimeswefly.littlealchemy, 
529795|1, 529795|2220, 529797|2253, 529797|2569, 529799|2584, 529799|3905, 529800|3919, 529800|4002, com.sometimeswefly.littlealchemy, 
529804|1, 529804|1952, 529808|2044, 529812|2094, 529812|2125, 529818|2135, 529818|2146, 529819|2163, 529828|2180, 529831|2193, 529834|2203, 529834|2223, 529836|2235, 529836|2283, 529847|2310, 529847|3179, 529850|3193, 529850|4034, com.google.android.music, 
529866|1, 529866|1790, 529867|1807, 529867|1840, 529868|1850, 529869|1864, 529869|1874, 529870|1883, 529872|1898, 529873|1910, 529874|1931, 529876|1946, 529876|2305, 529878|2317, 529878|4006, com.google.android.keep, 
529880|1, 529880|1741, 529881|1785, 529881|1967, 529883|1980, 529883|2111, 529885|2121, 529885|2259, 529887|2270, 529887|2424, 529890|2435, 529890|2626, 529892|2638, 529892|2835, 529893|2846, 529893|2857, 529894|2867, 529894|3040, 529897|3051, 529897|3788, 529898|3821, 529900|3895, 529904|4059, com.bankofamerica.cashpromobile, 
529925|1, 529925|3038, 529926|3048, 529926|4001, com.ted.android.conference, 
529927|1, 529927|731, 529928|892, 529930|966, 529930|1010, 529934|1094, 529935|1130, 529936|1148, 529945|1219, 529946|1233, 529946|1365, 529947|1374, 529947|1936, 529950|1961, 529950|2077, 529965|2140, 529965|2258, 529967|2377, 529967|2497, 529972|2520, 529973|2555, 529973|2697, 529975|2708, 529975|2899, 529976|2911, 529976|2964, 529977|2998, 529978|3019, 529978|3086, 529980|3181, 529981|3223, 529981|3280, 529986|3293, 529986|3315, 529987|3341, 529988|3358, 529988|3369, 529989|3387, 529989|3457, 529991|3490, 529991|3537, 529992|3574, 529993|3610, 529993|4005, com.mxtech.videoplayer.ad, 
530007|1, 530007|635, 530008|688, 530011|701, 530014|736, 530014|872, 530019|1009, 530020|1070, 530020|1093, 530026|1199, 530026|1296, 530027|1415, 530028|1497, 530028|1692, 530030|1706, 530030|2002, 530031|2014, 530031|2025, 530032|2042, 530032|2304, 530034|2336, 530035|2371, 530035|2624, 530038|2639, 530038|3232, 530039|3243, 530039|4002, com.sololearn.cplusplus, 
530047|1, 530047|4009, com.ted.android.conference, 
530047|1, 530047|1287, 530048|1354, 530048|1408, 530049|1449, 530049|1485, 530051|1513, 530051|1543, 530053|1578, 530053|1604, 530058|1640, 530063|1701, 530063|1787, 530065|1846, 530065|1874, 530067|1899, 530069|1943, 530070|1990, 530073|2024, 530073|2060, 530080|2145, 530080|2171, 530084|2208, 530084|2229, 530086|2279, 530087|2322, 530087|2395, 530088|2427, 530089|2458, 530090|2498, 530093|2534, 530094|2605, 530099|2672, 530099|2732, 530106|2964, 530106|3011, 530107|3035, 530112|3135, 530116|3181, 530120|3203, 530122|3234, 530123|3261, 530123|3401, 530124|3437, 530125|3457, 530125|3479, 530129|3495, 530136|3519, 530136|3556, 530137|3581, 530137|4011, com.ebay.mobile, 
530147|1, 530147|1731, 530149|1742, 530149|1766, 530152|1782, 530155|1808, 530155|1828, 530156|1838, 530156|2151, 530159|2162, 530159|4003, com.google.android.keep, 
530161|1, 530161|1039, 530168|1332, 530168|1927, 530169|2049, 530171|2085, 530178|2143, 530186|2247, 530186|2301, 530189|2368, 530190|2413, 530192|2439, 530192|4005, com.android.chrome, 
530194|1, 530194|4001, at.DiTronic.androidgroup.randomgallery, 
530234|1, 530234|545, 530236|612, 530238|642, 530242|763, 530246|902, 530246|932, 530253|977, 530253|1150, 530255|1250, 530255|1464, 530257|1489, 530257|1791, 530258|1811, 530259|1823, 530259|2098, 530262|2114, 530262|2281, 530264|2309, 530265|2333, 530265|2914, 530266|2927, 530266|4017, com.sololearn.cplusplus, 
530272|1, 530272|907, 530273|941, 530275|964, 530275|984, 530278|1001, 530278|1021, 530280|1042, 530281|1054, 530281|1095, 530282|1110, 530282|1190, 530283|1205, 530283|1232, 530284|1250, 530284|4016, com.ted.android.conference, 
530284|1, 530284|817, 530286|843, 530293|893, 530294|913, 530294|948, 530298|1004, 530298|1059, 530299|1098, 530299|1815, 530302|1849, 530302|2082, 530313|2139, 530315|2172, 530315|3219, 530316|3266, 530316|3305, 530318|3319, 530318|3340, 530323|3359, 530323|3377, 530324|3396, 530324|3471, 530325|3485, 530325|3499, 530327|3520, 530335|3561, 530341|3590, 530342|3610, 530342|3622, 530345|3633, 530346|3645, 530346|3659, 530351|3669, 530352|3683, 530352|3706, 530355|3720, 530356|3735, 530356|3751, 530357|3762, 530358|3786, 530358|3801, 530360|3817, 530360|3849, 530361|3861, 530362|3879, 530362|3901, 530363|3914, 530363|4002, com.mxtech.videoplayer.ad, 
530378|1, 530378|635, 530379|703, 530379|745, 530384|903, 530389|998, 530389|1109, 530392|1138, 530392|1406, 530399|1419, 530399|2005, 530400|2015, 530400|2045, 530401|2056, 530401|2625, 530403|2722, 530403|2942, 530404|2957, 530405|2975, 530405|3180, 530408|3197, 530408|3424, 530410|3434, 530411|3445, 530411|4007, com.sololearn.cplusplus, 
530418|1, 530418|3593, 530422|3684, 530425|3791, 530425|3819, 530426|3836, 530429|3976, 530429|4005, air.com.hypah.io.slither, 
530446|1, 530446|2900, 530449|2923, 530449|3137, 530459|3153, 530459|3547, 530461|3558, 530461|3592, 530469|3618, 530472|3630, 530472|3656, 530475|3669, 530475|3824, 530476|3859, 530477|3877, 530482|3920, 530484|3944, 530487|3971, 530489|3989, 530489|4002, at.DiTronic.androidgroup.randomgallery, 
530502|1, 530502|721, 530504|900, 530509|996, 530509|1063, 530512|1234, 530512|1639, 530513|1724, 530515|1847, 530515|3222, 530518|3324, 530523|3435, 530524|3469, 530527|3509, 530527|3594, 530528|3620, 530531|3656, 530531|4016, com.scb.breezebanking.hk, 
530535|1, 530535|4010, com.ted.android.conference, 
530535|1, 530535|2205, 530536|2221, 530536|4011, com.ted.android.conference, 
530537|1, 530537|4006, com.android.vending, 
530581|1, 530581|1042, 530586|1115, 530586|1189, 530595|1285, 530595|4006, com.whatsapp, 
530606|1, 530606|1818, 530607|1856, 530607|2032, 530609|2042, 530609|2166, 530611|2188, 530611|2372, 530613|2383, 530613|2583, 530616|2594, 530616|2786, 530618|2797, 530618|2993, 530619|3014, 530619|3033, 530620|3056, 530620|3191, 530623|3206, 530623|3916, 530624|3939, 530624|3957, 530626|3995, 530626|4021, com.bankofamerica.cashpromobile, 
530657|1, 530657|2084, 530659|2098, 530659|2284, 530660|2295, 530660|2493, 530662|2505, 530662|2695, 530667|2706, 530667|2899, 530668|2920, 530668|2933, 530669|2943, 530669|3108, 530672|3131, 530672|3720, 530674|3768, 530674|3927, 530677|3972, 530678|4000, 530678|4021, com.bankofamerica.cashpromobile, 
530696|1, 530696|706, 530697|792, 530697|3685, 530702|3695, 530702|4009, com.whatsapp, 
530708|1, 530708|2223, 530710|2289, 530710|2548, 530712|2642, 530712|4021, com.sometimeswefly.littlealchemy, 
530714|1, 530714|4006, com.google.android.gm, 
530714|1, 530714|1050, 530716|1165, 530716|1227, 530719|1268, 530723|1312, 530723|1347, 530726|1395, 530726|1432, 530729|1506, 530732|1535, 530733|1556, 530733|1638, 530736|1659, 530736|1945, 530741|1972, 530741|2250, 530745|2410, 530747|2578, 530769|2689, 530769|2873, 530774|2921, 530777|2951, 530777|2971, 530779|3012, 530779|3074, 530787|3129, 530791|3174, 530797|3202, 530807|3285, 530807|3942, 530808|3983, 530809|4023, com.android.vending, 
530858|1, 530858|107, 530859|120, 530859|1937, 530860|1948, 530860|1961, 530861|1977, 530861|1997, 530864|2008, 530864|2123, 530867|2134, 530867|2239, 530869|2309, 530874|2330, 530879|2389, 530894|2492, 530903|2527, 530919|2558, 530919|2803, 530921|2817, 530921|3048, 530923|3059, 530923|3085, 530934|3096, 530934|3126, 530939|3137, 530939|3185, 530941|3205, 530941|4003, com.google.android.keep, 
530952|1, 530952|1728, 530959|1808, 530962|1843, 530963|1861, 530969|1881, 530973|1900, 530976|1917, 530976|1929, 530978|1939, 530978|2020, 530988|2030, 530988|2042, 530989|2066, 530989|2916, 530992|2945, 530993|4043, com.google.android.music, 
531022|1, 531022|816, 531026|904, 531028|949, 531035|1015, 531038|1083, 531038|1205, 531039|1217, 531039|1806, 531042|1833, 531042|1954, 531055|2116, 531056|2170, 531056|2220, 531058|2282, 531058|2481, 531064|2492, 531064|2505, 531065|2516, 531065|2678, 531066|2689, 531067|2702, 531067|2891, 531068|2902, 531068|3021, 531070|3090, 531072|3127, 531072|3138, 531077|3157, 531077|3204, 531078|3222, 531078|3239, 531079|3251, 531081|3279, 531081|3291, 531086|3308, 531086|3350, 531087|3391, 531089|3418, 531089|3443, 531093|3457, 531094|3479, 531095|3491, 531095|3513, 531098|3526, 531098|3553, 531099|3571, 531100|3584, 531100|3609, 531102|3622, 531102|3734, 531103|3747, 531104|3762, 531104|3865, 531105|3883, 531105|4004, com.mxtech.videoplayer.ad, 
531121|1, 531121|758, 531128|915, 531131|991, 531131|1326, 531132|1453, 531136|1528, 531136|2690, 531139|2761, 531144|2792, 531145|2826, 531146|2848, 531149|2899, 531149|3005, 531150|3026, 531150|3047, 531153|3072, 531153|4012, com.scb.breezebanking.hk, 
531155|1, 531155|784, 531156|828, 531160|878, 531163|917, 531165|970, 531170|1020, 531170|1110, 531171|1126, 531171|1730, 531174|1770, 531174|1898, 531187|1946, 531187|2153, 531189|2194, 531189|2384, 531194|2395, 531194|2450, 531195|2461, 531195|2590, 531197|2605, 531197|2814, 531198|2833, 531198|2930, 531199|2986, 531201|3067, 531206|3092, 531206|3200, 531208|3247, 531209|3278, 531210|3304, 531210|3339, 531216|3366, 531217|3390, 531221|3401, 531222|3417, 531222|3431, 531223|3441, 531224|3457, 531224|3471, 531225|3488, 531225|3531, 531228|3551, 531228|3587, 531229|3599, 531231|3615, 531231|3641, 531232|3651, 531233|3663, 531233|3685, 531234|3697, 531234|4011, com.mxtech.videoplayer.ad, 
531246|1, 531246|2235, 531248|2321, 531248|2574, 531250|2588, 531250|4005, com.sometimeswefly.littlealchemy, 
531252|1, 531252|1303, 531254|1315, 531254|1504, 531259|1520, 531259|1600, 531260|1617, 531260|1737, 531262|1748, 531262|1868, 531263|1885, 531263|2447, 531264|2511, 531266|2552, 531266|2573, 531271|2618, 531273|2689, 531274|2723, 531274|2923, 531275|2950, 531275|4009, com.Slack, 
531283|1, 531283|1269, 531285|1414, 531285|1515, 531288|1541, 531289|1599, 531295|1746, 531297|1879, 531299|1930, 531299|2041, 531303|2067, 531306|2087, 531306|2112, 531307|2162, 531308|2218, 531318|2372, 531321|2551, 531326|2662, 531326|2861, 531330|2878, 531332|2915, 531332|3025, 531334|3154, 531334|4023, com.ebay.mobile, 
531354|1, 531354|1370, 531358|1445, 531358|1477, 531360|1526, 531369|1613, 531369|1659, 531375|1812, 531377|1879, 531379|1919, 531381|1966, 531383|2030, 531385|2062, 531389|2112, 531396|2234, 531400|2279, 531400|2336, 531404|2418, 531406|2620, 531408|2723, 531408|2840, 531409|2876, 531409|4003, com.ebay.mobile, 
531421|1, 531421|4003, com.android.vending, 
531421|1, 531421|4009, com.android.vending, 
531421|1, 531421|807, 531424|905, 531428|942, 531428|957, 531431|973, 531433|990, 531433|1005, 531435|1022, 531435|1041, 531445|1075, 531445|1101, 531446|1118, 531446|1183, 531454|1204, 531454|1240, 531455|1264, 531455|1315, 531456|1329, 531457|1342, 531457|1494, 531458|1505, 531458|2111, 531460|2164, 531460|2180, 531465|2202, 531465|2301, 531467|2312, 531467|2325, 531468|2338, 531468|2618, 531469|2630, 531469|4009, com.Slack, 
531477|1, 531477|707, 531480|777, 531483|850, 531488|931, 531491|1012, 531495|1040, 531495|1104, 531496|1117, 531496|1690, 531499|1715, 531499|1766, 531509|1830, 531510|1926, 531510|2129, 531511|2165, 531511|2192, 531517|2244, 531518|2255, 531518|2277, 531520|2288, 531520|2314, 531523|2326, 531523|2447, 531529|2468, 531529|2492, 531530|2503, 531530|2624, 531532|2638, 531532|2804, 531534|2833, 531534|2883, 531536|2915, 531536|2940, 531541|2969, 531541|2983, 531543|2993, 531543|3052, 531545|3068, 531545|3093, 531549|3112, 531549|3123, 531551|3135, 531551|3162, 531552|3179, 531552|3210, 531554|3222, 531555|3239, 531555|3255, 531556|3267, 531558|3281, 531558|3310, 531559|3329, 531559|4005, com.mxtech.videoplayer.ad, 
531573|1, 531573|4016, com.ted.android.conference, 
531573|1, 531573|1735, 531575|1802, 531577|1865, 531580|1938, 531586|2121, 531587|2152, 531587|2182, 531588|2200, 531588|2767, 531591|2797, 531591|3315, 531595|3394, 531597|3500, 531600|3570, 531620|3686, 531627|3733, 531627|4069, com.google.android.apps.docs, 
531631|1, 531631|4005, com.ted.android.conference, 
531634|1, 531634|668, 531640|767, 531643|881, 531643|945, 531645|980, 531646|1020, 531646|1223, 531648|1264, 531652|1292, 531652|1448, 531653|1488, 531653|1565, 531654|1595, 531654|1872, 531656|1885, 531656|2474, 531657|2499, 531657|2553, 531658|2588, 531658|2664, 531659|2711, 531660|2753, 531661|2779, 531663|2830, 531664|2876, 531664|2943, 531667|2989, 531677|3019, 531703|3043, 531703|3401, 531712|3413, 531712|3497, 531713|3508, 531713|3520, 531715|3531, 531716|3543, 531716|4009, com.sololearn.cplusplus, 
531724|1, 531724|1259, 531725|1285, 531725|1328, 531726|1353, 531726|4003, com.google.android.gm, 
531726|1, 531726|2605, 531727|2632, 531727|3179, 531728|3207, 531729|3231, 531729|3271, 531731|3300, 531736|3334, 531737|3379, 531743|3409, 531744|3433, 531744|3498, 531745|3518, 531745|3603, 531746|3635, 531746|3817, 531749|3836, 531749|3982, 531750|3997, 531750|4009, com.google.android.apps.photos, 
531753|1, 531753|4010, com.google.android.gm, 
531753|1, 531753|1753, 531755|1782, 531757|1795, 531757|1830, 531759|1843, 531759|1855, 531761|1874, 531761|1885, 531764|1899, 531767|1914, 531767|1933, 531776|1953, 531780|1976, 531783|1997, 531785|2016, 531785|2048, 531795|2081, 531796|2123, 531796|3051, 531798|3062, 531799|3090, 531799|3845, 531800|3949, 531802|4006, com.google.android.music, 
531829|1, 531829|2598, 531830|2648, 531830|3039, 531832|3053, 531832|3083, 531837|3095, 531838|3108, 531838|3119, 531844|3133, 531847|3145, 531847|3171, 531848|3181, 531848|3425, 531851|3437, 531851|3635, 531852|3644, 531852|4005, com.google.android.apps.photos, 
531855|1, 531855|773, 531856|884, 531864|947, 531866|987, 531866|1002, 531867|1018, 531867|1057, 531869|1071, 531869|1147, 531870|1171, 531870|1186, 531875|1205, 531876|1215, 531876|1350, 531877|1363, 531878|1374, 531878|1554, 531879|1566, 531879|4008, com.Slack, 
531885|1, 531885|1322, 531886|1440, 531886|1518, 531891|1596, 531891|1702, 531902|1910, 531907|2062, 531907|2125, 531911|2180, 531913|2242, 531913|2344, 531920|2379, 531925|2476, 531928|2591, 531932|2664, 531936|2790, 531936|2949, 531937|2991, 531939|3024, 531939|3192, 531940|3271, 531940|4016, com.ebay.mobile, 
531967|1, 531967|4008, com.google.android.gm, 
531967|1, 531967|3356, 531969|3479, 531979|3800, 531979|3886, 531981|3908, 531981|3954, 531983|3984, 531984|4009, air.com.hypah.io.slither, 
532044|1, 532044|4005, com.google.android.gm, 
532044|1, 532044|4007, com.google.android.gm, 
532044|1, 532044|1184, 532048|1338, 532051|1419, 532054|1474, 532054|1594, 532055|1608, 532055|4025, org.catrobat.catroid, 
532057|1, 532057|829, 532058|914, 532059|968, 532061|1078, 532066|1138, 532068|1167, 532073|1232, 532073|1330, 532074|1344, 532074|1988, 532077|2004, 532077|2226, 532078|2247, 532087|2322, 532091|2433, 532091|2537, 532093|2558, 532093|2729, 532098|2766, 532098|2814, 532099|2836, 532099|2951, 532100|2962, 532101|2979, 532101|3164, 532102|3183, 532102|3259, 532103|3338, 532105|3375, 532105|3390, 532109|3407, 532109|3439, 532110|3457, 532110|3469, 532113|3500, 532117|3527, 532117|3551, 532118|3562, 532118|3626, 532120|3636, 532121|3649, 532125|3666, 532127|3678, 532127|3700, 532129|3725, 532130|3735, 532131|3748, 532131|3770, 532132|3781, 532132|3810, 532134|3822, 532134|3844, 532135|3855, 532135|3896, 532136|3918, 532138|3934, 532138|3956, 532139|3971, 532141|4004, com.mxtech.videoplayer.ad, 
532154|1, 532154|2980, 532157|2994, 532157|3202, 532158|3212, 532167|3239, 532167|4002, at.DiTronic.androidgroup.randomgallery, 
532198|1, 532198|1875, 532202|1895, 532202|1919, 532203|1931, 532208|1960, 532208|1971, 532210|1982, 532218|2001, 532220|2014, 532222|2026, 532224|2039, 532225|2050, 532226|2059, 532226|2093, 532236|2113, 532237|2126, 532237|3016, 532240|3036, 532240|4033, com.google.android.music, 
532269|1, 532269|2009, 532270|2024, 532272|2043, 532272|2062, 532273|2079, 532275|2102, 532278|2118, 532278|2139, 532279|2158, 532279|2340, 532281|2372, 532281|4001, com.google.android.keep, 
532283|1, 532283|1201, 532284|1375, 532285|1416, 532288|1522, 532296|1618, 532296|1983, 532300|2070, 532300|3408, 532302|3418, 532302|3468, 532303|3480, 532304|3492, 532304|3513, 532307|3527, 532312|3541, 532312|3553, 532314|3563, 532315|3575, 532315|3588, 532316|3597, 532318|3609, 532319|3621, 532319|3633, 532322|3645, 532322|4016, com.google.android.apps.docs, 
532330|1, 532330|1952, 532331|1963, 532334|1974, 532334|2004, 532340|2015, 532340|2050, 532344|2061, 532350|2074, 532353|2089, 532356|2100, 532356|2111, 532357|2122, 532358|2134, 532358|2169, 532368|2180, 532369|2191, 532369|2987, 532371|2998, 532372|3014, 532372|4010, com.google.android.music, 
532402|1, 532402|756, 532404|832, 532409|929, 532411|960, 532412|975, 532412|1017, 532414|1063, 532415|1148, 532421|1233, 532421|1401, 532422|1464, 532422|1610, 532423|1638, 532423|1838, 532425|1863, 532425|2140, 532426|2151, 532426|2172, 532427|2189, 532427|2442, 532429|2464, 532430|2488, 532430|2648, 532433|2670, 532433|3160, 532434|3175, 532434|4002, com.sololearn.cplusplus, 
532440|1, 532440|2545, 532441|2583, 532441|2671, 532443|2683, 532443|2717, 532448|2730, 532449|2746, 532449|2759, 532456|2774, 532456|2885, 532457|2896, 532457|3144, 532460|3196, 532460|3544, 532461|3559, 532461|4009, com.google.android.apps.photos, 
532464|1, 532464|1792, 532465|1803, 532465|1834, 532466|1846, 532466|1992, 532468|2003, 532468|2117, 532470|2156, 532470|2326, 532472|2338, 532472|2537, 532475|2547, 532475|2743, 532477|2756, 532477|2940, 532478|2952, 532478|2974, 532479|2984, 532479|3144, 532482|3158, 532482|3906, 532483|3931, 532483|3952, 532484|3976, 532486|4014, com.bankofamerica.cashpromobile, 
532507|1, 532507|811, 532508|883, 532514|960, 532519|1041, 532519|1107, 532522|1125, 532522|1159, 532523|1179, 532523|1833, 532526|1846, 532526|1956, 532540|2033, 532540|2194, 532541|2228, 532542|2263, 532542|2400, 532547|2413, 532547|2448, 532548|2462, 532548|2599, 532550|2613, 532550|2805, 532551|2816, 532551|2918, 532552|3004, 532553|3060, 532559|3108, 532559|3227, 532560|3245, 532563|3287, 532563|3302, 532567|3313, 532567|3333, 532568|3352, 532571|3394, 532571|3420, 532576|3432, 532576|3455, 532577|3478, 532577|3489, 532579|3500, 532579|3513, 532580|3525, 532581|3548, 532582|3561, 532582|3578, 532583|3591, 532584|3605, 532584|3627, 532585|3638, 532585|3650, 532586|3674, 532587|3695, 532587|4010, com.mxtech.videoplayer.ad, 
532603|1, 532603|753, 532604|774, 532608|830, 532613|957, 532613|973, 532616|987, 532616|1056, 532617|1100, 532617|1618, 532620|1665, 532620|1716, 532621|1832, 532621|1868, 532633|1933, 532633|2321, 532635|2338, 532635|2520, 532642|2531, 532642|2564, 532643|2574, 532643|2745, 532648|2805, 532652|2844, 532652|2887, 532654|2906, 532654|2926, 532655|2936, 532657|2977, 532657|3004, 532661|3027, 532661|3062, 532662|3078, 532662|3094, 532664|3113, 532664|3133, 532668|3145, 532669|3158, 532669|3170, 532670|3184, 532671|3200, 532671|3212, 532673|3234, 532674|3247, 532674|3277, 532675|3289, 532676|3308, 532676|3337, 532677|3351, 532678|3369, 532678|3394, 532679|3404, 532679|4002, com.mxtech.videoplayer.ad, 
532693|1, 532693|1309, 532695|1404, 532695|1501, 532697|1526, 532697|1543, 532703|1613, 532709|1687, 532720|1737, 532721|1779, 532741|1928, 532749|2018, 532751|2049, 532752|2069, 532752|2146, 532753|2179, 532756|2216, 532760|2240, 532762|2269, 532765|2294, 532768|2340, 532771|2399, 532771|2499, 532773|2518, 532775|2536, 532778|2567, 532778|2592, 532780|2604, 532780|2630, 532781|2643, 532783|2657, 532783|2675, 532785|2726, 532786|2739, 532786|2808, 532788|2821, 532788|2849, 532789|2864, 532789|2878, 532790|2905, 532791|2918, 532791|2950, 532793|2966, 532795|2979, 532795|2993, 532797|3006, 532797|3031, 532799|3047, 532799|3061, 532800|3073, 532800|3107, 532802|3123, 532804|3136, 532804|3345, 532811|3379, 532811|3404, 532813|3416, 532815|3434, 532815|3645, 532816|3657, 532816|3734, 532819|3753, 532821|3764, 532821|4001, com.dropbox.android, 
532850|1, 532850|1102, 532853|1345, 532853|1454, 532856|1487, 532857|1521, 532857|1564, 532868|1658, 532869|1743, 532870|1791, 532870|1825, 532873|1859, 532873|1927, 532874|1962, 532875|1989, 532879|2007, 532879|2027, 532880|2062, 532884|2140, 532887|2226, 532892|2300, 532893|2348, 532896|2404, 532900|2443, 532903|2493, 532909|2566, 532913|2618, 532917|2763, 532917|2813, 532918|2841, 532918|2987, 532921|3030, 532922|3108, 532922|3200, 532923|3255, 532923|3727, 532924|3738, 532924|4010, com.ebay.mobile, 
532940|1, 532940|1635, 532942|1649, 532942|1664, 532945|1680, 532945|1707, 532946|1719, 532948|1737, 532948|1747, 532949|1758, 532949|2029, 532951|2039, 532951|4003, com.google.android.keep, 
532953|1, 532953|1222, 532955|1328, 532955|1458, 532962|1494, 532962|1574, 532967|1686, 532967|1766, 532970|1845, 532979|2020, 532982|2114, 532985|2214, 532985|2256, 532995|2437, 532999|2565, 533001|2679, 533001|2756, 533003|2778, 533003|4024, com.ebay.mobile, 
533015|1, 533015|2714, 533023|2930, 533023|3111, 533024|3142, 533027|3186, 533027|3843, 533028|3865, 533028|4014, air.com.hypah.io.slither, 
533044|1, 533044|2084, 533046|2105, 533046|2141, 533050|2152, 533050|2186, 533053|2199, 533056|2210, 533065|2223, 533069|2248, 533072|2260, 533072|2270, 533073|2283, 533074|2296, 533074|2331, 533085|2348, 533085|3390, 533088|3406, 533088|4017, com.google.android.music, 
533129|1, 533129|4007, com.android.vending, 
533131|1, 533131|745, 533138|876, 533139|1053, 533140|1195, 533142|1272, 533142|2515, 533145|2593, 533145|3273, 533146|3332, 533148|3379, 533153|3416, 533154|3449, 533154|3473, 533155|3512, 533158|3568, 533158|3662, 533159|3676, 533159|3694, 533162|3721, 533162|4001, com.scb.breezebanking.hk, 
533164|1, 533164|2271, 533166|2334, 533168|2381, 533168|2582, 533170|2657, 533170|3043, 533171|3093, 533172|3119, 533172|3139, 533176|3167, 533176|3186, 533177|3214, 533178|3320, 533178|4016, com.sometimeswefly.littlealchemy, 
533184|1, 533184|715, 533185|786, 533187|849, 533195|932, 533196|947, 533196|978, 533201|1002, 533201|1078, 533202|1095, 533202|1618, 533205|1675, 533205|1839, 533218|1925, 533218|2243, 533219|2264, 533220|2285, 533220|2422, 533222|2435, 533222|2634, 533228|2646, 533228|2681, 533229|2694, 533229|2784, 533230|2812, 533232|2848, 533234|2899, 533235|2914, 533235|2927, 533240|2940, 533240|3005, 533241|3019, 533243|3045, 533243|3066, 533245|3082, 533245|3096, 533249|3117, 533249|3180, 533251|3214, 533251|3235, 533253|3279, 533259|3300, 533260|3314, 533260|3333, 533263|3346, 533263|3370, 533264|3394, 533265|3423, 533265|3434, 533266|3449, 533268|3473, 533268|3505, 533269|3516, 533270|3528, 533270|3542, 533271|3578, 533271|4011, com.mxtech.videoplayer.ad, 
533287|1, 533287|1365, 533288|1482, 533293|1628, 533301|1776, 533303|1801, 533303|2220, 533306|2259, 533306|2773, 533310|2867, 533315|2936, 533321|2970, 533321|2995, 533327|3173, 533327|4006, com.google.android.apps.docs, 
533331|1, 533331|618, 533332|647, 533332|676, 533337|743, 533337|864, 533340|905, 533342|946, 533342|974, 533350|1129, 533350|1289, 533351|1416, 533352|1522, 533352|1796, 533353|1807, 533354|1820, 533354|2107, 533355|2118, 533356|2139, 533356|2400, 533357|2419, 533359|2437, 533359|2612, 533362|2638, 533362|3128, 533363|3149, 533363|4012, com.sololearn.cplusplus, 
533369|1, 533369|1935, 533370|1948, 533370|2114, 533372|2126, 533372|2540, 533374|2552, 533374|2846, 533376|2859, 533376|3145, 533382|3160, 533382|3456, 533383|3470, 533383|3567, 533384|3598, 533384|3777, 533387|3796, 533387|4002, com.bankofamerica.cashpromobile, 
533413|1, 533413|1132, 533417|1224, 533423|1363, 533423|1450, 533424|1526, 533424|4005, org.catrobat.catroid, 
533426|1, 533426|1249, 533428|1350, 533429|1376, 533429|4007, com.whatsapp, 
533429|1, 533429|743, 533431|842, 533431|1044, 533432|1095, 533433|1111, 533433|1275, 533438|1286, 533439|1309, 533439|1475, 533441|1486, 533441|1681, 533442|1691, 533443|1721, 533443|1888, 533445|1901, 533445|2087, 533450|2098, 533450|2173, 533451|2192, 533451|2341, 533453|2396, 533456|2466, 533458|2507, 533464|2592, 533465|2638, 533465|2911, 533466|2940, 533466|4003, com.Slack, 
533482|1, 533482|676, 533483|752, 533483|4008, com.whatsapp, 
533483|1, 533483|630, 533487|743, 533492|833, 533494|900, 533495|922, 533498|941, 533498|1052, 533499|1067, 533499|1542, 533502|1599, 533502|1803, 533515|1933, 533515|2332, 533516|2343, 533517|2356, 533517|2530, 533523|2545, 533523|2597, 533524|2606, 533524|2738, 533526|2771, 533526|2823, 533527|2895, 533529|2923, 533534|2958, 533534|3008, 533536|3033, 533536|3063, 533538|3076, 533538|3100, 533542|3110, 533542|3177, 533545|3192, 533545|3210, 533550|3226, 533551|3244, 533552|3259, 533552|3273, 533554|3284, 533554|3320, 533555|3332, 533556|3344, 533556|3377, 533557|3389, 533558|3401, 533558|3425, 533560|3442, 533560|3469, 533563|3486, 533563|3509, 533564|3525, 533564|4005, com.mxtech.videoplayer.ad, 
533578|1, 533578|4011, com.ted.android.conference, 
533578|1, 533578|4005, com.google.android.gm, 
533578|1, 533578|1346, 533592|1809, 533592|2158, 533597|2376, 533619|2508, 533626|2578, 533626|2612, 533631|2640, 533642|2674, 533650|2746, 533650|4002, com.android.chrome, 
533662|1, 533662|612, 533665|689, 533667|717, 533667|734, 533670|787, 533670|850, 533674|986, 533683|1205, 533683|1317, 533684|1384, 533684|1572, 533685|1592, 533685|1833, 533687|1848, 533687|2132, 533688|2163, 533689|2175, 533689|2441, 533692|2468, 533692|2655, 533695|2750, 533695|3273, 533696|3317, 533696|4007, com.sololearn.cplusplus, 
533702|1, 533702|705, 533703|723, 533707|755, 533707|875, 533712|979, 533720|1144, 533720|1309, 533721|1357, 533721|1472, 533722|1514, 533722|1750, 533723|1765, 533724|1778, 533724|2066, 533725|2079, 533725|2090, 533726|2112, 533726|2379, 533729|2399, 533729|2569, 533730|2585, 533732|2609, 533732|3092, 533733|3101, 533733|4002, com.sololearn.cplusplus, 
533741|1, 533741|918, 533743|1024, 533743|4004, com.whatsapp, 
533743|1, 533743|4005, com.google.android.gm, 
533743|1, 533743|1750, 533744|1776, 533744|1928, 533745|1938, 533746|1950, 533746|2140, 533747|2166, 533747|2338, 533749|2349, 533749|2550, 533752|2562, 533752|2751, 533754|2762, 533754|2955, 533755|2965, 533755|2989, 533756|3002, 533756|3167, 533759|3179, 533759|3920, 533760|3944, 533762|3972, 533762|4016, com.bankofamerica.cashpromobile, 
533783|1, 533783|2036, 533785|2048, 533785|2069, 533788|2079, 533791|2104, 533791|2122, 533792|2143, 533792|2366, 533794|2378, 533794|4007, com.google.android.keep, 
533807|1, 533807|2050, 533808|2098, 533810|2155, 533810|2456, 533812|2476, 533812|4042, com.sometimeswefly.littlealchemy, 
533814|1, 533814|1737, 533816|1748, 533816|1768, 533819|1783, 533820|1794, 533822|1813, 533823|1830, 533823|1875, 533824|1886, 533824|2138, 533826|2148, 533826|4002, com.google.android.keep, 
533828|1, 533828|1502, 533830|1581, 533833|1593, 533836|1605, 533836|1617, 533841|1673, 533841|2330, 533844|2353, 533844|3529, 533846|3563, 533846|3600, 533848|3611, 533848|3632, 533851|3643, 533851|3653, 533856|3666, 533856|3694, 533859|3705, 533859|3726, 533860|3736, 533862|3747, 533863|3762, 533863|3779, 533866|3794, 533866|4003, com.google.android.apps.docs, 
533870|1, 533870|4011, at.DiTronic.androidgroup.randomgallery, 
533907|1, 533907|4003, com.android.vending, 
533907|1, 533907|3122, 533908|3176, 533908|3415, 533910|3488, 533912|3556, 533917|3604, 533918|3627, 533925|3658, 533925|3775, 533926|3804, 533929|4013, com.google.android.apps.photos, 
533932|1, 533932|1439, 533939|1597, 533939|2138, 533941|2264, 533952|2336, 533962|2394, 533964|2437, 533974|2480, 533983|2548, 533993|2618, 533993|4002, com.android.chrome, 
534005|1, 534005|1407, 534010|1582, 534011|1653, 534017|1686, 534018|1750, 534019|1783, 534019|2068, 534022|2093, 534022|3427, 534026|3472, 534029|3506, 534034|3535, 534034|3545, 534037|3560, 534037|3576, 534038|3585, 534041|3600, 534041|3695, 534044|3706, 534044|4005, com.google.android.apps.docs, 
534048|1, 534048|1823, 534049|1833, 534050|1847, 534050|1860, 534053|1884, 534056|1905, 534057|1920, 534057|2195, 534059|2210, 534059|4008, com.google.android.keep, 
534061|1, 534061|1807, 534062|1831, 534062|1974, 534064|2045, 534064|2211, 534066|2224, 534066|2405, 534068|2420, 534068|2603, 534071|2623, 534071|2817, 534072|2828, 534073|2840, 534073|3026, 534074|3037, 534074|3062, 534075|3076, 534075|3231, 534078|3251, 534078|3912, 534079|3930, 534079|3954, 534081|3985, 534081|4009, com.bankofamerica.cashpromobile, 
534103|1, 534103|1252, 534104|1398, 534104|1554, 534106|1593, 534106|1737, 534111|1856, 534112|1925, 534112|2034, 534116|2085, 534116|2260, 534121|2354, 534122|2450, 534122|2569, 534127|2611, 534127|2774, 534134|2952, 534134|3198, 534135|3257, 534139|3303, 534139|3341, 534141|3375, 534146|3508, 534146|3741, 534147|3762, 534147|3910, 534149|3920, 534149|4004, com.ebay.mobile, 
534160|1, 534160|4009, com.google.android.gm, 
534160|1, 534160|758, 534161|871, 534161|4006, com.whatsapp, 
534161|1, 534161|994, 534162|1051, 534162|1084, 534164|1109, 534164|1121, 534171|1137, 534171|1156, 534173|1169, 534173|1197, 534174|1210, 534174|1224, 534176|1241, 534176|1341, 534184|1365, 534184|1376, 534185|1387, 534185|1511, 534186|1523, 534187|1534, 534187|1717, 534188|1730, 534188|2230, 534189|2301, 534191|2341, 534191|2358, 534196|2385, 534196|2510, 534198|2540, 534199|2559, 534199|3050, 534200|3077, 534200|4003, com.Slack, 
534207|1, 534207|2904, 534209|2954, 534213|3036, 534215|3156, 534215|3219, 534216|3241, 534216|4003, air.com.hypah.io.slither, 
534234|1, 534234|36, 534236|70, 534236|323, 534238|345, 534241|408, 534246|463, 534246|654, 534255|686, 534255|1236, 534257|1310, 534257|1371, 534258|1430, 534258|1446, 534259|1466, 534263|1510, 534263|1608, 534264|1619, 534264|1632, 534265|1648, 534265|1719, 534276|1777, 534277|1803, 534278|1822, 534282|1860, 534282|1956, 534289|2013, 534297|2115, 534308|2167, 534309|2201, 534323|2318, 534326|2383, 534332|2423, 534332|2523, 534336|2538, 534336|2570, 534338|2647, 534344|2719, 534349|2744, 534350|2765, 534350|2935, 534352|2946, 534352|2998, 534354|3016, 534356|3035, 534358|3055, 534360|3070, 534361|3093, 534363|3105, 534363|3121, 534367|3133, 534367|3172, 534368|3187, 534369|3200, 534369|3436, 534370|3449, 534376|3470, 534376|3482, 534377|3504, 534378|3519, 534378|3811, 534380|3822, 534380|3864, 534382|3885, 534384|3897, 534384|4004, com.dropbox.android, 
534406|1, 534406|2327, 534408|2433, 534408|2475, 534413|2635, 534416|2686, 534416|2889, 534417|2905, 534419|2933, 534420|2981, 534420|4004, com.sometimeswefly.littlealchemy, 
534422|1, 534422|1420, 534424|1483, 534427|1583, 534434|1631, 534435|1662, 534436|1674, 534436|1914, 534439|1956, 534439|2883, 534441|3094, 534445|3184, 534451|3242, 534454|3313, 534454|3397, 534456|3408, 534456|3678, 534459|3690, 534459|4002, com.google.android.apps.docs, 
534464|1, 534464|890, 534466|1026, 534472|1185, 534472|1470, 534474|1494, 534475|1541, 534475|1930, 534477|1978, 534478|2039, 534478|2990, 534479|3025, 534481|3077, 534486|3108, 534487|3147, 534491|3246, 534491|3288, 534492|3370, 534495|3442, 534495|4031, com.scb.breezebanking.hk, 
534497|1, 534497|1858, 534498|1878, 534498|2057, 534500|2068, 534500|2222, 534502|2237, 534502|2433, 534504|2444, 534504|2604, 534505|2644, 534509|2668, 534509|2844, 534510|2857, 534510|2876, 534511|2887, 534511|3054, 534514|3087, 534514|3518, 534518|3725, 534518|3870, 534521|3914, 534522|4029, com.bankofamerica.cashpromobile, 
534543|1, 534543|2000, 534546|2089, 534546|2120, 534550|2143, 534561|2194, 534561|2213, 534569|2237, 534569|2247, 534573|2258, 534573|2280, 534574|2292, 534574|2304, 534581|2315, 534586|2328, 534586|3341, 534588|3352, 534589|3373, 534589|4004, com.google.android.music, 
534620|1, 534620|1313, 534621|1362, 534621|1406, 534627|1563, 534634|1614, 534635|1644, 534635|1947, 534638|1984, 534638|2885, 534641|2937, 534641|2961, 534643|2978, 534643|2991, 534646|3008, 534647|3025, 534651|3043, 534654|3057, 534654|3078, 534657|3096, 534658|3112, 534658|3170, 534661|3188, 534661|4027, com.google.android.apps.docs, 
534665|1, 534665|2871, 534668|2881, 534668|3118, 534678|3131, 534678|3593, 534679|3643, 534680|3668, 534681|3706, 534684|3731, 534684|3745, 534687|3758, 534689|3777, 534691|3788, 534691|3800, 534696|3811, 534700|3823, 534700|3841, 534704|3856, 534706|3875, 534707|3887, 534707|4001, at.DiTronic.androidgroup.randomgallery, 
534717|1, 534717|1050, 534718|1093, 534719|1117, 534720|1193, 534721|1240, 534725|1277, 534735|1361, 534741|1423, 534745|1439, 534745|1472, 534747|1508, 534754|1577, 534754|1605, 534758|1623, 534759|1637, 534768|1704, 534774|1728, 534776|1802, 534777|1813, 534779|1835, 534779|1850, 534781|1874, 534782|1899, 534782|1911, 534785|1937, 534786|1949, 534786|1964, 534788|1982, 534790|2010, 534790|2067, 534792|2094, 534792|2126, 534793|2161, 534793|2191, 534795|2217, 534803|2234, 534803|2302, 534804|2339, 534804|2408, 534806|2449, 534806|2544, 534808|2555, 534808|2595, 534810|2609, 534810|2637, 534816|2653, 534817|2665, 534817|2709, 534819|2723, 534819|2891, 534822|2904, 534824|2917, 534824|2928, 534826|2949, 534826|2960, 534828|2982, 534828|3015, 534830|3030, 534830|3085, 534832|3114, 534832|3153, 534833|3171, 534833|3407, 534835|3420, 534837|3443, 534837|3481, 534839|3502, 534839|3818, 534841|3830, 534843|3843, 534843|3860, 534845|3873, 534845|4006, com.dropbox.android, 
534875|1, 534875|2927, 534877|3086, 534884|3294, 534886|3325, 534887|3417, 534889|3496, 534889|3517, 534890|3547, 534891|3559, 534892|3574, 534893|3590, 534893|3666, 534895|3688, 534895|3721, 534896|3734, 534897|3756, 534897|4023, air.com.hypah.io.slither, 
534936|1, 534936|809, 534943|940, 534943|1110, 534946|1265, 534946|1568, 534949|1635, 534949|2811, 534956|2877, 534958|2969, 534962|3053, 534962|3106, 534963|3120, 534963|3146, 534966|3166, 534966|4001, com.scb.breezebanking.hk, 
534968|1, 534968|1862, 534970|1911, 534970|1947, 534973|1957, 534974|1969, 534974|1995, 534977|2007, 534980|2019, 534980|2031, 534988|2043, 534990|2055, 534993|2071, 534996|2083, 534996|2094, 534998|2106, 534998|2168, 535003|2179, 535009|2194, 535009|3027, 535012|3040, 535012|4016, com.google.android.music, 
535041|1, 535041|2814, 535044|2827, 535044|3064, 535054|3078, 535054|3648, 535056|3672, 535058|3689, 535061|3716, 535069|3737, 535069|3751, 535074|3763, 535074|3786, 535079|3800, 535079|3821, 535080|3843, 535080|4001, at.DiTronic.androidgroup.randomgallery, 
535093|1, 535093|924, 535094|963, 535094|977, 535096|1051, 535096|1160, 535097|1188, 535100|1230, 535100|1663, 535103|1869, 535103|1977, 535106|2000, 535106|4011, com.android.vending, 
535108|1, 535108|1982, 535109|2028, 535111|2059, 535111|2328, 535113|2381, 535113|4006, com.sometimeswefly.littlealchemy, 
535115|1, 535115|2888, 535119|3070, 535121|3153, 535121|3239, 535123|3329, 535126|3347, 535126|4008, air.com.hypah.io.slither, 
535144|1, 535144|1742, 535146|1773, 535146|1807, 535147|1857, 535148|1893, 535148|1928, 535150|1960, 535152|1987, 535152|2053, 535157|2072, 535163|2173, 535163|2206, 535164|2224, 535169|2319, 535172|2346, 535174|2400, 535174|2421, 535176|2462, 535182|2525, 535182|2620, 535187|2710, 535195|2765, 535195|2809, 535197|2929, 535199|2996, 535199|3030, 535201|3064, 535205|3247, 535205|3392, 535207|3609, 535209|3721, 535209|3858, 535210|3872, 535211|3885, 535211|4002, com.ebay.mobile, 
535236|1, 535236|975, 535240|1108, 535246|1276, 535246|1364, 535247|1390, 535247|4005, org.catrobat.catroid, 
535251|1, 535251|1244, 535253|1278, 535253|1383, 535268|1431, 535273|1462, 535286|1543, 535288|1572, 535289|1596, 535293|1624, 535293|1650, 535295|1666, 535297|1696, 535301|1712, 535305|1727, 535305|2071, 535309|2122, 535317|2162, 535317|2310, 535318|2329, 535320|2347, 535321|2365, 535326|2413, 535327|2431, 535329|2446, 535332|2463, 535334|2486, 535335|2514, 535335|2554, 535337|2567, 535337|2594, 535339|2604, 535339|2658, 535341|2671, 535341|2714, 535345|2747, 535347|2783, 535347|2831, 535349|2844, 535350|2859, 535350|2916, 535354|2939, 535356|2962, 535358|2989, 535359|3000, 535360|3018, 535360|3159, 535365|3170, 535365|3186, 535366|3197, 535366|3234, 535368|3249, 535368|3274, 535370|3289, 535370|3306, 535372|3317, 535372|3355, 535374|3371, 535374|3418, 535375|3429, 535375|3443, 535377|3455, 535377|3685, 535379|3698, 535381|3718, 535381|3734, 535383|3755, 535383|4010, com.dropbox.android, 
535416|1, 535416|782, 535425|1103, 535426|1180, 535426|4003, org.catrobat.catroid, 
535428|1, 535428|1321, 535429|1435, 535429|1524, 535433|1592, 535433|1628, 535445|1685, 535445|1729, 535446|1809, 535447|1836, 535451|1911, 535453|1971, 535453|1999, 535454|2047, 535461|2106, 535461|2194, 535463|2258, 535467|2315, 535471|2370, 535473|2442, 535489|2999, 535489|3133, 535490|3271, 535490|4007, com.ebay.mobile, 
535502|1, 535502|3040, 535505|3052, 535505|3281, 535515|3305, 535515|3703, 535517|3749, 535517|3769, 535518|3807, 535519|3834, 535519|3847, 535521|3858, 535524|3871, 535524|3883, 535528|3902, 535532|3915, 535535|3926, 535535|3938, 535537|3952, 535537|3964, 535541|3976, 535542|3993, 535542|4006, at.DiTronic.androidgroup.randomgallery, 
535548|1, 535548|1143, 535557|1580, 535557|1866, 535559|2168, 535568|2275, 535577|2353, 535580|2396, 535592|2447, 535596|2500, 535599|2571, 535601|2627, 535601|4006, com.android.chrome, 
535613|1, 535613|2839, 535619|3059, 535619|3177, 535620|3242, 535620|3273, 535623|3296, 535623|4007, air.com.hypah.io.slither, 
535644|1, 535644|251, 535646|280, 535646|323, 535649|336, 535649|392, 535654|442, 535654|573, 535663|736, 535663|1065, 535665|1160, 535669|1206, 535669|1271, 535672|1372, 535672|1503, 535673|1557, 535673|4011, org.catrobat.catroid, 
535675|1, 535675|1045, 535676|1088, 535677|1158, 535677|1201, 535678|1211, 535685|1276, 535686|1324, 535710|1398, 535710|1413, 535722|1429, 535724|1481, 535728|1572, 535730|1622, 535733|1654, 535740|1712, 535741|1746, 535742|1778, 535747|1840, 535748|1866, 535749|1902, 535750|1938, 535751|1972, 535752|2006, 535752|2699, 535754|2711, 535754|3007, 535756|3019, 535756|3108, 535759|3131, 535759|3156, 535761|3178, 535761|3212, 535764|3229, 535766|3239, 535766|3330, 535768|3345, 535768|3364, 535772|3391, 535772|3414, 535775|3455, 535775|3531, 535777|3544, 535777|3558, 535781|3570, 535781|3581, 535785|3606, 535787|3619, 535787|3730, 535789|3741, 535789|3753, 535790|3774, 535791|3788, 535791|4007, com.dropbox.android, 
535822|1, 535822|2906, 535824|2957, 535824|2984, 535825|2998, 535825|3048, 535826|3061, 535827|3072, 535827|3092, 535829|3105, 535833|3118, 535837|3133, 535839|3145, 535841|3158, 535841|3183, 535842|3193, 535842|3456, 535844|3469, 535845|3482, 535845|3936, 535846|3953, 535846|4007, com.google.android.apps.photos, 
535849|1, 535849|783, 535850|859, 535856|1047, 535856|1132, 535859|1238, 535859|1556, 535862|1684, 535862|2898, 535863|2940, 535870|3067, 535871|3149, 535874|3189, 535874|3294, 535875|3318, 535875|3341, 535878|3360, 535878|4044, com.scb.breezebanking.hk, 
535880|1, 535880|1527, 535889|1694, 535889|2058, 535898|2319, 535903|2334, 535910|2378, 535919|2465, 535922|2497, 535940|2609, 535940|4012, com.android.chrome, 
535950|1, 535950|1103, 535951|1147, 535951|1323, 535953|1334, 535953|1514, 535958|1550, 535958|1601, 535959|1614, 535959|1837, 535961|1846, 535961|2039, 535962|2051, 535962|2302, 535963|2403, 535965|2434, 535971|2484, 535973|2530, 535974|2557, 535974|2844, 535975|2866, 535975|4008, com.Slack, 
535994|1, 535994|939, 535996|1058, 535997|1142, 535997|4010, com.whatsapp, 
535997|1, 535997|4011, com.android.vending, 
535997|1, 535997|2836, 536000|2852, 536000|2883, 536006|2894, 536006|2917, 536010|2927, 536013|2938, 536014|2949, 536014|2971, 536015|2981, 536015|3262, 536018|3276, 536018|3844, 536019|3861, 536019|4009, com.google.android.apps.photos, 
536022|1, 536022|729, 536023|784, 536023|801, 536025|818, 536025|842, 536027|858, 536031|879, 536033|907, 536036|926, 536036|1031, 536042|1046, 536042|1058, 536043|1073, 536043|1145, 536044|1157, 536044|1361, 536046|1375, 536046|1561, 536047|1570, 536047|1968, 536048|2010, 536048|2042, 536050|2054, 536050|2072, 536055|2093, 536055|2173, 536057|2191, 536058|2218, 536058|2774, 536059|2798, 536059|4007, com.Slack, 
536065|1, 536065|951, 536067|1057, 536072|1136, 536074|1158, 536075|1178, 536075|1269, 536076|1278, 536077|1290, 536077|1422, 536083|1433, 536083|1454, 536084|1467, 536084|1480, 536085|1489, 536085|1629, 536087|1645, 536087|1828, 536088|1846, 536088|2304, 536090|2323, 536090|2349, 536095|2397, 536098|2539, 536098|2643, 536099|2684, 536099|4004, com.Slack, 
536105|1, 536105|2440, 536113|2757, 536113|3090, 536115|3143, 536115|3227, 536117|3251, 536120|3262, 536120|3403, 536121|3422, 536126|3482, 536126|3544, 536129|3566, 536129|4001, air.com.hypah.io.slither, 
536133|1, 536133|402, 536134|426, 536134|533, 536136|546, 536136|575, 536140|598, 536144|631, 536144|705, 536147|723, 536147|848, 536151|907, 536151|979, 536152|1057, 536153|1094, 536153|1193, 536154|1208, 536160|1245, 536160|1442, 536163|1555, 536178|1655, 536189|1725, 536196|1788, 536198|1832, 536201|1863, 536201|1889, 536207|1935, 536224|2056, 536227|2067, 536227|2078, 536230|2095, 536235|2128, 536238|2167, 536242|2244, 536242|2332, 536243|2353, 536243|2370, 536247|2395, 536252|2436, 536252|2474, 536256|2524, 536256|2562, 536258|2585, 536259|2628, 536261|2644, 536261|2675, 536262|2686, 536262|2726, 536263|2755, 536264|2767, 536264|2810, 536266|2820, 536266|2867, 536268|2880, 536268|2893, 536270|2930, 536275|2962, 536277|2977, 536277|3253, 536284|3269, 536284|3318, 536288|3336, 536288|3552, 536289|3565, 536289|3654, 536293|3672, 536294|3684, 536295|3696, 536295|4002, com.dropbox.android, 
536335|1, 536335|2815, 536341|2980, 536341|3110, 536345|3158, 536345|4017, air.com.hypah.io.slither, 
536362|1, 536362|1107, 536370|1214, 536370|1258, 536373|1307, 536373|1328, 536375|1338, 536375|1441, 536376|1451, 536381|1465, 536381|1522, 536382|1534, 536382|1663, 536384|1673, 536384|1872, 536385|1881, 536385|2318, 536393|2391, 536393|2532, 536395|2556, 536396|2577, 536396|3302, 536397|3337, 536397|4003, com.Slack, 
536403|1, 536403|1008, 536406|1081, 536414|1154, 536420|1183, 536420|1207, 536430|1328, 536432|1365, 536436|1422, 536458|1542, 536464|1601, 536468|1747, 536469|1805, 536476|1894, 536478|1934, 536478|1970, 536479|1988, 536483|2032, 536485|2072, 536485|2159, 536487|2170, 536489|2188, 536490|2225, 536490|2279, 536492|2298, 536492|2320, 536493|2335, 536493|2390, 536496|2405, 536496|2442, 536497|2455, 536498|2468, 536498|2502, 536500|2513, 536501|2526, 536503|2539, 536503|2583, 536505|2595, 536505|2808, 536512|2825, 536514|2861, 536515|2886, 536516|2908, 536516|3119, 536517|3133, 536517|4011, com.dropbox.android, 
536545|1, 536545|2922, 536548|2937, 536548|3082, 536558|3097, 536558|3671, 536559|3715, 536561|3741, 536561|3753, 536563|3772, 536566|3795, 536566|3807, 536570|3818, 536579|3846, 536579|3863, 536580|3874, 536584|3889, 536585|3915, 536585|4005, at.DiTronic.androidgroup.randomgallery, 
536593|1, 536593|2536, 536594|2568, 536594|3047, 536596|3073, 536604|3182, 536610|3258, 536610|3335, 536611|3358, 536611|3553, 536612|3573, 536612|3594, 536616|3619, 536616|4003, com.google.android.apps.photos, 
536619|1, 536619|936, 536620|1041, 536620|4005, com.whatsapp, 
536620|1, 536620|1104, 536622|1178, 536627|1254, 536627|1289, 536629|1337, 536630|1395, 536630|1491, 536631|1557, 536631|4004, org.catrobat.catroid, 
536633|1, 536633|2865, 536636|2890, 536636|3018, 536641|3030, 536647|3045, 536647|3507, 536648|3574, 536649|3605, 536651|3621, 536653|3633, 536653|3645, 536656|3667, 536666|3688, 536666|3698, 536670|3709, 536670|3736, 536674|3757, 536674|4013, at.DiTronic.androidgroup.randomgallery, 
536684|1, 536684|4001, com.android.vending, 
536686|1, 536686|739, 536687|788, 536693|958, 536693|1224, 536695|1509, 536696|1581, 536696|1998, 536701|2189, 536701|3234, 536710|3316, 536711|3375, 536711|3395, 536712|3441, 536715|3498, 536715|3557, 536716|3576, 536719|3615, 536719|4003, com.scb.breezebanking.hk, 
536721|1, 536721|819, 536723|950, 536724|1050, 536724|1075, 536727|1099, 536728|1114, 536728|1127, 536735|1157, 536736|1170, 536737|1182, 536737|1215, 536740|1231, 536742|1244, 536742|1256, 536743|1266, 536743|1311, 536744|1326, 536744|1381, 536746|1392, 536746|1533, 536747|1543, 536747|2261, 536748|2358, 536748|2377, 536750|2388, 536750|2414, 536755|2424, 536755|2526, 536757|2539, 536757|2557, 536758|2594, 536758|3070, 536759|3093, 536759|4011, com.Slack, 
536765|1, 536765|3317, 536771|3385, 536771|3427, 536773|3461, 536776|3486, 536776|3544, 536778|3604, 536778|3620, 536780|3669, 536782|3694, 536782|3728, 536783|3752, 536783|3775, 536784|3806, 536786|3846, 536787|3865, 536787|4005, air.com.hypah.io.slither, 
536827|1, 536827|1657, 536830|1759, 536833|1815, 536833|1862, 536841|1958, 536842|1978, 536842|2389, 536845|2429, 536845|3683, 536847|3733, 536848|3759, 536849|3769, 536849|3806, 536851|3820, 536851|3845, 536852|3856, 536854|3867, 536859|3879, 536859|3892, 536862|3904, 536862|3930, 536863|3940, 536866|3953, 536866|3965, 536869|3986, 536869|4012, com.google.android.apps.docs, 
536873|1, 536873|1319, 536875|1398, 536886|1528, 536887|1636, 536887|1892, 536890|1923, 536890|3119, 536892|3183, 536897|3251, 536902|3276, 536905|3303, 536906|3330, 536909|3342, 536909|3393, 536912|3405, 536912|4004, com.google.android.apps.docs, 
536916|1, 536916|745, 536917|797, 536919|863, 536924|996, 536927|1116, 536927|1522, 536930|1590, 536930|2770, 536931|2835, 536933|2862, 536933|2888, 536938|2903, 536939|2925, 536939|2971, 536940|3000, 536943|3048, 536943|3076, 536944|3100, 536944|3113, 536947|3131, 536947|4020, com.scb.breezebanking.hk, 
536949|1, 536949|1787, 536951|1849, 536953|1863, 536953|1904, 536957|1915, 536957|1950, 536963|1962, 536963|1973, 536964|1984, 536965|1995, 536973|2008, 536973|2199, 536976|2214, 536978|2228, 536978|2277, 536980|2286, 536984|2298, 536984|2425, 536990|2436, 536991|2452, 536991|3609, 536993|3631, 536994|3660, 536994|4064, com.google.android.music, 
537019|1, 537019|951, 537026|1168, 537029|1206, 537029|1331, 537030|1394, 537030|4004, org.catrobat.catroid, 
537032|1, 537032|763, 537037|880, 537040|940, 537040|1015, 537041|1089, 537041|4007, org.catrobat.catroid, 
537045|1, 537045|4008, com.android.vending, 
537045|1, 537045|884, 537050|970, 537053|1067, 537053|1244, 537054|1328, 537054|4006, org.catrobat.catroid, 
537056|1, 537056|794, 537057|864, 537059|906, 537062|1083, 537062|1165, 537065|1245, 537065|1620, 537066|1632, 537067|1644, 537068|1677, 537068|2421, 537069|2438, 537069|2469, 537071|2486, 537075|2504, 537075|2523, 537076|2535, 537076|2551, 537077|2574, 537077|2600, 537079|2620, 537079|2790, 537080|2825, 537083|3032, 537083|4011, com.scb.breezebanking.hk, 
537085|1, 537085|2764, 537086|2786, 537086|2897, 537088|2917, 537088|2970, 537089|2981, 537090|3002, 537096|3051, 537101|3070, 537104|3084, 537104|3108, 537105|3120, 537105|3466, 537108|3477, 537108|3776, 537109|3791, 537109|4010, com.google.android.apps.photos, 
537112|1, 537112|2267, 537113|2292, 537114|2334, 537116|2356, 537116|2555, 537118|2607, 537118|4015, com.sometimeswefly.littlealchemy, 
537120|1, 537120|1950, 537121|1962, 537121|1977, 537127|2089, 537127|2142, 537129|2222, 537130|2283, 537130|2310, 537131|2322, 537131|2393, 537133|2446, 537133|2645, 537135|2670, 537135|4040, com.sometimeswefly.littlealchemy, 
537137|1, 537137|2172, 537138|2222, 537138|2892, 537139|2907, 537140|2942, 537145|2954, 537146|2981, 537151|2992, 537151|3001, 537152|3014, 537153|3031, 537153|3043, 537154|3058, 537154|3143, 537155|3155, 537155|3371, 537159|3389, 537159|4005, com.google.android.apps.photos, 
537162|1, 537162|1049, 537163|1107, 537163|4005, com.whatsapp, 
537163|1, 537163|1279, 537164|1349, 537164|1411, 537165|1445, 537169|1519, 537178|1675, 537178|1859, 537181|1904, 537181|3031, 537183|3094, 537186|3139, 537191|3173, 537191|3185, 537196|3201, 537196|3218, 537197|3229, 537199|3246, 537199|3527, 537202|3537, 537202|4011, com.google.android.apps.docs, 
537206|1, 537206|1454, 537215|1596, 537215|2136, 537219|2427, 537236|2560, 537250|2660, 537253|2726, 537257|2811, 537257|2857, 537259|2880, 537259|4011, com.android.chrome, 
537269|1, 537269|1194, 537274|1380, 537274|1936, 537276|1989, 537285|2056, 537292|2109, 537303|2210, 537326|2338, 537326|4012, com.android.chrome, 
537332|1, 537332|713, 537333|840, 537333|4001, com.whatsapp, 
