528631|1, 528631|1299, 528632|1378, 528633|1494, 528633|1607, 528635|1689, 528635|1882, 528639|1966, 528641|2039, 528641|2066, 528642|2088, 528642|2207, 528646|2290, 528646|2391, 528656|2503, 528663|2617, 528663|2713, 528666|2872, 528666|3035, 528669|3230, 528675|3365, 528676|3490, 528676|3532, 528678|3564, 528678|3728, 528688|3777, 528689|4009, com.ebay.mobile, 
528729|1, 528729|786, 528730|865, 528731|892, 528735|940, 528740|1045, 528741|1066, 528741|1089, 528744|1238, 528750|1507, 528750|1542, 528751|1610, 528751|2054, 528752|2068, 528752|2280, 528754|2293, 528754|2597, 528756|2651, 528756|2902, 528759|2941, 528759|3091, 528762|3127, 528762|3708, 528763|3719, 528763|4007, com.sololearn.cplusplus, 
528769|1, 528769|269, 528770|285, 528771|305, 528771|334, 528772|353, 528773|385, 528776|407, 528777|426, 528778|448, 528779|473, 528779|490, 528780|509, 528780|4001, com.ted.android.conference, 
528797|1, 528797|1293, 528798|1329, 528799|1377, 528799|1409, 528800|1433, 528800|1481, 528801|1496, 528801|1520, 528807|1546, 528812|1608, 528813|1636, 528822|1745, 528831|1784, 528836|1837, 528836|1889, 528837|1902, 528840|1918, 528840|1932, 528843|1947, 528847|1988, 528847|2002, 528848|2036, 528853|2065, 528854|2085, 528866|2217, 528871|2330, 528875|2387, 528877|2441, 528881|2697, 528881|2760, 528883|2854, 528884|2888, 528884|3143, 528887|3157, 528887|3342, 528890|3356, 528891|3367, 528892|3378, 528892|3655, 528893|3669, 528893|3900, 528895|3939, 528896|3955, 528896|4004, com.dropbox.android, 
528934|1, 528934|906, 528936|935, 528936|1088, 528937|1162, 528938|1202, 528942|1295, 528946|1352, 528946|1428, 528964|1487, 528981|1606, 528981|2133, 528983|2195, 528988|2215, 528991|2228, 528993|2264, 528994|2287, 528995|2308, 528997|2334, 528997|2386, 529004|2403, 529004|2415, 529005|2426, 529005|2472, 529006|2487, 529008|2522, 529008|2539, 529013|2560, 529013|2685, 529015|2697, 529015|2713, 529018|2752, 529019|2771, 529021|2788, 529023|2807, 529027|2828, 529027|2866, 529028|2889, 529028|2998, 529032|3020, 529034|3047, 529034|3079, 529038|3102, 529040|3116, 529040|3175, 529043|3185, 529043|3225, 529044|3236, 529044|3452, 529048|3466, 529048|3479, 529050|3507, 529050|3863, 529053|3879, 529053|3892, 529055|3904, 529055|4010, com.dropbox.android, 
529087|1, 529087|2424, 529088|2442, 529088|2705, 529089|2722, 529089|2938, 529091|2949, 529091|3143, 529092|3157, 529092|3345, 529094|3357, 529094|3553, 529097|3566, 529097|3758, 529099|3773, 529099|3949, 529100|3977, 529100|4002, com.bankofamerica.cashpromobile, 
529111|1, 529111|1950, 529113|1967, 529113|1981, 529114|1996, 529114|2055, 529116|2066, 529116|4007, com.android.chrome, 
529118|1, 529118|635, 529119|665, 529120|693, 529130|850, 529130|892, 529136|1139, 529136|1276, 529137|1294, 529137|1350, 529138|1448, 529138|1687, 529140|1730, 529140|1994, 529141|2006, 529142|2034, 529142|2296, 529145|2318, 529145|2604, 529148|2643, 529148|3115, 529149|3134, 529149|4006, com.sololearn.cplusplus, 
529155|1, 529155|4006, com.google.android.gm, 
529155|1, 529155|2292, 529156|2302, 529156|2312, 529157|2339, 529157|2361, 529159|2372, 529159|2384, 529162|2408, 529162|2525, 529166|2561, 529166|2628, 529167|2647, 529168|2658, 529168|2692, 529170|2708, 529172|2727, 529172|2739, 529175|2755, 529178|2771, 529179|2797, 529188|2816, 529194|2845, 529194|2859, 529196|2874, 529196|2888, 529201|2913, 529207|2932, 529207|3179, 529208|3218, 529208|3230, 529209|3240, 529209|3276, 529211|3288, 529211|3317, 529214|3328, 529214|3350, 529215|3360, 529215|3379, 529216|3394, 529228|3409, 529228|3604, 529230|3614, 529230|3699, 529233|3717, 529233|4145, com.google.android.music, 
529289|1, 529289|1892, 529290|1939, 529290|2081, 529292|2103, 529292|2283, 529293|2296, 529293|2482, 529295|2495, 529295|2695, 529300|2707, 529300|2903, 529301|2923, 529301|2933, 529302|2943, 529302|3103, 529305|3121, 529305|3925, 529306|3948, 529308|3977, 529308|4002, com.bankofamerica.cashpromobile, 
529326|1, 529326|2409, 529328|2418, 529328|2440, 529331|2458, 529331|2471, 529334|2493, 529334|2502, 529335|2516, 529335|2856, 529337|2896, 529337|4003, com.google.android.keep, 
529339|1, 529339|4008, com.ted.android.conference, 
529339|1, 529339|1331, 529340|1358, 529341|1371, 529346|1477, 529349|1533, 529349|1642, 529350|1655, 529350|4008, org.catrobat.catroid, 
529352|1, 529352|1104, 529353|1158, 529354|1178, 529354|1222, 529355|1264, 529368|1350, 529381|1384, 529385|1411, 529385|1435, 529393|1454, 529400|1540, 529400|1554, 529405|1574, 529405|1621, 529409|1656, 529412|1691, 529414|1753, 529415|1825, 529417|1879, 529418|1951, 529427|2007, 529429|2053, 529431|2078, 529433|2106, 529433|2143, 529436|2157, 529437|2172, 529438|2182, 529439|2230, 529439|2350, 529441|2362, 529441|2374, 529443|2393, 529445|2408, 529446|2423, 529450|2442, 529450|2454, 529454|2475, 529454|2492, 529456|2539, 529456|2768, 529461|2795, 529464|2810, 529464|2827, 529465|2838, 529466|2856, 529466|2968, 529470|2979, 529470|2992, 529471|3002, 529472|3019, 529472|3050, 529474|3061, 529474|3189, 529478|3211, 529478|3232, 529480|3250, 529480|3560, 529482|3572, 529482|3593, 529484|3605, 529486|3615, 529486|4008, com.dropbox.android, 
529524|1, 529524|1026, 529528|1248, 529533|1400, 529533|2201, 529544|2372, 529552|2462, 529553|2571, 529553|2620, 529565|2695, 529572|2799, 529572|4008, com.android.chrome, 
529576|1, 529576|4006, at.DiTronic.androidgroup.randomgallery, 
529615|1, 529615|849, 529619|1001, 529624|1083, 529626|1189, 529626|1436, 529628|1461, 529629|1495, 529629|3138, 529630|3179, 529632|3223, 529637|3337, 529638|3376, 529641|3445, 529641|3509, 529642|3521, 529642|3569, 529645|3599, 529645|4008, com.scb.breezebanking.hk, 
529647|1, 529647|1196, 529650|1475, 529658|1646, 529658|2505, 529660|2533, 529663|2556, 529672|2601, 529675|2656, 529675|2825, 529679|2955, 529682|3029, 529682|3826, 529683|3858, 529684|3884, 529684|4010, com.android.chrome, 
529704|1, 529704|1062, 529705|1131, 529706|1284, 529706|1309, 529707|1386, 529707|2181, 529708|2193, 529709|2206, 529709|2225, 529712|2241, 529712|2253, 529715|2263, 529715|2286, 529716|2296, 529716|2489, 529718|2508, 529718|4008, com.google.android.keep, 
529723|1, 529723|3184, 529724|3197, 529725|3210, 529725|3255, 529726|3271, 529727|3290, 529727|3322, 529732|3337, 529732|3394, 529733|3421, 529733|3460, 529738|3491, 529738|3514, 529741|3527, 529741|3566, 529742|3578, 529742|3609, 529743|3621, 529744|3635, 529744|3661, 529745|3672, 529745|4019, com.google.android.apps.photos, 
529760|1, 529760|1803, 529761|1879, 529764|1947, 529770|2059, 529775|2181, 529775|2221, 529780|2261, 529780|2442, 529781|2483, 529784|2574, 529786|2755, 529786|3550, 529787|3585, 529787|3629, 529791|3659, 529791|4009, com.sometimeswefly.littlealchemy, 
529795|1, 529795|2218, 529797|2252, 529797|2567, 529799|2583, 529799|3904, 529800|3918, 529800|4001, com.sometimeswefly.littlealchemy, 
529804|1, 529804|1951, 529808|2045, 529812|2092, 529812|2123, 529818|2134, 529818|2145, 529819|2163, 529828|2179, 529831|2191, 529834|2201, 529834|2212, 529835|2222, 529836|2233, 529836|2281, 529847|2309, 529847|3177, 529850|3192, 529850|4033, com.google.android.music, 
529866|1, 529866|1790, 529867|1806, 529867|1840, 529868|1850, 529869|1864, 529869|1873, 529870|1883, 529873|1898, 529873|1912, 529874|1931, 529876|1945, 529876|2304, 529878|2321, 529878|4005, com.google.android.keep, 
529880|1, 529880|1739, 529881|1782, 529881|1965, 529883|1978, 529883|2109, 529885|2119, 529885|2256, 529887|2268, 529887|2421, 529890|2433, 529890|2623, 529892|2636, 529892|2832, 529893|2843, 529893|2854, 529894|2865, 529894|3037, 529897|3049, 529897|3785, 529898|3819, 529900|3894, 529904|4057, com.bankofamerica.cashpromobile, 
529925|1, 529925|3037, 529926|3048, 529926|4011, com.ted.android.conference, 
529927|1, 529927|730, 529928|892, 529930|968, 529930|1009, 529934|1094, 529935|1130, 529936|1151, 529945|1218, 529946|1233, 529946|1364, 529947|1374, 529947|1935, 529950|1960, 529950|2076, 529965|2139, 529965|2258, 529967|2386, 529967|2497, 529972|2519, 529973|2555, 529973|2697, 529975|2708, 529975|2898, 529976|2915, 529976|2964, 529977|2998, 529978|3018, 529978|3086, 529980|3181, 529981|3222, 529981|3280, 529986|3293, 529986|3314, 529987|3341, 529988|3358, 529988|3369, 529989|3387, 529989|3456, 529991|3489, 529991|3536, 529992|3574, 529993|3609, 529993|4005, com.mxtech.videoplayer.ad, 
530007|1, 530007|634, 530008|686, 530011|699, 530014|735, 530014|870, 530019|1008, 530020|1068, 530022|1093, 530026|1198, 530026|1295, 530027|1462, 530028|1495, 530028|1691, 530030|1705, 530030|2001, 530031|2012, 530031|2024, 530032|2043, 530032|2303, 530034|2338, 530035|2370, 530035|2622, 530038|2638, 530038|3230, 530039|3242, 530039|4010, com.sololearn.cplusplus, 
530047|1, 530047|4007, com.ted.android.conference, 
530047|1, 530047|1286, 530048|1354, 530048|1419, 530049|1449, 530049|1484, 530051|1513, 530051|1542, 530053|1580, 530053|1604, 530058|1641, 530063|1701, 530063|1787, 530065|1846, 530065|1874, 530067|1900, 530069|1943, 530070|1990, 530073|2024, 530073|2062, 530080|2149, 530080|2171, 530084|2208, 530084|2229, 530086|2279, 530087|2322, 530087|2394, 530088|2427, 530089|2459, 530090|2499, 530093|2533, 530094|2606, 530099|2672, 530099|2732, 530106|2967, 530106|3010, 530107|3047, 530112|3134, 530116|3181, 530120|3202, 530123|3234, 530123|3401, 530124|3437, 530125|3458, 530125|3479, 530130|3495, 530136|3519, 530136|3555, 530137|3584, 530137|4011, com.ebay.mobile, 
530147|1, 530147|1729, 530149|1741, 530149|1765, 530152|1781, 530155|1806, 530155|1826, 530156|1837, 530156|2149, 530159|2161, 530159|4001, com.google.android.keep, 
530161|1, 530161|1042, 530168|1332, 530168|1937, 530169|2049, 530171|2084, 530178|2143, 530186|2248, 530186|2301, 530189|2368, 530190|2412, 530192|2439, 530192|4005, com.android.chrome, 
530194|1, 530194|4011, at.DiTronic.androidgroup.randomgallery, 
530234|1, 530234|544, 530236|610, 530238|662, 530242|761, 530246|901, 530246|934, 530253|977, 530253|1149, 530255|1249, 530255|1464, 530257|1491, 530257|1789, 530258|1809, 530259|1821, 530259|2097, 530262|2112, 530262|2279, 530264|2308, 530265|2333, 530265|2912, 530266|2925, 530266|4015, com.sololearn.cplusplus, 
530272|1, 530272|861, 530273|908, 530273|939, 530275|964, 530275|982, 530278|1000, 530278|1020, 530280|1041, 530281|1053, 530281|1093, 530282|1109, 530282|1188, 530283|1204, 530283|1230, 530284|1250, 530284|4014, com.ted.android.conference, 
530284|1, 530284|815, 530286|843, 530293|892, 530294|913, 530294|948, 530298|1003, 530298|1057, 530299|1097, 530299|1814, 530302|1848, 530302|2081, 530313|2138, 530315|2170, 530315|3217, 530316|3265, 530316|3304, 530318|3317, 530318|3338, 530323|3358, 530323|3375, 530324|3395, 530324|3470, 530325|3484, 530325|3498, 530327|3519, 530335|3560, 530341|3588, 530342|3608, 530342|3620, 530346|3632, 530346|3657, 530351|3668, 530352|3682, 530352|3704, 530355|3719, 530356|3734, 530356|3750, 530357|3761, 530358|3784, 530358|3800, 530360|3815, 530360|3848, 530361|3860, 530362|3877, 530362|3899, 530363|3913, 530363|4001, com.mxtech.videoplayer.ad, 
530378|1, 530378|635, 530379|702, 530379|745, 530386|903, 530389|1001, 530389|1109, 530392|1138, 530392|1405, 530399|1419, 530399|2004, 530400|2015, 530400|2044, 530401|2056, 530401|2624, 530403|2725, 530403|2941, 530404|2957, 530405|2975, 530405|3180, 530408|3196, 530408|3423, 530411|3434, 530411|4007, com.sololearn.cplusplus, 
530418|1, 530418|3591, 530422|3683, 530425|3788, 530425|3816, 530426|3833, 530429|3974, 530429|4002, air.com.hypah.io.slither, 
530446|1, 530446|2899, 530449|2922, 530449|3135, 530459|3151, 530459|3545, 530461|3556, 530461|3590, 530469|3617, 530472|3628, 530472|3654, 530475|3668, 530475|3825, 530476|3858, 530478|3876, 530482|3919, 530484|3942, 530487|3970, 530489|3988, 530490|4011, at.DiTronic.androidgroup.randomgallery, 
530502|1, 530502|727, 530504|903, 530509|997, 530509|1063, 530512|1240, 530512|1639, 530513|1731, 530515|1847, 530515|3222, 530521|3329, 530523|3435, 530524|3468, 530527|3510, 530527|3593, 530528|3620, 530531|3656, 530531|4016, com.scb.breezebanking.hk, 
530535|1, 530535|4010, com.ted.android.conference, 
530535|1, 530535|2207, 530536|2223, 530536|4010, com.ted.android.conference, 
530537|1, 530537|4006, com.android.vending, 
530581|1, 530581|1036, 530586|1110, 530586|1184, 530595|1281, 530595|4001, com.whatsapp, 
530606|1, 530606|1817, 530607|1856, 530607|2032, 530609|2042, 530609|2165, 530611|2188, 530611|2371, 530613|2382, 530613|2582, 530616|2594, 530616|2786, 530618|2797, 530618|2993, 530619|3014, 530619|3033, 530620|3056, 530620|3191, 530623|3206, 530623|3915, 530624|3938, 530624|3957, 530626|3994, 530626|4021, com.bankofamerica.cashpromobile, 
530657|1, 530657|2083, 530659|2098, 530659|2283, 530660|2295, 530660|2492, 530662|2504, 530662|2694, 530667|2705, 530667|2898, 530668|2920, 530668|2932, 530669|2943, 530669|3108, 530672|3130, 530672|3720, 530674|3768, 530674|3927, 530677|3972, 530678|4000, 530678|4021, com.bankofamerica.cashpromobile, 
530696|1, 530696|704, 530697|791, 530697|3683, 530702|3694, 530702|4008, com.whatsapp, 
530708|1, 530708|2223, 530710|2289, 530710|2572, 530712|2641, 530712|4021, com.sometimeswefly.littlealchemy, 
530714|1, 530714|4004, com.google.android.gm, 
530714|1, 530714|1048, 530716|1166, 530716|1226, 530719|1266, 530723|1310, 530723|1345, 530726|1395, 530726|1431, 530730|1505, 530732|1534, 530733|1555, 530733|1637, 530736|1658, 530736|1943, 530741|1970, 530741|2255, 530745|2410, 530750|2582, 530769|2687, 530769|2873, 530774|2920, 530777|2956, 530777|2970, 530779|3019, 530779|3073, 530787|3128, 530791|3172, 530797|3203, 530807|3284, 530807|3941, 530808|3982, 530809|4022, com.android.vending, 
530858|1, 530858|107, 530859|119, 530859|1936, 530860|1948, 530860|1961, 530861|1977, 530861|1997, 530864|2008, 530864|2122, 530867|2134, 530867|2240, 530869|2308, 530874|2329, 530879|2389, 530894|2498, 530911|2527, 530919|2559, 530919|2803, 530921|2817, 530921|3048, 530923|3059, 530923|3084, 530934|3095, 530934|3125, 530939|3137, 530939|3184, 530941|3205, 530941|4002, com.google.android.keep, 
530952|1, 530952|1728, 530959|1808, 530962|1843, 530963|1861, 530969|1881, 530973|1900, 530976|1916, 530976|1928, 530978|1939, 530978|2019, 530988|2030, 530988|2041, 530989|2066, 530989|2916, 530992|2946, 530993|4043, com.google.android.music, 
531022|1, 531022|815, 531026|904, 531028|949, 531035|1014, 531038|1083, 531038|1205, 531039|1217, 531039|1808, 531042|1833, 531042|1954, 531055|2116, 531056|2169, 531056|2220, 531058|2282, 531058|2480, 531064|2491, 531064|2504, 531065|2516, 531065|2677, 531066|2689, 531067|2702, 531067|2890, 531068|2902, 531068|3022, 531070|3090, 531072|3126, 531072|3139, 531077|3157, 531077|3203, 531078|3227, 531078|3238, 531079|3250, 531081|3278, 531081|3290, 531086|3308, 531086|3350, 531087|3394, 531089|3418, 531089|3443, 531093|3457, 531094|3479, 531095|3491, 531095|3512, 531098|3526, 531098|3554, 531100|3571, 531100|3608, 531102|3621, 531102|3733, 531103|3746, 531104|3762, 531104|3864, 531105|3882, 531105|4004, com.mxtech.videoplayer.ad, 
531121|1, 531121|761, 531128|915, 531131|992, 531131|1326, 531132|1453, 531136|1528, 531136|2690, 531139|2760, 531144|2792, 531145|2826, 531146|2847, 531149|2899, 531149|3005, 531150|3026, 531150|3047, 531153|3073, 531153|4012, com.scb.breezebanking.hk, 
531155|1, 531155|785, 531156|827, 531160|878, 531163|916, 531165|969, 531170|1018, 531170|1110, 531171|1126, 531171|1729, 531174|1769, 531174|1896, 531187|1945, 531187|2152, 531189|2195, 531189|2383, 531194|2393, 531194|2448, 531195|2460, 531195|2589, 531197|2603, 531197|2813, 531198|2833, 531198|2929, 531199|2985, 531201|3065, 531206|3091, 531206|3199, 531208|3246, 531209|3277, 531210|3303, 531210|3338, 531216|3365, 531217|3388, 531221|3400, 531222|3416, 531222|3430, 531223|3440, 531224|3455, 531224|3469, 531225|3490, 531225|3529, 531228|3550, 531228|3574, 531229|3585, 531229|3598, 531231|3613, 531231|3639, 531232|3650, 531233|3662, 531233|3683, 531234|3695, 531234|4009, com.mxtech.videoplayer.ad, 
531246|1, 531246|2234, 531248|2344, 531248|2574, 531250|2587, 531250|4004, com.sometimeswefly.littlealchemy, 
531252|1, 531252|1301, 531254|1313, 531254|1501, 531259|1518, 531259|1580, 531260|1598, 531260|1734, 531262|1745, 531262|1865, 531263|1883, 531263|2446, 531264|2509, 531266|2550, 531266|2571, 531271|2622, 531273|2687, 531274|2721, 531274|2920, 531275|2948, 531275|4007, com.Slack, 
531283|1, 531283|1268, 531285|1414, 531285|1515, 531288|1548, 531289|1600, 531296|1750, 531297|1879, 531299|1931, 531299|2041, 531303|2067, 531306|2088, 531306|2112, 531307|2166, 531308|2222, 531318|2381, 531321|2551, 531326|2663, 531326|2861, 531332|2886, 531332|3025, 531334|3155, 531334|4022, com.ebay.mobile, 
531354|1, 531354|1369, 531358|1443, 531358|1476, 531360|1528, 531369|1612, 531369|1659, 531375|1811, 531377|1878, 531379|1919, 531381|1966, 531383|2029, 531388|2062, 531389|2110, 531396|2233, 531400|2279, 531400|2335, 531404|2470, 531406|2619, 531408|2723, 531408|2838, 531409|2875, 531409|4005, com.ebay.mobile, 
531421|1, 531421|4003, com.android.vending, 
531421|1, 531421|4008, com.android.vending, 
531421|1, 531421|806, 531424|906, 531428|941, 531428|957, 531433|973, 531433|1006, 531435|1023, 531435|1041, 531445|1075, 531445|1100, 531446|1118, 531446|1182, 531454|1206, 531454|1240, 531455|1264, 531455|1314, 531456|1329, 531457|1341, 531457|1494, 531458|1506, 531458|2111, 531460|2164, 531460|2179, 531465|2205, 531465|2301, 531467|2312, 531467|2325, 531468|2339, 531468|2618, 531469|2630, 531469|4009, com.Slack, 
531477|1, 531477|705, 531480|776, 531483|848, 531488|930, 531491|1011, 531495|1038, 531495|1102, 531496|1116, 531496|1688, 531499|1721, 531499|1764, 531509|1830, 531510|1925, 531510|2127, 531511|2164, 531511|2191, 531517|2242, 531518|2253, 531518|2275, 531520|2287, 531520|2313, 531523|2325, 531523|2445, 531529|2467, 531529|2491, 531530|2501, 531530|2623, 531532|2637, 531532|2803, 531534|2832, 531534|2881, 531536|2914, 531536|2938, 531541|2968, 531541|2981, 531543|2992, 531543|3050, 531545|3067, 531545|3092, 531549|3110, 531549|3121, 531551|3133, 531551|3162, 531552|3178, 531552|3209, 531555|3220, 531555|3253, 531556|3266, 531558|3280, 531558|3308, 531559|3328, 531559|4003, com.mxtech.videoplayer.ad, 
531573|1, 531573|4016, com.ted.android.conference, 
531573|1, 531573|1733, 531575|1801, 531577|1863, 531580|1938, 531586|2123, 531587|2152, 531587|2181, 531588|2199, 531588|2766, 531591|2796, 531591|3316, 531595|3395, 531597|3509, 531600|3569, 531621|3685, 531627|3733, 531627|4068, com.google.android.apps.docs, 
531631|1, 531631|4004, com.ted.android.conference, 
531634|1, 531634|666, 531640|782, 531643|880, 531643|950, 531645|979, 531646|1018, 531646|1221, 531652|1264, 531652|1446, 531653|1487, 531653|1564, 531654|1594, 531654|1871, 531656|1884, 531656|2473, 531657|2500, 531657|2551, 531658|2587, 531658|2620, 531659|2671, 531659|2710, 531660|2753, 531661|2777, 531663|2833, 531664|2875, 531664|2947, 531667|2988, 531677|3018, 531703|3042, 531703|3400, 531712|3412, 531712|3495, 531713|3507, 531713|3518, 531715|3529, 531716|3541, 531716|4008, com.sololearn.cplusplus, 
531724|1, 531724|1259, 531725|1285, 531725|1327, 531726|1354, 531726|4002, com.google.android.gm, 
531726|1, 531726|2604, 531727|2633, 531727|3177, 531728|3205, 531729|3230, 531729|3270, 531731|3301, 531736|3334, 531737|3378, 531743|3409, 531744|3431, 531744|3496, 531745|3517, 531745|3602, 531746|3635, 531746|3815, 531749|3835, 531749|3981, 531750|3996, 531750|4007, com.google.android.apps.photos, 
531753|1, 531753|4009, com.google.android.gm, 
531753|1, 531753|1752, 531755|1781, 531757|1794, 531757|1829, 531759|1842, 531759|1854, 531761|1874, 531761|1884, 531764|1898, 531767|1914, 531768|1933, 531777|1953, 531781|1976, 531783|1997, 531785|2016, 531785|2047, 531795|2080, 531796|2122, 531796|3050, 531798|3062, 531799|3091, 531799|3849, 531800|3950, 531802|4006, com.google.android.music, 
531829|1, 531829|2599, 531830|2648, 531830|3039, 531832|3052, 531832|3082, 531837|3095, 531838|3108, 531838|3118, 531845|3133, 531847|3144, 531847|3170, 531848|3180, 531848|3424, 531851|3437, 531851|3634, 531852|3644, 531852|4004, com.google.android.apps.photos, 
531855|1, 531855|772, 531856|885, 531864|947, 531866|987, 531866|1002, 531867|1019, 531867|1057, 531869|1070, 531869|1147, 531870|1170, 531870|1185, 531875|1205, 531876|1215, 531876|1349, 531877|1363, 531878|1374, 531878|1554, 531879|1566, 531879|4007, com.Slack, 
531885|1, 531885|1321, 531886|1439, 531887|1528, 531891|1597, 531891|1701, 531902|1909, 531907|2064, 531907|2124, 531912|2189, 531913|2242, 531913|2345, 531920|2378, 531925|2487, 531929|2590, 531932|2664, 531936|2791, 531936|2947, 531937|2990, 531939|3026, 531939|3191, 531940|3269, 531940|4014, com.ebay.mobile, 
531967|1, 531967|4007, com.google.android.gm, 
531967|1, 531967|3354, 531969|3478, 531979|3799, 531979|3885, 531981|3907, 531981|3953, 531983|3983, 531984|4008, air.com.hypah.io.slither, 
532044|1, 532044|4004, com.google.android.gm, 
532044|1, 532044|4006, com.google.android.gm, 
532044|1, 532044|1225, 532048|1337, 532051|1424, 532054|1473, 532054|1592, 532055|1607, 532055|4024, org.catrobat.catroid, 
532057|1, 532057|827, 532058|912, 532059|967, 532061|1077, 532066|1136, 532068|1180, 532073|1231, 532073|1328, 532074|1343, 532074|1986, 532077|2004, 532077|2224, 532078|2246, 532087|2320, 532091|2431, 532091|2536, 532093|2557, 532093|2728, 532098|2765, 532098|2812, 532099|2834, 532099|2949, 532101|2962, 532101|3152, 532102|3163, 532102|3261, 532104|3345, 532105|3374, 532105|3389, 532109|3406, 532109|3437, 532110|3456, 532110|3467, 532113|3499, 532117|3525, 532117|3549, 532118|3560, 532118|3624, 532120|3634, 532121|3648, 532125|3665, 532127|3676, 532127|3698, 532129|3723, 532130|3734, 532131|3746, 532131|3768, 532132|3780, 532132|3808, 532134|3821, 532134|3842, 532135|3854, 532135|3883, 532136|3894, 532138|3918, 532138|3954, 532139|3970, 532141|4002, com.mxtech.videoplayer.ad, 
532154|1, 532154|2979, 532157|2994, 532157|3201, 532158|3211, 532167|3241, 532167|4004, at.DiTronic.androidgroup.randomgallery, 
532198|1, 532198|1875, 532202|1897, 532202|1918, 532203|1931, 532208|1960, 532208|1970, 532218|1988, 532218|2001, 532220|2013, 532222|2025, 532224|2039, 532225|2049, 532226|2059, 532226|2093, 532237|2113, 532237|3016, 532240|3036, 532240|4033, com.google.android.music, 
532269|1, 532269|2009, 532270|2024, 532272|2043, 532272|2062, 532275|2079, 532275|2102, 532278|2118, 532278|2138, 532279|2158, 532279|2340, 532281|2372, 532281|4001, com.google.android.keep, 
532283|1, 532283|1201, 532284|1375, 532285|1417, 532288|1522, 532296|1618, 532296|1983, 532300|2069, 532300|3407, 532302|3417, 532302|3467, 532303|3480, 532304|3491, 532304|3512, 532307|3526, 532312|3540, 532312|3552, 532315|3563, 532315|3587, 532316|3597, 532318|3608, 532319|3621, 532319|3632, 532322|3644, 532322|4015, com.google.android.apps.docs, 
532330|1, 532330|1950, 532332|1961, 532334|1972, 532334|2002, 532340|2014, 532340|2048, 532347|2060, 532350|2073, 532353|2088, 532356|2098, 532356|2109, 532358|2121, 532358|2167, 532368|2178, 532369|2190, 532369|2985, 532371|2997, 532372|3012, 532372|4009, com.google.android.music, 
532402|1, 532402|755, 532404|831, 532409|927, 532411|959, 532412|974, 532412|1028, 532414|1062, 532415|1147, 532421|1232, 532421|1400, 532422|1463, 532422|1609, 532423|1638, 532423|1838, 532425|1863, 532425|2138, 532426|2149, 532426|2171, 532427|2188, 532427|2441, 532429|2463, 532430|2489, 532430|2614, 532432|2648, 532433|2670, 532433|3158, 532434|3174, 532434|4010, com.sololearn.cplusplus, 
532440|1, 532440|2542, 532441|2581, 532441|2667, 532443|2679, 532443|2714, 532448|2727, 532449|2742, 532449|2755, 532456|2771, 532456|2881, 532457|2893, 532457|3140, 532460|3195, 532460|3540, 532461|3555, 532461|4006, com.google.android.apps.photos, 
532464|1, 532464|1792, 532465|1802, 532465|1833, 532466|1846, 532466|1992, 532468|2003, 532468|2117, 532470|2156, 532470|2325, 532472|2338, 532472|2536, 532475|2547, 532475|2742, 532477|2756, 532477|2940, 532478|2951, 532478|2973, 532479|2984, 532479|3143, 532482|3157, 532482|3905, 532483|3931, 532483|3952, 532484|3976, 532486|4013, com.bankofamerica.cashpromobile, 
532507|1, 532507|809, 532508|890, 532514|959, 532519|1039, 532519|1106, 532522|1124, 532522|1158, 532523|1179, 532523|1832, 532526|1845, 532526|1959, 532540|2031, 532540|2193, 532541|2226, 532542|2262, 532542|2399, 532547|2412, 532547|2446, 532548|2461, 532548|2597, 532550|2611, 532550|2803, 532551|2815, 532551|2917, 532552|3003, 532553|3060, 532559|3107, 532559|3226, 532560|3244, 532563|3285, 532563|3300, 532567|3312, 532567|3331, 532568|3350, 532571|3393, 532571|3419, 532576|3431, 532576|3454, 532577|3477, 532577|3488, 532579|3499, 532579|3511, 532580|3523, 532581|3546, 532582|3563, 532582|3576, 532583|3590, 532584|3604, 532584|3625, 532585|3637, 532585|3648, 532586|3672, 532587|3693, 532587|4008, com.mxtech.videoplayer.ad, 
532603|1, 532603|752, 532605|775, 532608|848, 532613|957, 532613|973, 532616|988, 532616|1056, 532617|1100, 532617|1618, 532620|1665, 532620|1717, 532621|1833, 532621|1867, 532633|1933, 532633|2321, 532635|2338, 532635|2519, 532642|2541, 532642|2563, 532643|2574, 532643|2697, 532644|2745, 532648|2806, 532652|2843, 532652|2887, 532654|2906, 532654|2925, 532655|2936, 532657|2976, 532657|3004, 532661|3027, 532661|3061, 532662|3081, 532664|3096, 532664|3132, 532668|3145, 532669|3158, 532669|3170, 532670|3184, 532671|3200, 532671|3212, 532673|3234, 532674|3247, 532674|3276, 532675|3288, 532676|3307, 532676|3336, 532677|3351, 532678|3369, 532678|3393, 532679|3405, 532679|4002, com.mxtech.videoplayer.ad, 
532693|1, 532693|1310, 532695|1407, 532695|1501, 532697|1525, 532697|1548, 532703|1620, 532709|1688, 532720|1737, 532721|1782, 532741|1928, 532749|2018, 532751|2050, 532752|2069, 532752|2145, 532753|2178, 532758|2218, 532760|2240, 532762|2270, 532765|2293, 532768|2344, 532771|2399, 532771|2499, 532773|2518, 532775|2536, 532778|2567, 532778|2591, 532780|2604, 532780|2629, 532781|2643, 532783|2657, 532783|2674, 532785|2726, 532786|2742, 532786|2808, 532788|2821, 532788|2849, 532789|2864, 532789|2877, 532790|2904, 532791|2917, 532792|2949, 532793|2966, 532795|2978, 532795|2992, 532797|3006, 532797|3030, 532799|3047, 532799|3060, 532800|3072, 532800|3106, 532804|3124, 532804|3345, 532811|3379, 532811|3404, 532813|3416, 532815|3434, 532815|3645, 532816|3657, 532816|3733, 532819|3752, 532821|3763, 532821|4010, com.dropbox.android, 
532850|1, 532850|1100, 532853|1348, 532853|1451, 532856|1487, 532857|1519, 532857|1563, 532868|1658, 532869|1741, 532870|1789, 532870|1822, 532873|1856, 532873|1937, 532874|1960, 532875|1987, 532879|2005, 532879|2026, 532880|2060, 532884|2140, 532888|2226, 532893|2299, 532893|2345, 532896|2402, 532900|2441, 532903|2490, 532909|2565, 532913|2617, 532917|2761, 532917|2811, 532918|2839, 532918|2984, 532921|3033, 532922|3106, 532922|3198, 532923|3254, 532923|3725, 532924|3735, 532924|4008, com.ebay.mobile, 
532940|1, 532940|1624, 532941|1634, 532942|1648, 532942|1662, 532945|1679, 532945|1706, 532946|1718, 532948|1736, 532948|1746, 532949|1757, 532949|2027, 532951|2037, 532951|4002, com.google.android.keep, 
532953|1, 532953|1222, 532955|1328, 532955|1458, 532962|1494, 532962|1574, 532967|1695, 532967|1766, 532970|1845, 532979|2019, 532983|2115, 532985|2214, 532985|2255, 532995|2439, 532999|2565, 533001|2679, 533001|2756, 533003|2780, 533003|4024, com.ebay.mobile, 
533015|1, 533015|2714, 533023|2931, 533023|3111, 533024|3142, 533027|3185, 533027|3843, 533028|3865, 533028|4013, air.com.hypah.io.slither, 
533044|1, 533044|2084, 533046|2104, 533046|2140, 533050|2151, 533050|2174, 533051|2185, 533054|2198, 533057|2210, 533065|2223, 533069|2247, 533072|2259, 533072|2269, 533073|2282, 533074|2296, 533074|2331, 533085|2348, 533085|3379, 533088|3392, 533088|4017, com.google.android.music, 
533129|1, 533129|4006, com.android.vending, 
533131|1, 533131|746, 533138|888, 533139|1054, 533140|1195, 533142|1283, 533142|2515, 533145|2592, 533145|3272, 533146|3333, 533148|3379, 533153|3416, 533154|3451, 533154|3473, 533155|3512, 533158|3568, 533158|3661, 533159|3676, 533159|3693, 533162|3720, 533162|4001, com.scb.breezebanking.hk, 
533164|1, 533164|2270, 533166|2339, 533168|2389, 533168|2583, 533170|2655, 533170|3042, 533171|3092, 533172|3118, 533172|3137, 533176|3165, 533176|3184, 533177|3213, 533178|3319, 533178|4014, com.sometimeswefly.littlealchemy, 
533184|1, 533184|714, 533185|787, 533187|849, 533195|931, 533196|947, 533196|978, 533201|1008, 533201|1078, 533202|1095, 533202|1618, 533205|1675, 533205|1839, 533218|1925, 533218|2243, 533219|2264, 533220|2285, 533220|2422, 533222|2435, 533222|2634, 533228|2646, 533228|2669, 533229|2680, 533229|2784, 533230|2812, 533232|2850, 533234|2899, 533235|2913, 533235|2927, 533240|2939, 533240|3005, 533241|3019, 533243|3045, 533243|3065, 533245|3082, 533245|3096, 533249|3117, 533249|3179, 533251|3214, 533251|3234, 533253|3280, 533259|3300, 533260|3314, 533260|3333, 533263|3347, 533263|3370, 533264|3395, 533265|3423, 533265|3434, 533266|3449, 533268|3473, 533268|3504, 533269|3516, 533270|3528, 533270|3541, 533271|3578, 533271|4011, com.mxtech.videoplayer.ad, 
533287|1, 533287|1363, 533288|1483, 533293|1628, 533301|1776, 533303|1800, 533303|2218, 533306|2259, 533306|2774, 533310|2866, 533315|2935, 533321|2969, 533321|2994, 533327|3174, 533327|4005, com.google.android.apps.docs, 
533331|1, 533331|617, 533332|646, 533332|683, 533337|743, 533337|864, 533340|905, 533342|946, 533342|974, 533350|1129, 533350|1289, 533351|1431, 533352|1523, 533352|1795, 533353|1807, 533354|1820, 533354|2106, 533355|2118, 533356|2141, 533356|2400, 533358|2419, 533359|2437, 533359|2612, 533362|2638, 533362|3128, 533363|3148, 533363|4012, com.sololearn.cplusplus, 
533369|1, 533369|1934, 533370|1947, 533370|2113, 533372|2126, 533372|2529, 533373|2540, 533374|2551, 533374|2846, 533376|2859, 533376|3144, 533382|3159, 533382|3455, 533383|3481, 533383|3567, 533384|3599, 533384|3776, 533387|3796, 533387|4001, com.bankofamerica.cashpromobile, 
533413|1, 533413|1131, 533417|1226, 533423|1361, 533423|1453, 533424|1525, 533424|4004, org.catrobat.catroid, 
533426|1, 533426|1247, 533428|1349, 533429|1375, 533429|4006, com.whatsapp, 
533429|1, 533429|744, 533431|844, 533431|1044, 533432|1095, 533433|1111, 533433|1274, 533438|1287, 533439|1309, 533439|1474, 533441|1485, 533441|1680, 533442|1690, 533443|1721, 533443|1888, 533445|1900, 533445|2087, 533450|2098, 533450|2173, 533451|2192, 533451|2341, 533453|2395, 533456|2470, 533461|2508, 533464|2592, 533465|2639, 533465|2910, 533466|2940, 533466|4003, com.Slack, 
533482|1, 533482|675, 533483|778, 533483|4007, com.whatsapp, 
533483|1, 533483|630, 533487|753, 533492|833, 533494|901, 533495|922, 533498|941, 533498|1052, 533499|1066, 533499|1542, 533502|1605, 533502|1803, 533515|1933, 533515|2331, 533516|2342, 533517|2355, 533517|2529, 533523|2544, 533523|2596, 533524|2606, 533524|2737, 533526|2771, 533526|2822, 533527|2896, 533529|2922, 533534|2957, 533534|3007, 533536|3033, 533536|3062, 533538|3076, 533538|3099, 533542|3110, 533542|3177, 533545|3191, 533545|3209, 533550|3226, 533551|3244, 533552|3259, 533552|3272, 533554|3284, 533554|3319, 533555|3332, 533556|3344, 533556|3377, 533557|3388, 533558|3401, 533558|3424, 533560|3442, 533560|3468, 533563|3486, 533563|3509, 533564|3525, 533564|4004, com.mxtech.videoplayer.ad, 
533578|1, 533578|4010, com.ted.android.conference, 
533578|1, 533578|4004, com.google.android.gm, 
533578|1, 533578|1345, 533592|1809, 533592|2167, 533597|2375, 533619|2506, 533626|2586, 533626|2609, 533631|2638, 533642|2672, 533650|2744, 533650|4014, com.android.chrome, 
533662|1, 533662|612, 533665|689, 533667|716, 533667|733, 533670|787, 533670|849, 533674|986, 533683|1205, 533683|1318, 533684|1384, 533684|1571, 533685|1592, 533685|1833, 533687|1848, 533687|2132, 533688|2162, 533689|2175, 533689|2442, 533692|2468, 533692|2636, 533693|2656, 533695|2750, 533695|3273, 533696|3317, 533696|4007, com.sololearn.cplusplus, 
533702|1, 533702|703, 533704|722, 533707|754, 533707|878, 533712|1035, 533720|1154, 533720|1308, 533721|1370, 533721|1472, 533722|1515, 533722|1748, 533723|1763, 533724|1777, 533724|2065, 533725|2078, 533725|2089, 533726|2110, 533726|2361, 533728|2379, 533729|2398, 533729|2568, 533730|2584, 533732|2608, 533732|3090, 533733|3099, 533733|4001, com.sololearn.cplusplus, 
533741|1, 533741|914, 533743|1020, 533743|4011, com.whatsapp, 
533743|1, 533743|4004, com.google.android.gm, 
533743|1, 533743|1748, 533744|1775, 533744|1926, 533746|1937, 533746|2139, 533747|2165, 533747|2336, 533749|2348, 533749|2548, 533752|2561, 533752|2749, 533754|2761, 533754|2953, 533755|2964, 533756|2990, 533756|3165, 533759|3178, 533759|3918, 533760|3942, 533762|3971, 533762|4015, com.bankofamerica.cashpromobile, 
533783|1, 533783|2034, 533785|2047, 533785|2067, 533788|2078, 533791|2103, 533791|2120, 533792|2141, 533792|2365, 533794|2376, 533794|4005, com.google.android.keep, 
533807|1, 533807|2054, 533808|2104, 533810|2155, 533810|2456, 533812|2476, 533812|4041, com.sometimeswefly.littlealchemy, 
533814|1, 533814|1737, 533816|1748, 533816|1767, 533819|1782, 533820|1793, 533822|1812, 533823|1829, 533823|1874, 533824|1886, 533824|2137, 533826|2147, 533826|4001, com.google.android.keep, 
533828|1, 533828|1502, 533830|1580, 533833|1593, 533836|1605, 533836|1616, 533841|1678, 533841|2329, 533844|2353, 533844|3528, 533846|3562, 533846|3600, 533848|3611, 533848|3631, 533851|3642, 533851|3653, 533856|3666, 533856|3694, 533859|3705, 533859|3725, 533860|3736, 533863|3747, 533863|3762, 533866|3778, 533866|4002, com.google.android.apps.docs, 
533870|1, 533870|4009, at.DiTronic.androidgroup.randomgallery, 
533907|1, 533907|4001, com.android.vending, 
533907|1, 533907|3086, 533908|3136, 533908|3415, 533910|3492, 533912|3559, 533917|3604, 533918|3627, 533925|3658, 533925|3774, 533926|3803, 533929|4013, com.google.android.apps.photos, 
533932|1, 533932|1444, 533939|1599, 533939|2137, 533941|2266, 533952|2335, 533962|2394, 533969|2458, 533974|2482, 533983|2549, 533993|2617, 533993|4002, com.android.chrome, 
534005|1, 534005|1407, 534010|1582, 534011|1654, 534017|1686, 534018|1750, 534019|1783, 534019|2068, 534022|2102, 534022|3428, 534026|3474, 534029|3505, 534034|3534, 534034|3545, 534037|3560, 534037|3576, 534038|3585, 534041|3600, 534041|3695, 534044|3706, 534044|4004, com.google.android.apps.docs, 
534048|1, 534048|1822, 534050|1833, 534050|1860, 534053|1884, 534056|1905, 534057|1920, 534057|2194, 534059|2210, 534059|4007, com.google.android.keep, 
534061|1, 534061|1807, 534062|1831, 534062|1974, 534064|2044, 534064|2210, 534066|2224, 534066|2405, 534068|2420, 534068|2602, 534071|2623, 534071|2816, 534073|2827, 534073|3025, 534074|3037, 534074|3061, 534075|3076, 534075|3230, 534078|3250, 534078|3911, 534079|3939, 534080|3958, 534081|3992, 534081|4008, com.bankofamerica.cashpromobile, 
534103|1, 534103|1150, 534104|1261, 534104|1553, 534106|1594, 534106|1742, 534111|1856, 534112|1925, 534112|2034, 534116|2086, 534116|2259, 534122|2362, 534122|2570, 534127|2611, 534127|2779, 534134|2953, 534134|3198, 534135|3257, 534139|3304, 534139|3340, 534141|3377, 534146|3507, 534146|3740, 534147|3762, 534147|3910, 534149|3920, 534149|4003, com.ebay.mobile, 
534160|1, 534160|4009, com.google.android.gm, 
534160|1, 534160|757, 534161|870, 534161|4004, com.whatsapp, 
534161|1, 534161|993, 534162|1057, 534162|1083, 534164|1108, 534164|1120, 534171|1135, 534171|1155, 534173|1168, 534173|1196, 534174|1209, 534174|1222, 534176|1239, 534176|1339, 534184|1364, 534184|1374, 534185|1386, 534185|1509, 534186|1521, 534187|1533, 534187|1715, 534188|1728, 534188|2228, 534189|2303, 534191|2340, 534191|2356, 534196|2385, 534196|2509, 534198|2539, 534199|2558, 534199|3049, 534200|3076, 534200|4001, com.Slack, 
534207|1, 534207|2902, 534209|2953, 534213|3042, 534215|3155, 534215|3218, 534216|3246, 534216|4001, air.com.hypah.io.slither, 
534234|1, 534234|36, 534236|70, 534236|322, 534238|345, 534241|408, 534246|463, 534246|654, 534255|686, 534255|1236, 534257|1310, 534257|1370, 534258|1430, 534258|1445, 534259|1466, 534263|1509, 534263|1607, 534264|1618, 534264|1631, 534265|1647, 534265|1718, 534276|1777, 534277|1803, 534278|1822, 534282|1860, 534282|1933, 534284|1955, 534289|2013, 534297|2114, 534308|2176, 534309|2200, 534323|2327, 534326|2383, 534332|2423, 534332|2523, 534336|2539, 534336|2570, 534338|2649, 534344|2719, 534349|2744, 534350|2765, 534350|2935, 534352|2946, 534352|2998, 534354|3015, 534356|3035, 534358|3055, 534360|3069, 534361|3093, 534363|3104, 534363|3120, 534367|3133, 534367|3171, 534368|3186, 534369|3200, 534369|3436, 534370|3449, 534376|3470, 534376|3481, 534378|3503, 534378|3810, 534380|3823, 534380|3863, 534382|3885, 534384|3896, 534384|4003, com.dropbox.android, 
534406|1, 534406|2327, 534408|2433, 534408|2475, 534413|2634, 534416|2686, 534416|2888, 534417|2905, 534419|2932, 534420|2991, 534420|4004, com.sometimeswefly.littlealchemy, 
534422|1, 534422|1420, 534424|1483, 534427|1583, 534434|1630, 534436|1662, 534436|1914, 534439|1955, 534439|2902, 534441|3095, 534445|3184, 534451|3244, 534454|3313, 534454|3396, 534456|3407, 534456|3678, 534459|3689, 534459|4002, com.google.android.apps.docs, 
534464|1, 534464|889, 534466|1026, 534472|1185, 534472|1469, 534474|1495, 534475|1545, 534475|1930, 534477|1991, 534478|2039, 534478|2990, 534479|3024, 534481|3078, 534486|3108, 534487|3156, 534491|3247, 534491|3288, 534492|3370, 534495|3442, 534495|4030, com.scb.breezebanking.hk, 
534497|1, 534497|1848, 534498|1868, 534498|2047, 534500|2057, 534500|2211, 534502|2227, 534502|2422, 534504|2433, 534504|2593, 534505|2634, 534509|2657, 534509|2833, 534510|2847, 534510|2866, 534511|2876, 534511|3031, 534514|3049, 534514|3508, 534518|3715, 534518|3832, 534521|3864, 534522|4019, com.bankofamerica.cashpromobile, 
534543|1, 534543|1999, 534546|2089, 534546|2120, 534550|2143, 534561|2194, 534561|2212, 534569|2237, 534569|2247, 534573|2258, 534573|2280, 534574|2292, 534574|2303, 534581|2315, 534586|2327, 534586|3340, 534588|3352, 534589|3375, 534589|4004, com.google.android.music, 
534620|1, 534620|1307, 534621|1355, 534621|1399, 534627|1556, 534634|1612, 534635|1638, 534635|1939, 534638|1977, 534638|2878, 534641|2930, 534642|2953, 534643|2971, 534643|2984, 534646|3001, 534647|3018, 534651|3036, 534654|3050, 534654|3071, 534657|3089, 534658|3105, 534658|3163, 534661|3181, 534661|4020, com.google.android.apps.docs, 
534665|1, 534665|2871, 534668|2881, 534668|3117, 534678|3130, 534678|3592, 534679|3643, 534680|3670, 534681|3706, 534684|3731, 534684|3744, 534687|3758, 534690|3777, 534691|3788, 534691|3799, 534696|3811, 534700|3823, 534700|3841, 534704|3856, 534706|3875, 534707|3887, 534707|4015, at.DiTronic.androidgroup.randomgallery, 
534717|1, 534717|1049, 534718|1093, 534719|1121, 534720|1192, 534721|1240, 534725|1278, 534735|1364, 534741|1423, 534745|1438, 534745|1472, 534747|1508, 534754|1577, 534754|1604, 534758|1622, 534759|1637, 534768|1704, 534774|1727, 534776|1801, 534777|1813, 534779|1835, 534779|1849, 534781|1873, 534782|1898, 534782|1911, 534785|1936, 534786|1949, 534786|1963, 534788|1982, 534790|2011, 534790|2067, 534792|2093, 534792|2126, 534793|2161, 534793|2195, 534795|2217, 534803|2234, 534803|2302, 534804|2338, 534804|2408, 534806|2448, 534806|2544, 534808|2555, 534808|2594, 534810|2609, 534810|2636, 534816|2652, 534817|2665, 534817|2709, 534819|2723, 534819|2890, 534822|2904, 534824|2917, 534824|2928, 534826|2948, 534826|2959, 534828|2982, 534828|3015, 534830|3029, 534830|3085, 534832|3114, 534832|3152, 534833|3171, 534833|3406, 534837|3420, 534837|3480, 534839|3502, 534839|3817, 534841|3829, 534843|3843, 534843|3860, 534845|3872, 534845|4006, com.dropbox.android, 
534875|1, 534875|2936, 534877|3087, 534884|3294, 534886|3344, 534887|3417, 534889|3496, 534889|3517, 534890|3547, 534891|3558, 534892|3574, 534893|3590, 534893|3647, 534894|3675, 534895|3688, 534895|3720, 534896|3734, 534897|3755, 534897|4023, air.com.hypah.io.slither, 
534936|1, 534936|807, 534943|938, 534943|1108, 534946|1264, 534946|1567, 534949|1634, 534949|2809, 534956|2876, 534958|2968, 534962|3053, 534962|3105, 534963|3119, 534963|3145, 534966|3165, 534966|4010, com.scb.breezebanking.hk, 
534968|1, 534968|1874, 534970|1911, 534970|1946, 534974|1956, 534974|1994, 534977|2007, 534980|2019, 534980|2030, 534988|2043, 534990|2054, 534995|2071, 534996|2082, 534996|2093, 534998|2106, 534998|2167, 535006|2178, 535009|2194, 535009|3027, 535012|3039, 535012|4019, com.google.android.music, 
535041|1, 535041|2812, 535044|2826, 535044|3062, 535054|3077, 535054|3647, 535056|3671, 535058|3688, 535061|3715, 535069|3736, 535069|3749, 535074|3762, 535074|3774, 535075|3784, 535079|3799, 535079|3819, 535080|3841, 535080|4011, at.DiTronic.androidgroup.randomgallery, 
535093|1, 535093|922, 535094|962, 535094|976, 535096|1059, 535096|1159, 535097|1189, 535100|1231, 535100|1668, 535103|1867, 535103|1976, 535106|1999, 535106|4010, com.android.vending, 
535108|1, 535108|1981, 535109|2027, 535111|2057, 535111|2334, 535113|2380, 535113|4004, com.sometimeswefly.littlealchemy, 
535115|1, 535115|2894, 535119|3079, 535121|3151, 535121|3237, 535123|3328, 535126|3346, 535126|4006, air.com.hypah.io.slither, 
535144|1, 535144|1729, 535146|1761, 535146|1795, 535147|1847, 535148|1881, 535148|1916, 535150|1948, 535152|1974, 535152|2042, 535157|2066, 535163|2160, 535163|2193, 535164|2212, 535169|2307, 535172|2343, 535174|2388, 535174|2409, 535176|2451, 535182|2513, 535182|2608, 535187|2702, 535195|2753, 535195|2797, 535197|2917, 535199|2985, 535199|3018, 535201|3062, 535205|3237, 535205|3379, 535207|3597, 535209|3708, 535209|3845, 535211|3860, 535211|4010, com.ebay.mobile, 
535236|1, 535236|973, 535240|1114, 535246|1281, 535246|1363, 535247|1389, 535247|4003, org.catrobat.catroid, 
535251|1, 535251|1243, 535253|1277, 535253|1381, 535268|1430, 535273|1461, 535287|1542, 535288|1571, 535289|1597, 535293|1623, 535293|1649, 535295|1667, 535297|1694, 535301|1711, 535305|1727, 535305|2070, 535309|2121, 535317|2161, 535317|2309, 535318|2329, 535320|2347, 535321|2364, 535326|2411, 535327|2429, 535329|2445, 535333|2462, 535335|2485, 535335|2552, 535337|2565, 535337|2592, 535339|2602, 535339|2656, 535341|2669, 535341|2712, 535345|2745, 535347|2782, 535347|2829, 535349|2843, 535350|2857, 535350|2914, 535354|2938, 535356|2960, 535358|2988, 535359|2999, 535360|3017, 535360|3157, 535365|3169, 535365|3184, 535366|3196, 535366|3232, 535368|3248, 535368|3272, 535370|3288, 535370|3304, 535372|3315, 535372|3353, 535374|3370, 535374|3417, 535375|3428, 535375|3441, 535377|3453, 535377|3673, 535379|3685, 535379|3697, 535381|3717, 535381|3733, 535383|3754, 535383|4009, com.dropbox.android, 
535416|1, 535416|780, 535425|1102, 535426|1179, 535426|4001, org.catrobat.catroid, 
535428|1, 535428|1340, 535429|1434, 535429|1522, 535433|1591, 535433|1627, 535445|1684, 535445|1728, 535446|1808, 535447|1836, 535451|1910, 535453|1971, 535453|1998, 535454|2045, 535461|2105, 535461|2192, 535463|2257, 535467|2314, 535471|2370, 535473|2443, 535489|3002, 535489|3132, 535490|3271, 535490|4005, com.ebay.mobile, 
535502|1, 535502|3038, 535505|3049, 535505|3279, 535515|3303, 535515|3700, 535517|3747, 535517|3767, 535518|3805, 535519|3831, 535519|3844, 535521|3855, 535524|3869, 535524|3881, 535528|3900, 535532|3912, 535535|3924, 535535|3935, 535537|3950, 535537|3962, 535541|3974, 535542|3990, 535542|4004, at.DiTronic.androidgroup.randomgallery, 
535548|1, 535548|1143, 535557|1595, 535557|1867, 535559|2167, 535568|2282, 535577|2353, 535580|2400, 535592|2447, 535596|2500, 535599|2571, 535601|2627, 535601|4006, com.android.chrome, 
535613|1, 535613|2855, 535619|3077, 535619|3178, 535620|3242, 535620|3272, 535623|3296, 535623|4006, air.com.hypah.io.slither, 
535644|1, 535644|250, 535646|279, 535646|323, 535649|335, 535649|392, 535654|442, 535654|572, 535663|737, 535663|1064, 535665|1160, 535669|1205, 535669|1270, 535672|1374, 535672|1503, 535673|1558, 535673|4010, org.catrobat.catroid, 
535675|1, 535675|1044, 535676|1088, 535677|1158, 535677|1200, 535678|1211, 535685|1276, 535687|1324, 535710|1398, 535710|1413, 535722|1429, 535724|1480, 535728|1572, 535730|1622, 535733|1653, 535740|1711, 535741|1746, 535742|1778, 535747|1840, 535748|1867, 535749|1903, 535750|1938, 535751|1972, 535752|2006, 535752|2698, 535754|2711, 535754|3006, 535756|3019, 535756|3088, 535757|3108, 535759|3130, 535759|3155, 535761|3178, 535761|3195, 535762|3212, 535765|3228, 535766|3239, 535766|3329, 535768|3345, 535770|3376, 535772|3391, 535772|3413, 535775|3456, 535775|3530, 535777|3546, 535777|3558, 535781|3570, 535781|3581, 535785|3606, 535787|3619, 535787|3729, 535789|3741, 535790|3762, 535790|3773, 535791|3787, 535791|4011, com.dropbox.android, 
535822|1, 535822|2905, 535824|2956, 535824|2982, 535825|2996, 535825|3046, 535826|3059, 535827|3071, 535827|3090, 535832|3104, 535833|3118, 535838|3131, 535840|3144, 535841|3156, 535841|3181, 535842|3192, 535842|3455, 535844|3468, 535845|3481, 535845|3934, 535846|3952, 535846|4005, com.google.android.apps.photos, 
535849|1, 535849|782, 535850|859, 535856|1047, 535856|1138, 535859|1248, 535859|1556, 535862|1692, 535862|2897, 535863|2939, 535870|3074, 535871|3150, 535874|3189, 535874|3293, 535875|3318, 535875|3340, 535878|3359, 535878|4045, com.scb.breezebanking.hk, 
535880|1, 535880|1530, 535889|1694, 535889|2058, 535898|2318, 535903|2333, 535910|2378, 535919|2465, 535923|2509, 535940|2608, 535940|4012, com.android.chrome, 
535950|1, 535950|1099, 535951|1142, 535951|1319, 535953|1330, 535953|1509, 535958|1546, 535958|1596, 535959|1609, 535959|1832, 535961|1842, 535961|2035, 535962|2047, 535962|2297, 535963|2400, 535965|2431, 535971|2481, 535973|2526, 535974|2554, 535974|2839, 535975|2861, 535975|4004, com.Slack, 
535994|1, 535994|937, 535996|1059, 535997|1143, 535997|4010, com.whatsapp, 
535997|1, 535997|4010, com.android.vending, 
535997|1, 535997|2836, 536000|2852, 536000|2882, 536006|2894, 536006|2916, 536010|2927, 536013|2938, 536014|2949, 536014|2970, 536015|2981, 536015|3262, 536018|3276, 536018|3843, 536019|3861, 536019|4008, com.google.android.apps.photos, 
536022|1, 536022|729, 536023|784, 536023|800, 536025|819, 536025|841, 536027|858, 536031|878, 536033|907, 536036|925, 536036|1031, 536042|1046, 536042|1057, 536043|1073, 536043|1145, 536044|1156, 536044|1361, 536046|1376, 536046|1560, 536047|1570, 536047|1968, 536048|2009, 536048|2043, 536050|2054, 536050|2072, 536055|2093, 536055|2172, 536057|2191, 536058|2221, 536058|2774, 536059|2801, 536059|4006, com.Slack, 
536065|1, 536065|951, 536067|1057, 536072|1135, 536074|1157, 536075|1178, 536075|1268, 536076|1278, 536077|1290, 536077|1422, 536083|1433, 536083|1454, 536084|1466, 536084|1479, 536085|1489, 536085|1629, 536087|1645, 536087|1828, 536088|1846, 536088|2304, 536090|2323, 536090|2348, 536095|2397, 536098|2538, 536098|2643, 536099|2686, 536099|4004, com.Slack, 
536105|1, 536105|2440, 536113|2778, 536113|3089, 536115|3144, 536115|3227, 536117|3251, 536120|3262, 536120|3402, 536121|3422, 536126|3482, 536126|3543, 536129|3565, 536129|4022, air.com.hypah.io.slither, 
536133|1, 536133|400, 536134|424, 536134|531, 536136|544, 536136|573, 536140|598, 536144|630, 536144|703, 536147|722, 536147|847, 536151|906, 536151|978, 536152|1056, 536153|1093, 536153|1191, 536154|1207, 536160|1244, 536160|1440, 536163|1553, 536178|1653, 536189|1725, 536196|1786, 536198|1831, 536201|1861, 536201|1888, 536208|1934, 536224|2054, 536227|2066, 536227|2076, 536231|2094, 536235|2127, 536238|2166, 536242|2244, 536242|2331, 536243|2351, 536243|2368, 536247|2397, 536252|2437, 536252|2473, 536256|2523, 536256|2561, 536258|2584, 536259|2627, 536261|2643, 536261|2673, 536262|2686, 536262|2724, 536263|2754, 536264|2766, 536264|2808, 536266|2819, 536266|2865, 536268|2878, 536268|2891, 536270|2931, 536275|2961, 536277|2976, 536277|3251, 536284|3268, 536284|3316, 536288|3335, 536288|3550, 536289|3564, 536289|3652, 536293|3671, 536294|3683, 536295|3694, 536295|4001, com.dropbox.android, 
536335|1, 536335|2814, 536341|2980, 536341|3109, 536345|3158, 536345|4017, air.com.hypah.io.slither, 
536362|1, 536362|1107, 536370|1214, 536370|1258, 536373|1307, 536373|1327, 536375|1338, 536375|1441, 536376|1450, 536381|1464, 536381|1521, 536382|1534, 536382|1662, 536384|1673, 536384|1871, 536385|1880, 536385|2318, 536393|2391, 536393|2531, 536395|2557, 536396|2577, 536396|3302, 536397|3337, 536397|4003, com.Slack, 
536403|1, 536403|1006, 536406|1084, 536414|1152, 536420|1182, 536420|1205, 536430|1332, 536432|1364, 536436|1421, 536458|1541, 536464|1599, 536469|1753, 536469|1805, 536476|1895, 536478|1933, 536478|1969, 536479|1987, 536483|2031, 536485|2072, 536485|2157, 536487|2170, 536490|2196, 536490|2277, 536492|2297, 536492|2318, 536493|2334, 536493|2390, 536496|2404, 536496|2441, 536497|2453, 536498|2466, 536498|2500, 536500|2511, 536501|2524, 536503|2538, 536503|2581, 536505|2594, 536505|2807, 536512|2824, 536514|2861, 536515|2885, 536516|2907, 536516|3117, 536517|3132, 536517|4010, com.dropbox.android, 
536545|1, 536545|2921, 536548|2937, 536548|3081, 536558|3097, 536558|3671, 536559|3719, 536561|3741, 536561|3752, 536563|3772, 536566|3795, 536566|3806, 536570|3818, 536579|3845, 536579|3863, 536580|3874, 536584|3888, 536585|3914, 536585|4004, at.DiTronic.androidgroup.randomgallery, 
536593|1, 536593|2534, 536594|2568, 536594|3046, 536596|3073, 536604|3181, 536610|3257, 536610|3334, 536611|3357, 536611|3552, 536612|3573, 536612|3593, 536616|3618, 536616|4001, com.google.android.apps.photos, 
536619|1, 536619|948, 536620|1042, 536620|4005, com.whatsapp, 
536620|1, 536620|1103, 536622|1177, 536627|1253, 536627|1292, 536629|1336, 536630|1393, 536630|1490, 536631|1556, 536631|4003, org.catrobat.catroid, 
536633|1, 536633|2864, 536636|2890, 536636|3018, 536641|3030, 536647|3045, 536647|3511, 536648|3574, 536649|3605, 536651|3620, 536653|3632, 536653|3644, 536656|3667, 536666|3687, 536666|3697, 536670|3709, 536670|3736, 536674|3757, 536674|4013, at.DiTronic.androidgroup.randomgallery, 
536684|1, 536684|4001, com.android.vending, 
536686|1, 536686|738, 536687|792, 536693|957, 536693|1233, 536695|1508, 536696|1579, 536696|2002, 536701|2188, 536701|3232, 536710|3326, 536711|3375, 536711|3394, 536712|3439, 536715|3502, 536715|3555, 536716|3575, 536719|3614, 536719|4001, com.scb.breezebanking.hk, 
536721|1, 536721|819, 536723|951, 536724|1050, 536724|1075, 536728|1099, 536728|1126, 536735|1158, 536736|1170, 536737|1182, 536737|1215, 536740|1231, 536742|1244, 536742|1255, 536743|1266, 536743|1311, 536744|1325, 536744|1369, 536745|1380, 536746|1392, 536746|1532, 536747|1543, 536747|2260, 536748|2358, 536748|2376, 536750|2389, 536750|2413, 536755|2424, 536755|2526, 536757|2539, 536757|2556, 536758|2594, 536758|3070, 536759|3093, 536759|4010, com.Slack, 
536765|1, 536765|3317, 536771|3393, 536771|3428, 536773|3465, 536776|3488, 536776|3544, 536778|3606, 536778|3619, 536780|3668, 536782|3693, 536782|3727, 536783|3752, 536783|3785, 536785|3806, 536786|3846, 536787|3865, 536787|4004, air.com.hypah.io.slither, 
536827|1, 536827|1656, 536830|1759, 536833|1816, 536833|1866, 536841|1958, 536842|1978, 536842|2389, 536845|2429, 536845|3683, 536847|3732, 536848|3758, 536849|3769, 536849|3805, 536851|3819, 536851|3844, 536852|3856, 536854|3867, 536859|3879, 536859|3891, 536862|3904, 536862|3929, 536863|3940, 536866|3953, 536866|3964, 536869|3986, 536869|4012, com.google.android.apps.docs, 
536873|1, 536873|1318, 536875|1397, 536886|1532, 536887|1634, 536887|1890, 536890|1922, 536890|3119, 536892|3188, 536897|3250, 536902|3275, 536905|3301, 536906|3329, 536909|3340, 536909|3391, 536912|3404, 536912|4003, com.google.android.apps.docs, 
536916|1, 536916|745, 536917|797, 536919|862, 536924|996, 536927|1115, 536927|1520, 536930|1592, 536930|2768, 536931|2834, 536933|2860, 536933|2886, 536938|2902, 536939|2925, 536939|2969, 536940|2999, 536943|3046, 536943|3085, 536944|3098, 536944|3112, 536947|3136, 536947|4018, com.scb.breezebanking.hk, 
536949|1, 536949|1785, 536951|1848, 536953|1862, 536953|1902, 536957|1913, 536957|1948, 536963|1960, 536963|1971, 536964|1982, 536965|1994, 536973|2006, 536973|2197, 536976|2213, 536978|2226, 536978|2275, 536980|2285, 536984|2297, 536984|2423, 536990|2434, 536991|2456, 536991|3608, 536993|3630, 536994|3662, 536994|4063, com.google.android.music, 
537019|1, 537019|950, 537026|1166, 537029|1204, 537029|1329, 537030|1395, 537030|4003, org.catrobat.catroid, 
537032|1, 537032|762, 537037|887, 537040|941, 537040|1014, 537041|1088, 537041|4006, org.catrobat.catroid, 
537045|1, 537045|4008, com.android.vending, 
537045|1, 537045|884, 537050|969, 537053|1065, 537053|1243, 537054|1327, 537054|4005, org.catrobat.catroid, 
537056|1, 537056|793, 537057|863, 537059|904, 537062|1083, 537062|1163, 537065|1251, 537065|1619, 537066|1631, 537067|1643, 537068|1676, 537068|2420, 537069|2437, 537069|2467, 537071|2485, 537075|2502, 537075|2521, 537076|2534, 537076|2550, 537077|2573, 537077|2599, 537079|2619, 537079|2716, 537080|2791, 537080|2824, 537083|3031, 537083|4009, com.scb.breezebanking.hk, 
537085|1, 537085|2764, 537086|2786, 537086|2897, 537088|2917, 537088|2969, 537089|2980, 537090|3004, 537096|3051, 537101|3070, 537104|3083, 537104|3107, 537105|3121, 537105|3465, 537108|3476, 537108|3775, 537109|3791, 537109|4010, com.google.android.apps.photos, 
537112|1, 537112|2258, 537113|2282, 537114|2325, 537116|2347, 537116|2545, 537118|2598, 537118|4006, com.sometimeswefly.littlealchemy, 
537120|1, 537120|1950, 537121|1962, 537121|1976, 537127|2088, 537127|2142, 537129|2226, 537130|2283, 537130|2310, 537131|2321, 537131|2393, 537133|2446, 537133|2645, 537135|2669, 537135|4039, com.sometimeswefly.littlealchemy, 
537137|1, 537137|2082, 537138|2175, 537138|2892, 537139|2907, 537140|2941, 537145|2953, 537146|2980, 537151|2991, 537151|3001, 537152|3015, 537153|3031, 537153|3043, 537154|3058, 537154|3143, 537155|3154, 537155|3371, 537159|3389, 537159|4004, com.google.android.apps.photos, 
537162|1, 537162|1049, 537163|1106, 537163|4004, com.whatsapp, 
537163|1, 537163|1279, 537164|1367, 537164|1410, 537165|1445, 537169|1519, 537178|1675, 537178|1859, 537181|1904, 537181|3035, 537183|3096, 537186|3139, 537191|3173, 537191|3185, 537196|3202, 537196|3217, 537197|3229, 537199|3245, 537199|3526, 537202|3537, 537202|4010, com.google.android.apps.docs, 
537206|1, 537206|1452, 537215|1596, 537215|2150, 537219|2426, 537236|2559, 537250|2659, 537253|2729, 537257|2809, 537257|2855, 537259|2878, 537259|4009, com.android.chrome, 
537269|1, 537269|1199, 537274|1384, 537274|1934, 537276|1992, 537285|2054, 537292|2108, 537308|2239, 537326|2336, 537326|4011, com.android.chrome, 
537332|1, 537332|713, 537333|840, 537333|4012, com.whatsapp, 
