622538105|1, 622538105|1301, 622538241|1380, 622538343|1496, 622538343|1609, 622538427|1691, 622538427|1884, 622541701|1968, 622541943|2040, 622541943|2068, 622541983|2090, 622541983|2209, 622542198|2279, 622542198|2393, 622546937|2505, 622547278|2619, 622547278|2715, 622547449|2874, 622547449|3037, 622549008|3232, 622549556|3367, 622549813|3491, 622549813|3534, 622549897|3566, 622549897|3730, 622559302|3778, 622559342|4011, com.ebay.mobile, 
622575143|1, 622575143|787, 622575277|866, 622575399|892, 622575782|941, 622579476|1045, 622579766|1067, 622579766|1090, 622580906|1239, 622586938|1508, 622586938|1543, 622587183|1610, 622587183|2055, 622587223|2069, 622587223|2281, 622587378|2293, 622587378|2598, 622587895|2651, 622587895|2903, 622588360|2942, 622588360|3092, 622588645|3127, 622588645|3709, 622589026|3719, 622589026|4008, com.sololearn.cplusplus, 
622589289|1, 622589289|269, 622589431|286, 622589561|306, 622589561|335, 622589605|354, 622589645|386, 622593498|408, 622593538|427, 622593578|448, 622593923|474, 622593923|491, 622594379|510, 622594379|4002, com.ted.android.conference, 
622600088|1, 622600088|1294, 622600217|1329, 622600334|1378, 622600334|1410, 622600378|1434, 622600378|1482, 622600418|1497, 622600418|1521, 622604597|1544, 622608749|1609, 622608789|1637, 622613277|1746, 622621537|1785, 622625685|1838, 622625685|1890, 622625729|1903, 622625853|1919, 622625853|1933, 622629921|1948, 622634029|1989, 622634029|2003, 622634069|2037, 622634320|2066, 622634411|2086, 622635302|2218, 622635604|2331, 622636223|2387, 622637650|2442, 622639718|2696, 622639718|2760, 622639991|2854, 622640031|2889, 622640031|3144, 622640694|3158, 622640694|3343, 622644749|3357, 622644789|3368, 622644829|3379, 622644829|3656, 622645143|3670, 622645143|3901, 622645802|3940, 622645842|3956, 622645842|4005, com.dropbox.android, 
622652695|1, 622652695|907, 622652861|936, 622652861|1089, 622652905|1163, 622652945|1203, 622653113|1296, 622656169|1352, 622656169|1429, 622665844|1487, 622686264|1607, 622686264|2134, 622686344|2196, 622686595|2216, 622687024|2229, 622687155|2265, 622687195|2288, 622687235|2309, 622687315|2334, 622687315|2387, 622687799|2404, 622687799|2416, 622687839|2427, 622687839|2473, 622688418|2488, 622689048|2523, 622689048|2540, 622690546|2560, 622690546|2686, 622691312|2698, 622691312|2714, 622692139|2753, 622692179|2772, 622692775|2789, 622692859|2808, 622694618|2829, 622694618|2867, 622694658|2890, 622694658|2999, 622698753|3020, 622698833|3048, 622698833|3080, 622700415|3103, 622700495|3117, 622700495|3176, 622701343|3186, 622701343|3226, 622701657|3237, 622701657|3453, 622703848|3467, 622703848|3480, 622703928|3508, 622703928|3864, 622705540|3880, 622705540|3893, 622705620|3905, 622705620|4011, com.dropbox.android, 
622709872|1, 622709872|2424, 622709984|2441, 622709984|2705, 622710112|2722, 622710112|2938, 622710196|2949, 622710196|3143, 622710403|3157, 622710403|3345, 622710487|3357, 622710487|3553, 622714879|3566, 622714879|3758, 622715092|3773, 622715092|3949, 622715207|3977, 622715207|4001, com.bankofamerica.cashpromobile, 
622716472|1, 622716472|1950, 622717909|1967, 622717909|1981, 622717967|1996, 622717967|2055, 622718568|2066, 622718568|4007, com.android.chrome, 
622718686|1, 622718686|635, 622718820|665, 622718942|693, 622723093|850, 622723093|892, 622730141|1138, 622730141|1276, 622730386|1294, 622730386|1350, 622730426|1447, 622730426|1687, 622730581|1730, 622730581|1994, 622731058|2005, 622731098|2034, 622731098|2296, 622731563|2318, 622731563|2604, 622731848|2642, 622731848|3115, 622732229|3134, 622732229|4006, com.sololearn.cplusplus, 
622732492|1, 622732492|4006, com.google.android.gm, 
622732492|1, 622732492|2292, 622732638|2302, 622732638|2312, 622732750|2339, 622732750|2361, 622732834|2372, 622732834|2384, 622733093|2408, 622733093|2525, 622734192|2560, 622734192|2628, 622734323|2647, 622734602|2658, 622734602|2692, 622734690|2708, 622734770|2727, 622734770|2739, 622738550|2755, 622742330|2771, 622742370|2797, 622743042|2816, 622743732|2845, 622743732|2859, 622743888|2873, 622743888|2888, 622750042|2912, 622757386|2932, 622757386|3179, 622757513|3218, 622757513|3230, 622757788|3240, 622757788|3276, 622757872|3288, 622757872|3317, 622761637|3328, 622761637|3350, 622761677|3360, 622761677|3379, 622761760|3394, 622762240|3409, 622762240|3604, 622762965|3614, 622762965|3699, 622764718|3717, 622764718|4145, com.google.android.music, 
622773318|1, 622773318|1893, 622773446|1940, 622773446|2082, 622773530|2104, 622773530|2284, 622773737|2297, 622773737|2483, 622773821|2496, 622773821|2696, 622778426|2708, 622778426|2904, 622778541|2924, 622778541|2934, 622778581|2944, 622778581|3104, 622779234|3122, 622779234|3926, 622779503|3949, 622779587|3978, 622779587|4003, com.bankofamerica.cashpromobile, 
622789222|1, 622789222|2409, 622789306|2418, 622789306|2440, 622793058|2458, 622793058|2471, 622793178|2493, 622793178|2502, 622793517|2515, 622793517|2856, 622794458|2896, 622794458|4003, com.google.android.keep, 
622794538|1, 622794538|4008, com.ted.android.conference, 
622794538|1, 622794538|1332, 622794672|1359, 622794794|1371, 622798492|1478, 622798862|1534, 622798862|1643, 622799954|1656, 622799954|4009, org.catrobat.catroid, 
622800057|1, 622800057|1104, 622800186|1157, 622800303|1175, 622800303|1222, 622800435|1264, 622804986|1350, 622817350|1384, 622817518|1411, 622817518|1435, 622825734|1453, 622829970|1539, 622829970|1554, 622834118|1574, 622834118|1621, 622834329|1656, 622834551|1690, 622834631|1753, 622834671|1825, 622834802|1879, 622834842|1951, 622837092|2007, 622837223|2053, 622837303|2078, 622837434|2106, 622837434|2143, 622838272|2157, 622838312|2172, 622838352|2182, 622838650|2229, 622838650|2350, 622839246|2362, 622839246|2374, 622840055|2393, 622841195|2408, 622841235|2423, 622842774|2442, 622842774|2454, 622843473|2474, 622843473|2492, 622843617|2539, 622843617|2768, 622845826|2794, 622846654|2810, 622846654|2827, 622846694|2838, 622846734|2856, 622846734|2968, 622850829|2979, 622850829|2992, 622850869|3002, 622850909|3019, 622850909|3050, 622851575|3061, 622851575|3189, 622853502|3211, 622853502|3232, 622853582|3250, 622853582|3560, 622854394|3571, 622854394|3593, 622855180|3605, 622855260|3615, 622855260|4007, com.dropbox.android, 
622861193|1, 622861193|1026, 622861637|1248, 622862077|1400, 622862077|2201, 622866390|2372, 622868746|2462, 622869068|2571, 622869068|2620, 622874798|2694, 622876007|2799, 622876007|4008, com.android.chrome, 
622876167|1, 622876167|4007, at.DiTronic.androidgroup.randomgallery, 
622900789|1, 622900789|849, 622901271|1000, 622904683|1083, 622905013|1184, 622905013|1436, 622905809|1461, 622905872|1495, 622905872|3138, 622905944|3179, 622906028|3223, 622910401|3337, 622910441|3375, 622912278|3445, 622912278|3509, 622912318|3521, 622912318|3569, 622914027|3599, 622914027|4003, com.scb.breezebanking.hk, 
622914160|1, 622914160|1197, 622914443|1472, 622919004|1646, 622919004|2506, 622919088|2534, 622922995|2557, 622925103|2602, 622925511|2657, 622925511|2825, 622927064|2956, 622927705|3030, 622927705|3827, 622927745|3858, 622928201|3884, 622928201|4011, com.android.chrome, 
622929001|1, 622929001|1062, 622929041|1131, 622929081|1284, 622929081|1309, 622929121|1385, 622929121|2181, 622929165|2193, 622929205|2206, 622929205|2225, 622932957|2234, 622932957|2253, 622933077|2263, 622933077|2286, 622933416|2296, 622933416|2489, 622934301|2508, 622934301|4008, com.google.android.keep, 
622934501|1, 622934501|3184, 622934640|3197, 622934767|3210, 622934767|3255, 622934811|3271, 622934851|3290, 622934851|3322, 622941544|3336, 622941544|3394, 622941584|3420, 622941584|3460, 622941784|3491, 622941784|3514, 622942280|3526, 622942280|3566, 622942369|3578, 622942369|3609, 622942409|3621, 622942449|3635, 622942449|3661, 622942519|3672, 622942519|4019, com.google.android.apps.photos, 
622945117|1, 622945117|1803, 622945227|1879, 622945409|1947, 622949808|2059, 622950008|2181, 622950008|2221, 622950847|2260, 622950847|2442, 622950966|2483, 622951145|2574, 622951911|2755, 622951911|3550, 622951951|3585, 622951951|3629, 622952267|3658, 622952267|4009, com.sometimeswefly.littlealchemy, 
622952427|1, 622952427|2219, 622952511|2252, 622952511|2568, 622953277|2583, 622953277|3905, 622953317|3919, 622953317|4002, com.sometimeswefly.littlealchemy, 
622953477|1, 622953477|1952, 622954393|2044, 622954561|2093, 622954561|2124, 622962121|2135, 622962121|2146, 622962161|2164, 622962521|2179, 622963022|2192, 622963523|2202, 622963523|2212, 622963601|2223, 622963679|2234, 622963679|2282, 622977179|2309, 622977179|3178, 622978839|3193, 622978839|4034, com.google.android.music, 
622984273|1, 622984273|1790, 622984399|1806, 622984399|1840, 622984443|1850, 622984483|1864, 622984483|1873, 622985941|1883, 622988275|1898, 622988275|1912, 622988614|1930, 622988694|1945, 622988694|2304, 622989693|2321, 622989693|4005, com.google.android.keep, 
622989773|1, 622989773|1739, 622989901|1782, 622989901|1965, 622989985|1977, 622989985|2109, 622990236|2119, 622990236|2256, 622990320|2268, 622990320|2421, 622994712|2433, 622994712|2623, 622994925|2636, 622994925|2832, 622995040|2843, 622995040|2854, 622995080|2865, 622995080|3037, 622995733|3048, 622995733|3785, 622996002|3819, 622996086|3893, 623000456|4057, com.bankofamerica.cashpromobile, 
623006001|1, 623006001|3038, 623006041|3049, 623006041|4001, com.ted.android.conference, 
623006081|1, 623006081|730, 623006260|892, 623006432|968, 623006432|1009, 623006772|1094, 623006816|1130, 623006856|1151, 623013688|1218, 623013978|1233, 623013978|1364, 623015184|1374, 623015184|1935, 623015304|1960, 623015304|2076, 623017195|2139, 623017195|2258, 623017279|2386, 623017279|2497, 623023348|2519, 623023388|2555, 623023388|2697, 623023519|2708, 623023519|2898, 623024862|2915, 623024862|2964, 623025073|2998, 623025330|3018, 623025330|3086, 623025414|3181, 623025454|3222, 623025454|3280, 623031523|3293, 623031523|3314, 623031563|3341, 623032844|3358, 623032844|3369, 623032884|3387, 623032884|3456, 623033015|3489, 623033015|3536, 623034300|3574, 623034509|3609, 623034509|4004, com.mxtech.videoplayer.ad, 
623035773|1, 623035773|635, 623035865|687, 623036068|700, 623039681|735, 623039681|871, 623040135|1009, 623041191|1069, 623042719|1093, 623047223|1199, 623047223|1296, 623047468|1463, 623047508|1496, 623047508|1692, 623047663|1706, 623047663|2002, 623048140|2013, 623048140|2025, 623048180|2042, 623048180|2304, 623048605|2339, 623048645|2371, 623048645|2623, 623048930|2639, 623048930|3231, 623049311|3243, 623049311|4001, com.sololearn.cplusplus, 
623049654|1, 623049654|4008, com.ted.android.conference, 
623049654|1, 623049654|1286, 623049911|1354, 623049911|1415, 623050103|1449, 623050103|1484, 623050187|1513, 623050187|1542, 623050271|1579, 623050271|1604, 623056340|1640, 623060936|1701, 623060936|1787, 623061016|1846, 623061016|1874, 623061100|1899, 623061438|1943, 623061529|1990, 623061653|2024, 623061653|2062, 623065921|2146, 623065921|2171, 623069167|2207, 623069167|2229, 623069980|2279, 623070020|2321, 623070020|2394, 623070060|2427, 623070833|2458, 623070873|2499, 623071044|2533, 623071135|2605, 623072068|2672, 623072068|2732, 623077329|2966, 623077329|3010, 623078102|3040, 623078589|3134, 623082342|3181, 623082502|3202, 623083597|3234, 623083597|3401, 623084370|3437, 623084410|3457, 623084410|3479, 623088862|3495, 623094243|3519, 623094243|3555, 623095016|3582, 623095016|4011, com.ebay.mobile, 
623095478|1, 623095478|1730, 623095562|1742, 623095562|1766, 623099314|1782, 623099434|1807, 623099434|1827, 623099773|1838, 623099773|2150, 623100695|2161, 623100695|4002, com.google.android.keep, 
623100775|1, 623100775|1042, 623101475|1332, 623101475|1937, 623101562|2049, 623101646|2084, 623105713|2143, 623108070|2248, 623108070|2301, 623109565|2368, 623109623|2412, 623110225|2438, 623110225|4005, com.android.chrome, 
623110305|1, 623110305|4011, at.DiTronic.androidgroup.randomgallery, 
623134880|1, 623134880|545, 623135136|611, 623135220|641, 623138878|762, 623139288|902, 623139288|935, 623146376|978, 623146376|1150, 623146661|1250, 623146661|1465, 623146816|1491, 623146816|1790, 623147293|1810, 623147333|1822, 623147333|2098, 623147798|2113, 623147798|2280, 623148043|2308, 623148083|2333, 623148083|2913, 623148464|2926, 623148464|4016, com.sololearn.cplusplus, 
623148727|1, 623148727|862, 623148857|908, 623148857|940, 623148941|964, 623148941|983, 623152794|1001, 623152794|1021, 623152874|1041, 623153219|1054, 623153219|1094, 623153675|1109, 623153675|1189, 623153715|1205, 623153715|1231, 623154171|1251, 623154171|4015, com.ted.android.conference, 
623154171|1, 623154171|816, 623154255|844, 623158032|893, 623158322|914, 623158322|948, 623161460|1004, 623161460|1058, 623162666|1098, 623162666|1815, 623162786|1849, 623162786|2082, 623164081|2139, 623164185|2171, 623164185|3218, 623164298|3266, 623164298|3305, 623164382|3318, 623164382|3339, 623169577|3358, 623169577|3376, 623169617|3396, 623169617|3471, 623169657|3485, 623169657|3498, 623169788|3520, 623174565|3561, 623178398|3589, 623178438|3609, 623178438|3621, 623178844|3632, 623178844|3658, 623184039|3668, 623184079|3682, 623184079|3705, 623184250|3719, 623185530|3735, 623185530|3751, 623185773|3762, 623185813|3785, 623185813|3801, 623186096|3816, 623186096|3849, 623186339|3861, 623186379|3878, 623186379|3900, 623186622|3914, 623186622|4002, com.mxtech.videoplayer.ad, 
623187683|1, 623187683|635, 623187817|703, 623187817|746, 623191755|904, 623192125|1002, 623192125|1110, 623193265|1139, 623193265|1406, 623199337|1419, 623199337|2005, 623199582|2016, 623199582|2045, 623199622|2057, 623199622|2625, 623199777|2725, 623199777|2942, 623200254|2958, 623200294|2976, 623200294|3181, 623200759|3197, 623200759|3424, 623201044|3435, 623201044|4007, com.sololearn.cplusplus, 
623201688|1, 623201688|3591, 623201972|3684, 623202504|3789, 623202504|3817, 623202544|3834, 623204244|3975, 623204244|4003, air.com.hypah.io.slither, 
623218572|1, 623218572|2900, 623218692|2923, 623218692|3136, 623233281|3152, 623233281|3546, 623233365|3557, 623233365|3591, 623237674|3618, 623238163|3629, 623238163|3655, 623238532|3669, 623238532|3826, 623238701|3859, 623238869|3877, 623239168|3920, 623239252|3943, 623242949|3970, 623243029|3989, 623243029|4001, at.DiTronic.androidgroup.randomgallery, 
623245031|1, 623245031|727, 623245253|903, 623248665|997, 623248665|1063, 623249035|1240, 623249035|1639, 623249791|1724, 623249894|1847, 623249894|3222, 623254077|3328, 623254423|3435, 623254463|3468, 623256300|3509, 623256300|3593, 623256340|3620, 623258049|3656, 623258049|4016, com.scb.breezebanking.hk, 
623258262|1, 623258262|4009, com.ted.android.conference, 
623258262|1, 623258262|2207, 623258302|2222, 623258302|4010, com.ted.android.conference, 
623258342|1, 623258342|4006, com.android.vending, 
623260102|1, 623260102|1037, 623260302|1110, 623260302|1184, 623260786|1281, 623260786|4001, com.whatsapp, 
623261226|1, 623261226|1817, 623261354|1856, 623261354|2032, 623261438|2042, 623261438|2165, 623261689|2187, 623261689|2371, 623261773|2382, 623261773|2582, 623266165|2594, 623266165|2786, 623266954|2797, 623266954|2993, 623267069|3013, 623267069|3033, 623267109|3056, 623267109|3191, 623267762|3206, 623267762|3915, 623268031|3938, 623268031|3957, 623268115|3994, 623268115|4020, com.bankofamerica.cashpromobile, 
623278270|1, 623278270|2083, 623278354|2098, 623278354|2283, 623278561|2294, 623278561|2492, 623278645|2504, 623278645|2694, 623283826|2705, 623283826|2898, 623283941|2920, 623283941|2932, 623283981|2943, 623283981|3108, 623284634|3130, 623284634|3720, 623284718|3768, 623284718|3927, 623289048|3972, 623289088|4000, 623289088|4021, com.bankofamerica.cashpromobile, 
623295862|1, 623295862|704, 623295938|791, 623295938|3683, 623296138|3694, 623296138|4007, com.whatsapp, 
623296378|1, 623296378|2223, 623296462|2289, 623296462|2572, 623297228|2641, 623297228|4021, com.sometimeswefly.littlealchemy, 
623297308|1, 623297308|4005, com.google.android.gm, 
623297308|1, 623297308|1049, 623297566|1165, 623297566|1227, 623297694|1267, 623301986|1311, 623301986|1346, 623306239|1396, 623306239|1432, 623306399|1505, 623306794|1535, 623307149|1556, 623307149|1638, 623308292|1659, 623308292|1944, 623314397|1971, 623314397|2256, 623314557|2411, 623318892|2583, 623338767|2688, 623338767|2874, 623339282|2921, 623339717|2956, 623339717|2971, 623339797|3020, 623339797|3074, 623343028|3129, 623346054|3173, 623351987|3204, 623360607|3285, 623360607|3942, 623360735|3983, 623360851|4022, com.android.vending, 
623384324|1, 623384324|107, 623384364|119, 623384364|1936, 623384408|1948, 623384408|1961, 623384448|1976, 623384448|1997, 623384707|2008, 623384707|2122, 623385943|2134, 623385943|2240, 623386027|2308, 623389863|2329, 623393695|2389, 623413531|2498, 623434063|2527, 623443333|2558, 623443333|2803, 623444214|2817, 623444214|3048, 623444298|3058, 623444298|3084, 623444877|3095, 623444877|3125, 623445077|3137, 623445077|3184, 623446631|3205, 623446631|4002, com.google.android.keep, 
623447487|1, 623447487|1728, 623451435|1808, 623455215|1843, 623455255|1861, 623455495|1880, 623456036|1900, 623456537|1916, 623456537|1928, 623456693|1939, 623456693|2019, 623470151|2030, 623470151|2041, 623470191|2066, 623470191|2916, 623471788|2946, 623471930|4043, com.google.android.music, 
623497665|1, 623497665|815, 623498005|904, 623498089|949, 623504842|1014, 623505212|1083, 623505212|1205, 623506418|1217, 623506418|1808, 623506538|1832, 623506538|1954, 623507937|2116, 623508194|2169, 623508194|2220, 623508278|2282, 623508278|2480, 623514387|2491, 623514387|2504, 623514427|2516, 623514427|2677, 623514518|2689, 623514558|2702, 623514558|2890, 623514767|2902, 623514767|3022, 623514924|3090, 623515004|3126, 623515004|3139, 623520199|3157, 623520199|3203, 623520239|3224, 623520239|3238, 623520330|3250, 623521650|3278, 623521650|3290, 623525060|3308, 623525060|3350, 623525174|3394, 623525258|3418, 623525258|3443, 623530413|3457, 623531692|3479, 623531732|3490, 623531732|3512, 623531903|3526, 623531903|3554, 623532186|3571, 623532186|3608, 623532469|3621, 623532469|3733, 623532712|3746, 623532752|3762, 623532752|3864, 623532995|3882, 623532995|4004, com.mxtech.videoplayer.ad, 
623533751|1, 623533751|761, 623537385|915, 623537755|992, 623537755|1326, 623538511|1453, 623538694|1528, 623538694|2690, 623538850|2760, 623542957|2792, 623543263|2826, 623543303|2847, 623545140|2898, 623545140|3005, 623545180|3026, 623545180|3047, 623546889|3073, 623546889|4012, com.scb.breezebanking.hk, 
623547022|1, 623547022|785, 623547144|827, 623547312|878, 623550927|916, 623551007|969, 623554435|1018, 623554435|1110, 623555641|1126, 623555641|1729, 623555761|1769, 623555761|1896, 623557526|1945, 623557526|2152, 623557610|2195, 623557610|2383, 623563679|2393, 623563679|2448, 623563719|2460, 623563719|2589, 623563850|2603, 623563850|2813, 623564059|2833, 623564059|2929, 623564172|2985, 623564256|3065, 623569451|3090, 623569451|3199, 623570772|3246, 623570863|3277, 623570903|3303, 623570903|3338, 623574357|3365, 623574397|3388, 623579552|3400, 623579592|3416, 623579592|3430, 623579683|3440, 623579723|3455, 623579723|3469, 623579966|3489, 623579966|3529, 623581326|3550, 623581326|3574, 623581569|3585, 623581569|3598, 623581649|3613, 623581649|3639, 623581892|3650, 623581932|3661, 623581932|3683, 623582175|3695, 623582175|4009, com.mxtech.videoplayer.ad, 
623582771|1, 623582771|2234, 623582855|2343, 623582855|2574, 623583621|2587, 623583621|4004, com.sometimeswefly.littlealchemy, 
623583701|1, 623583701|1301, 623583785|1313, 623583785|1501, 623589854|1517, 623589854|1580, 623589894|1597, 623589894|1734, 623590025|1745, 623590025|1865, 623590234|1882, 623590234|2446, 623590309|2509, 623590393|2550, 623590393|2571, 623594974|2621, 623595054|2686, 623595336|2721, 623595336|2920, 623596022|2948, 623596022|4007, com.Slack, 
623596501|1, 623596501|1268, 623596795|1414, 623596795|1515, 623596923|1548, 623596963|1600, 623604681|1750, 623604793|1879, 623604873|1930, 623604873|2041, 623605295|2067, 623605470|2088, 623605470|2112, 623605510|2166, 623606283|2222, 623614176|2381, 623615029|2551, 623616013|2663, 623616013|2861, 623617741|2885, 623617741|3025, 623620664|3155, 623620664|4022, com.ebay.mobile, 
623626638|1, 623626638|1370, 623626806|1444, 623626806|1477, 623626890|1528, 623637443|1613, 623637443|1659, 623640769|1812, 623641107|1879, 623641187|1919, 623641271|1967, 623642135|2030, 623642386|2063, 623642426|2111, 623646694|2234, 623649667|2279, 623649667|2336, 623650611|2470, 623652125|2620, 623652205|2723, 623652205|2839, 623653529|2876, 623653529|4006, com.ebay.mobile, 
623655083|1, 623655083|4003, com.android.vending, 
623655083|1, 623655083|4008, com.android.vending, 
623655083|1, 623655083|806, 623655483|906, 623655651|941, 623655651|957, 623660494|972, 623660494|1006, 623660574|1022, 623660574|1041, 623665863|1075, 623665863|1100, 623666145|1118, 623666145|1182, 623673742|1206, 623673742|1240, 623674856|1264, 623674856|1314, 623674947|1329, 623674987|1341, 623674987|1494, 623675196|1505, 623675196|2111, 623675280|2164, 623675280|2179, 623679861|2205, 623679861|2301, 623679941|2311, 623679941|2325, 623680223|2338, 623680223|2618, 623680909|2630, 623680909|4009, com.Slack, 
623681260|1, 623681260|706, 623681705|777, 623681911|849, 623685609|930, 623685979|1012, 623689117|1039, 623689117|1103, 623690323|1117, 623690323|1689, 623690443|1722, 623690443|1765, 623691187|1830, 623691738|1925, 623691738|2128, 623691852|2165, 623691852|2192, 623697091|2243, 623697131|2254, 623697131|2276, 623697262|2288, 623697262|2314, 623697589|2325, 623697589|2446, 623703698|2468, 623703698|2491, 623703738|2502, 623703738|2624, 623703869|2638, 623703869|2804, 623704118|2833, 623704118|2882, 623704202|2915, 623704202|2939, 623709397|2969, 623709397|2982, 623710768|2993, 623710768|3051, 623710848|3068, 623710848|3093, 623714218|3111, 623714218|3122, 623714298|3134, 623714298|3162, 623714541|3179, 623714541|3210, 623715902|3221, 623715902|3254, 623716145|3267, 623716225|3281, 623716225|3309, 623716468|3328, 623716468|4004, com.mxtech.videoplayer.ad, 
623717144|1, 623717144|4016, com.ted.android.conference, 
623717144|1, 623717144|1734, 623717624|1802, 623717708|1864, 623721454|1939, 623722070|2124, 623722110|2152, 623722110|2182, 623722188|2200, 623722188|2767, 623723105|2797, 623723105|3317, 623723351|3395, 623723435|3510, 623727680|3570, 623746831|3686, 623747853|3733, 623747853|4069, com.google.android.apps.docs, 
623748013|1, 623748013|4004, com.ted.android.conference, 
623748188|1, 623748188|667, 623752004|782, 623752374|881, 623752374|951, 623752458|980, 623753514|1019, 623753514|1222, 623759546|1265, 623759546|1447, 623759791|1488, 623759791|1565, 623759831|1595, 623759831|1872, 623759986|1885, 623759986|2474, 623760463|2501, 623760463|2552, 623760503|2588, 623760503|2621, 623760543|2671, 623760543|2711, 623760608|2754, 623760989|2778, 623761073|2834, 623761113|2876, 623761113|2948, 623761398|2989, 623773870|3019, 623810644|3043, 623810644|3401, 623811004|3413, 623811004|3496, 623811385|3507, 623811385|3519, 623812906|3530, 623813042|3542, 623813042|4009, com.sololearn.cplusplus, 
623813385|1, 623813385|1259, 623813425|1285, 623813425|1327, 623813881|1353, 623813881|4002, com.google.android.gm, 
623813881|1, 623813881|2605, 623813970|2634, 623813970|3178, 623814109|3206, 623814236|3231, 623814236|3271, 623814320|3301, 623821013|3335, 623821053|3379, 623821669|3409, 623821709|3432, 623821709|3497, 623821779|3518, 623821779|3603, 623821868|3636, 623821868|3816, 623822777|3836, 623822777|3982, 623822817|3997, 623822817|4008, com.google.android.apps.photos, 
623822986|1, 623822986|4010, com.google.android.gm, 
623822986|1, 623822986|1752, 623823248|1781, 623823966|1794, 623823966|1829, 623824050|1842, 623824050|1854, 623824134|1874, 623824134|1884, 623827914|1898, 623831694|1913, 623831734|1933, 623832094|1953, 623832947|1976, 623833096|1997, 623833252|2016, 623833252|2047, 623846710|2080, 623846750|2122, 623846750|3050, 623848215|3062, 623848255|3090, 623848255|3849, 623848385|3950, 623848469|4006, com.google.android.music, 
623874224|1, 623874224|2599, 623874313|2648, 623874313|3039, 623874397|3052, 623874397|3082, 623881090|3094, 623881130|3108, 623881130|3118, 623881786|3133, 623881866|3144, 623881866|3170, 623881936|3180, 623881936|3424, 623882756|3437, 623882756|3634, 623882845|3643, 623882845|4004, com.google.android.apps.photos, 
623883014|1, 623883014|772, 623883085|884, 623888270|947, 623888350|987, 623888350|1002, 623888632|1019, 623888632|1057, 623888716|1070, 623888716|1147, 623890164|1170, 623890164|1185, 623896233|1204, 623896273|1215, 623896273|1349, 623896364|1362, 623896404|1374, 623896404|1554, 623896613|1566, 623896613|4007, com.Slack, 
623897022|1, 623897022|1322, 623897214|1440, 623897258|1529, 623897494|1596, 623897494|1702, 623908131|1910, 623911417|2064, 623911417|2125, 623911879|2190, 623911919|2243, 623911919|2346, 623916069|2378, 623916320|2488, 623917382|2591, 623920317|2665, 623921261|2791, 623921261|2948, 623922729|2990, 623922809|3024, 623922809|3192, 623924288|3270, 623924288|4015, com.ebay.mobile, 
623931593|1, 623931593|4007, com.google.android.gm, 
623931593|1, 623931593|3355, 623931769|3479, 623934983|3800, 623934983|3886, 623935071|3907, 623935071|3954, 623935159|3984, 623935203|4009, air.com.hypah.io.slither, 
623954551|1, 623954551|4004, com.google.android.gm, 
623954551|1, 623954551|4006, com.google.android.gm, 
623954551|1, 623954551|1226, 623954891|1338, 623958504|1425, 623958874|1474, 623958874|1593, 623959966|1608, 623959966|4025, org.catrobat.catroid, 
623960069|1, 623960069|828, 623960129|913, 623960261|967, 623960345|1077, 623964043|1137, 623964123|1181, 623967551|1232, 623967551|1329, 623968757|1344, 623968757|1987, 623968877|2005, 623968877|2225, 623969428|2247, 623970120|2321, 623970534|2432, 623970534|2537, 623970618|2558, 623970618|2729, 623976687|2766, 623976687|2813, 623976727|2835, 623976727|2950, 623976858|2963, 623976858|3153, 623977067|3164, 623977067|3262, 623977224|3342, 623977264|3374, 623977264|3390, 623982419|3406, 623982419|3438, 623982459|3457, 623982459|3468, 623982630|3500, 623986000|3526, 623986000|3550, 623986114|3561, 623986114|3625, 623986198|3635, 623987478|3649, 623990534|3666, 623992713|3677, 623992713|3699, 623992793|3724, 623992884|3735, 623992924|3747, 623992924|3769, 623993167|3781, 623993167|3809, 623993247|3822, 623993247|3843, 623993490|3855, 623993490|3884, 623994772|3895, 623994852|3919, 623994852|3955, 623995095|3971, 623995175|4003, com.mxtech.videoplayer.ad, 
623996014|1, 623996014|2979, 623996134|2994, 623996134|3201, 623997592|3211, 624010540|3240, 624010540|4004, at.DiTronic.androidgroup.randomgallery, 
624020979|1, 624020979|1875, 624021147|1897, 624021147|1918, 624022605|1931, 624028707|1960, 624028707|1970, 624029107|1987, 624029107|2001, 624029568|2013, 624030029|2025, 624030109|2039, 624030187|2049, 624030265|2059, 624030265|2093, 624043763|2113, 624043763|3016, 624045380|3036, 624045380|4033, com.google.android.music, 
624071257|1, 624071257|2009, 624071297|2023, 624071381|2043, 624071381|2062, 624075133|2079, 624075133|2102, 624075253|2118, 624075253|2138, 624075592|2158, 624075592|2340, 624076614|2372, 624076614|4001, com.google.android.keep, 
624076694|1, 624076694|1201, 624076738|1375, 624076778|1417, 624080524|1521, 624081258|1618, 624081258|1983, 624082206|2069, 624082206|3407, 624082286|3417, 624082286|3467, 624082330|3480, 624082370|3491, 624082370|3512, 624086617|3526, 624086817|3540, 624086817|3552, 624087309|3563, 624087309|3587, 624087387|3597, 624088210|3608, 624088250|3621, 624088250|3632, 624088727|3644, 624088727|4015, com.google.android.apps.docs, 
624089463|1, 624089463|1951, 624089551|1962, 624089631|1973, 624089631|2003, 624097191|2015, 624097191|2049, 624097471|2061, 624097591|2074, 624098092|2089, 624098593|2099, 624098593|2110, 624098749|2122, 624098749|2168, 624112207|2179, 624112247|2191, 624112247|2986, 624113771|2998, 624113811|3013, 624113811|4009, com.google.android.music, 
624139692|1, 624139692|756, 624139945|832, 624143643|928, 624143723|960, 624144013|975, 624144013|1029, 624144097|1063, 624145153|1148, 624151185|1233, 624151185|1401, 624151430|1464, 624151430|1610, 624151470|1639, 624151470|1839, 624151625|1864, 624151625|2139, 624152102|2150, 624152102|2172, 624152142|2189, 624152142|2442, 624152567|2464, 624152607|2490, 624152607|2615, 624152852|2649, 624152892|2671, 624152892|3159, 624153273|3175, 624153273|4001, com.sololearn.cplusplus, 
624153536|1, 624153536|2543, 624153625|2582, 624153625|2668, 624153709|2680, 624153709|2715, 624160402|2728, 624160442|2743, 624160442|2756, 624161098|2772, 624161098|2882, 624161168|2894, 624161168|3141, 624162381|3195, 624162381|3541, 624162470|3556, 624162470|4007, com.google.android.apps.photos, 
624162639|1, 624162639|1792, 624162751|1802, 624162751|1833, 624162879|1846, 624162879|1992, 624162963|2003, 624162963|2117, 624163214|2156, 624163214|2325, 624163298|2338, 624163298|2536, 624167690|2547, 624167690|2742, 624168479|2756, 624168479|2940, 624168594|2951, 624168594|2973, 624168634|2983, 624168634|3143, 624169287|3157, 624169287|3905, 624169386|3931, 624169386|3952, 624169655|3976, 624169739|4013, com.bankofamerica.cashpromobile, 
624179494|1, 624179494|809, 624179673|889, 624183494|959, 624183948|1039, 624183948|1106, 624187046|1124, 624187046|1158, 624188252|1178, 624188252|1832, 624188372|1844, 624188372|1959, 624190029|2031, 624190029|2193, 624190073|2226, 624190113|2262, 624190113|2399, 624196182|2411, 624196182|2446, 624196222|2460, 624196222|2597, 624196353|2611, 624196353|2803, 624196562|2815, 624196562|2917, 624196675|3003, 624196719|3059, 624201954|3107, 624201954|3226, 624201994|3244, 624203407|3285, 624203407|3300, 624206777|3311, 624206777|3331, 624206891|3350, 624207015|3393, 624207015|3419, 624212210|3431, 624212210|3454, 624212250|3477, 624212250|3488, 624212381|3498, 624212381|3511, 624213657|3523, 624213900|3546, 624213940|3562, 624213940|3576, 624214183|3590, 624214223|3604, 624214223|3625, 624214466|3637, 624214466|3648, 624214506|3672, 624214749|3693, 624214749|4008, com.mxtech.videoplayer.ad, 
624215505|1, 624215505|752, 624215589|775, 624219203|847, 624219657|957, 624219657|973, 624222755|988, 624222755|1056, 624223961|1100, 624223961|1618, 624224081|1665, 624224081|1717, 624224632|1833, 624224632|1867, 624225480|1933, 624225480|2321, 624225564|2338, 624225564|2519, 624231713|2531, 624231713|2563, 624231753|2574, 624231753|2697, 624231844|2745, 624232008|2806, 624237163|2843, 624237163|2887, 624237412|2906, 624237412|2925, 624237503|2936, 624238822|2976, 624238822|3004, 624242192|3027, 624242192|3061, 624242232|3081, 624242316|3096, 624242316|3132, 624247471|3145, 624247511|3158, 624247511|3170, 624247602|3184, 624247642|3200, 624247642|3212, 624249166|3234, 624249206|3247, 624249206|3276, 624249449|3288, 624249489|3307, 624249489|3336, 624249732|3350, 624249772|3369, 624249772|3393, 624250015|3405, 624250015|4002, com.mxtech.videoplayer.ad, 
624250691|1, 624250691|1310, 624250937|1406, 624250937|1501, 624251021|1525, 624251021|1548, 624255368|1620, 624255620|1687, 624267904|1737, 624267948|1781, 624280604|1928, 624284923|2018, 624285054|2050, 624285094|2069, 624285094|2145, 624285134|2178, 624285436|2217, 624285567|2240, 624285647|2270, 624285869|2293, 624286539|2344, 624287377|2399, 624287377|2499, 624288036|2518, 624288116|2536, 624289203|2567, 624289203|2591, 624289283|2603, 624289283|2629, 624290008|2642, 624290604|2657, 624290604|2674, 624291744|2726, 624291784|2742, 624291784|2808, 624292403|2821, 624292403|2849, 624292443|2864, 624292443|2877, 624292612|2904, 624292716|2917, 624293414|2949, 624293488|2966, 624294297|2978, 624294297|2992, 624294377|3006, 624294377|3030, 624295185|3047, 624295185|3060, 624295225|3072, 624295225|3106, 624295928|3124, 624295928|3345, 624302173|3379, 624302173|3404, 624302253|3416, 624302333|3434, 624302333|3645, 624302647|3657, 624302647|3733, 624304260|3752, 624304340|3763, 624304340|4010, com.dropbox.android, 
624309780|1, 624309780|1101, 624310462|1349, 624310462|1452, 624310590|1487, 624310630|1520, 624310630|1564, 624321335|1658, 624321375|1742, 624321419|1790, 624321419|1823, 624321797|1857, 624321797|1938, 624321837|1961, 624322610|1988, 624325856|2006, 624325856|2027, 624325896|2061, 624326111|2141, 624328300|2227, 624331546|2300, 624331586|2346, 624332494|2402, 624332654|2441, 624332825|2491, 624338934|2566, 624341938|2617, 624343562|2762, 624343562|2812, 624343602|2840, 624343602|2985, 624345238|3033, 624345278|3106, 624345278|3199, 624345487|3254, 624345487|3726, 624345527|3736, 624345527|4009, com.ebay.mobile, 
624347273|1, 624347273|1635, 624347357|1649, 624347357|1663, 624351109|1680, 624351109|1707, 624351149|1719, 624351229|1737, 624351229|1747, 624351568|1758, 624351568|2028, 624352487|2038, 624352487|4003, com.google.android.keep, 
624352567|1, 624352567|1222, 624352651|1328, 624352651|1458, 624358804|1494, 624358804|1574, 624363328|1694, 624363328|1766, 624363452|1845, 624367207|2019, 624368104|2115, 624368353|2214, 624368353|2255, 624372623|2439, 624376388|2565, 624376468|2679, 624376468|2756, 624377986|2780, 624377986|4024, com.ebay.mobile, 
624379543|1, 624379543|2714, 624381321|2931, 624381321|3111, 624381361|3142, 624382995|3185, 624382995|3843, 624383035|3865, 624383035|4013, air.com.hypah.io.slither, 
624396468|1, 624396468|2084, 624397090|2104, 624397090|2140, 624397258|2151, 624397258|2174, 624398716|2185, 624402496|2198, 624404858|2210, 624405178|2223, 624405719|2247, 624406220|2259, 624406220|2269, 624406298|2282, 624406376|2296, 624406376|2331, 624419865|2348, 624419865|3379, 624421620|3392, 624421620|4017, com.google.android.music, 
624448909|1, 624448909|4007, com.android.vending, 
624448989|1, 624448989|746, 624452307|878, 624452663|1054, 624452703|1195, 624453033|1280, 624453033|2515, 624453892|2592, 624453892|3272, 624453964|3332, 624454048|3379, 624458155|3416, 624458461|3450, 624458461|3473, 624458501|3512, 624460338|3568, 624460338|3661, 624460378|3676, 624460378|3693, 624462087|3720, 624462087|4001, com.scb.breezebanking.hk, 
624462220|1, 624462220|2271, 624462434|2340, 624462518|2390, 624462518|2584, 624463284|2656, 624463284|3042, 624463373|3093, 624463450|3119, 624463450|3138, 624463618|3166, 624463618|3185, 624463970|3214, 624464322|3320, 624464322|4015, com.sometimeswefly.littlealchemy, 
624464562|1, 624464562|714, 624464696|787, 624464862|849, 624468680|931, 624468970|947, 624468970|978, 624472148|1007, 624472148|1078, 624473354|1095, 624473354|1618, 624473474|1675, 624473474|1839, 624474873|1925, 624474873|2243, 624475084|2264, 624475341|2285, 624475341|2422, 624475425|2435, 624475425|2634, 624481534|2646, 624481534|2669, 624481574|2680, 624481574|2784, 624481665|2812, 624481818|2850, 624481902|2899, 624481942|2913, 624481942|2927, 624487137|2939, 624487137|3005, 624487346|3019, 624487426|3045, 624487426|3065, 624487557|3081, 624487557|3096, 624490927|3116, 624490927|3179, 624492323|3214, 624492323|3234, 624492407|3279, 624497642|3300, 624497682|3313, 624497682|3333, 624497853|3346, 624497853|3370, 624498096|3395, 624498136|3423, 624498136|3434, 624499415|3448, 624499698|3473, 624499698|3504, 624499941|3516, 624499981|3528, 624499981|3541, 624500224|3578, 624500224|4011, com.mxtech.videoplayer.ad, 
624500980|1, 624500980|1364, 624501286|1482, 624505116|1629, 624506228|1777, 624506346|1801, 624506346|2219, 624507330|2260, 624507330|2775, 624507580|2867, 624511907|2936, 624512519|2970, 624512519|2995, 624513890|3175, 624513890|4006, com.google.android.apps.docs, 
624514050|1, 624514050|617, 624514169|646, 624514169|683, 624517868|743, 624517868|864, 624517992|904, 624518322|946, 624518322|974, 624525450|1128, 624525450|1289, 624525695|1427, 624525735|1523, 624525735|1795, 624525850|1807, 624525890|1820, 624525890|2106, 624526367|2117, 624526407|2139, 624526407|2400, 624526832|2419, 624526872|2437, 624526872|2612, 624527157|2638, 624527157|3128, 624527538|3148, 624527538|4012, com.sololearn.cplusplus, 
624527801|1, 624527801|1934, 624527929|1947, 624527929|2113, 624528013|2126, 624528013|2529, 624528057|2540, 624528264|2551, 624528264|2846, 624528348|2859, 624528348|3144, 624532997|3159, 624532997|3455, 624533112|3471, 624533112|3567, 624533152|3599, 624533152|3776, 624533805|3796, 624533805|4001, com.bankofamerica.cashpromobile, 
624543993|1, 624543993|1132, 624544333|1227, 624548316|1362, 624548316|1454, 624549408|1525, 624549408|4005, org.catrobat.catroid, 
624549511|1, 624549511|1248, 624549679|1350, 624549755|1376, 624549755|4007, com.whatsapp, 
624549755|1, 624549755|743, 624550093|843, 624550093|1044, 624550137|1095, 624550177|1111, 624550177|1274, 624556246|1287, 624556286|1308, 624556286|1474, 624556417|1485, 624556417|1680, 624557750|1690, 624558007|1721, 624558007|1888, 624558091|1900, 624558091|2087, 624564160|2098, 624564160|2173, 624564200|2191, 624564200|2341, 624564331|2395, 624564490|2470, 624569071|2508, 624569360|2592, 624569642|2639, 624569642|2910, 624570328|2940, 624570328|4003, com.Slack, 
624575805|1, 624575805|675, 624575881|778, 624575881|4007, com.whatsapp, 
624575881|1, 624575881|630, 624576157|745, 624579855|832, 624579935|901, 624580225|922, 624583323|941, 624583323|1052, 624584529|1066, 624584529|1542, 624584649|1603, 624584649|1803, 624586048|1932, 624586048|2331, 624586092|2342, 624586132|2355, 624586132|2529, 624592241|2544, 624592241|2596, 624592281|2606, 624592281|2737, 624592412|2771, 624592412|2822, 624592621|2896, 624592705|2922, 624597900|2957, 624597900|3007, 624597980|3033, 624597980|3062, 624598111|3076, 624598111|3099, 624601481|3110, 624601481|3177, 624602842|3191, 624602842|3209, 624608037|3226, 624608077|3244, 624608117|3259, 624608117|3272, 624608248|3284, 624608248|3319, 624608491|3332, 624608531|3344, 624608531|3377, 624608774|3388, 624610053|3401, 624610053|3424, 624610133|3442, 624610133|3468, 624610456|3485, 624610456|3509, 624610699|3525, 624610699|4004, com.mxtech.videoplayer.ad, 
624611375|1, 624611375|4010, com.ted.android.conference, 
624611375|1, 624611375|4005, com.google.android.gm, 
624611375|1, 624611375|1346, 624615317|1807, 624615317|2168, 624615666|2375, 624626295|2507, 624627032|2587, 624627032|2610, 624628611|2639, 624633194|2673, 624634443|2745, 624634443|4001, com.android.chrome, 
624634923|1, 624634923|613, 624635298|690, 624635382|717, 624635382|734, 624638997|788, 624638997|850, 624639161|986, 624646579|1206, 624646579|1319, 624646824|1385, 624646824|1572, 624646864|1593, 624646864|1834, 624647019|1849, 624647019|2133, 624647496|2163, 624647536|2176, 624647536|2443, 624648001|2469, 624648001|2637, 624648206|2656, 624648286|2751, 624648286|3274, 624648667|3317, 624648667|4008, com.sololearn.cplusplus, 
624648930|1, 624648930|704, 624649014|723, 624652628|755, 624652628|879, 624653082|1036, 624660210|1155, 624660210|1309, 624660455|1362, 624660455|1473, 624660495|1515, 624660495|1749, 624660610|1764, 624660650|1778, 624660650|2066, 624661127|2079, 624661127|2090, 624661167|2111, 624661167|2362, 624661592|2379, 624661632|2399, 624661632|2569, 624661837|2585, 624661917|2609, 624661917|3091, 624662298|3100, 624662298|4002, com.sololearn.cplusplus, 
624662641|1, 624662641|918, 624662795|1024, 624662795|4004, com.whatsapp, 
624662795|1, 624662795|4004, com.google.android.gm, 
624662795|1, 624662795|1749, 624662923|1776, 624662923|1927, 624663007|1938, 624663007|2140, 624663214|2166, 624663214|2337, 624663298|2349, 624663298|2549, 624667690|2562, 624667690|2750, 624667903|2762, 624667903|2954, 624668018|2965, 624668058|2991, 624668058|3166, 624668711|3179, 624668711|3919, 624668980|3943, 624669064|3972, 624669064|4016, com.bankofamerica.cashpromobile, 
624680184|1, 624680184|2035, 624680268|2048, 624680268|2068, 624684020|2079, 624684140|2104, 624684140|2121, 624684479|2142, 624684479|2366, 624685547|2377, 624685547|4006, com.google.android.keep, 
624690717|1, 624690717|2054, 624690812|2097, 624690896|2155, 624690896|2456, 624691662|2476, 624691662|4041, com.sometimeswefly.littlealchemy, 
624691742|1, 624691742|1737, 624691826|1747, 624691826|1767, 624695578|1782, 624695618|1793, 624695698|1812, 624696037|1829, 624696037|1874, 624696077|1885, 624696077|2137, 624697065|2147, 624697065|4001, com.google.android.keep, 
624697145|1, 624697145|1502, 624697229|1580, 624700975|1593, 624701095|1605, 624701095|1616, 624701709|1678, 624701709|2329, 624702532|2353, 624702532|3528, 624702612|3562, 624702612|3600, 624702696|3610, 624702696|3631, 624706942|3642, 624706942|3653, 624707142|3666, 624707142|3694, 624707634|3704, 624707634|3725, 624707712|3736, 624708575|3746, 624708575|3762, 624709373|3778, 624709373|4002, com.google.android.apps.docs, 
624709533|1, 624709533|4010, at.DiTronic.androidgroup.randomgallery, 
624733896|1, 624733896|4002, com.android.vending, 
624733896|1, 624733896|3086, 624733985|3136, 624733985|3414, 624734251|3491, 624734335|3559, 624741028|3604, 624741068|3627, 624741724|3658, 624741724|3774, 624741794|3803, 624742891|4013, com.google.android.apps.photos, 
624743060|1, 624743060|1444, 624743760|1599, 624743760|2137, 624743844|2266, 624749432|2335, 624754382|2394, 624755033|2458, 624756612|2482, 624760891|2547, 624762444|2617, 624762444|4002, com.android.chrome, 
624762924|1, 624762924|1408, 624766754|1582, 624766794|1654, 624767410|1687, 624767450|1751, 624767528|1784, 624767528|2069, 624768379|2102, 624768379|3429, 624768543|3475, 624772789|3506, 624772989|3535, 624772989|3546, 624773481|3560, 624773481|3577, 624773559|3586, 624774422|3600, 624774422|3696, 624775012|3707, 624775012|4005, com.google.android.apps.docs, 
624775172|1, 624775172|1822, 624775256|1833, 624775256|1860, 624779008|1883, 624779128|1905, 624779467|1920, 624779467|2194, 624780304|2210, 624780304|4007, com.google.android.keep, 
624780384|1, 624780384|1807, 624780512|1831, 624780512|1974, 624780596|2044, 624780596|2210, 624780847|2224, 624780847|2405, 624780931|2420, 624780931|2602, 624785323|2622, 624785323|2816, 624785536|2827, 624785536|3025, 624785651|3037, 624785651|3061, 624785691|3076, 624785691|3230, 624786344|3250, 624786344|3911, 624786613|3930, 624786657|3958, 624786697|3985, 624786697|4008, com.bankofamerica.cashpromobile, 
624796492|1, 624796492|1150, 624796594|1261, 624796594|1553, 624796678|1593, 624796678|1742, 624800064|1856, 624800104|1924, 624800104|2034, 624800319|2086, 624800319|2259, 624804899|2361, 624804899|2570, 624805154|2611, 624805154|2779, 624807005|2953, 624807005|3198, 624807262|3257, 624810238|3303, 624810238|3340, 624810322|3376, 624816391|3507, 624816391|3740, 624816431|3762, 624816431|3910, 624816562|3919, 624816562|4003, com.ebay.mobile, 
624817459|1, 624817459|4009, com.google.android.gm, 
624817459|1, 624817459|758, 624817535|871, 624817535|4005, com.whatsapp, 
624817535|1, 624817535|993, 624817606|1056, 624817606|1083, 624817690|1108, 624817690|1120, 624822613|1135, 624822613|1155, 624822693|1168, 624822693|1196, 624822975|1208, 624822975|1222, 624823059|1239, 624823059|1339, 624830656|1364, 624830656|1374, 624830696|1386, 624830696|1509, 624830787|1521, 624830827|1533, 624830827|1715, 624831036|1728, 624831036|2228, 624831111|2302, 624831195|2339, 624831195|2356, 624835776|2383, 624835776|2509, 624835856|2538, 624836138|2558, 624836138|3049, 624836824|3075, 624836824|4001, com.Slack, 
624837135|1, 624837135|2903, 624837311|2954, 624837479|3042, 624838865|3156, 624838865|3219, 624838905|3247, 624838905|4002, air.com.hypah.io.slither, 
624845497|1, 624845497|36, 624845826|70, 624845826|322, 624845910|345, 624849779|408, 624850287|463, 624850287|654, 624863478|685, 624863478|1236, 624863724|1310, 624863724|1370, 624863768|1430, 624863768|1445, 624863808|1466, 624867903|1509, 624867903|1607, 624868035|1618, 624868035|1631, 624868155|1647, 624868155|1718, 624876499|1777, 624876543|1803, 624876583|1822, 624880691|1860, 624880691|1933, 624880775|1955, 624884923|2013, 624889246|2114, 624893900|2176, 624893940|2200, 624898652|2326, 624899322|2383, 624900203|2423, 624900203|2523, 624901660|2538, 624901660|2570, 624902447|2648, 624903565|2719, 624905341|2744, 624905381|2765, 624905381|2935, 624905465|2946, 624905465|2998, 624906084|3015, 624906893|3035, 624907701|3055, 624908472|3069, 624908512|3093, 624908592|3104, 624908592|3120, 624912687|3133, 624912687|3171, 624912727|3186, 624912767|3200, 624912767|3436, 624913359|3449, 624915353|3470, 624915353|3481, 624915433|3503, 624915433|3810, 624916280|3822, 624916280|3863, 624917084|3885, 624917164|3896, 624917164|4003, com.dropbox.android, 
624918137|1, 624918137|2327, 624918221|2433, 624918221|2475, 624919213|2634, 624923066|2686, 624923066|2888, 624923106|2905, 624923491|2932, 624923947|2991, 624923947|4004, com.sometimeswefly.littlealchemy, 
624924027|1, 624924027|1420, 624924111|1483, 624927857|1583, 624928513|1630, 624928631|1662, 624928631|1914, 624929573|1955, 624929573|2902, 624929706|3094, 624933992|3184, 624934604|3244, 624935505|3313, 624935505|3396, 624935585|3407, 624935585|3678, 624936395|3689, 624936395|4002, com.google.android.apps.docs, 
624936595|1, 624936595|889, 624936993|1026, 624940449|1185, 624940449|1469, 624940529|1494, 624940819|1542, 624940819|1929, 624941617|1983, 624941680|2039, 624941680|2990, 624941752|3024, 624941836|3078, 624945943|3108, 624946249|3155, 624948126|3246, 624948126|3288, 624948166|3370, 624949875|3442, 624949875|4030, com.scb.breezebanking.hk, 
624950008|1, 624950008|1849, 624950136|1869, 624950136|2048, 624950220|2058, 624950220|2212, 624950471|2228, 624950471|2423, 624950555|2434, 624950555|2594, 624952019|2635, 624955160|2658, 624955160|2834, 624955275|2848, 624955275|2867, 624955315|2877, 624955315|3032, 624955968|3050, 624955968|3509, 624956420|3716, 624956420|3833, 624960750|3865, 624960790|4020, com.bankofamerica.cashpromobile, 
624967769|1, 624967769|1999, 624968522|2088, 624968522|2120, 624968690|2143, 624976450|2194, 624976450|2212, 624977151|2237, 624977151|2247, 624977730|2258, 624977730|2280, 624977808|2291, 624977808|2303, 624986878|2315, 624991346|2327, 624991346|3340, 624992887|3352, 624992927|3375, 624992927|4004, com.google.android.music, 
625019036|1, 625019036|1306, 625019342|1355, 625019342|1399, 625023212|1556, 625023868|1611, 625023946|1638, 625023946|1939, 625024912|1977, 625024912|2878, 625025069|2929, 625025113|2953, 625025153|2971, 625025153|2984, 625029400|3001, 625029440|3018, 625029600|3036, 625030092|3050, 625030092|3071, 625030993|3089, 625031033|3105, 625031033|3163, 625031532|3181, 625031532|4020, com.google.android.apps.docs, 
625031692|1, 625031692|2872, 625031812|2882, 625031812|3118, 625046218|3131, 625046218|3593, 625046387|3644, 625046515|3670, 625046616|3707, 625046814|3732, 625046814|3745, 625050511|3759, 625050635|3778, 625050675|3789, 625050675|3800, 625055173|3812, 625055333|3824, 625055333|3842, 625056343|3857, 625056672|3876, 625056712|3888, 625056712|4001, at.DiTronic.androidgroup.randomgallery, 
625057741|1, 625057741|1049, 625057870|1093, 625057987|1121, 625058031|1192, 625058071|1240, 625062166|1277, 625066694|1363, 625070886|1423, 625074994|1438, 625074994|1472, 625075078|1508, 625079310|1576, 625079310|1604, 625083418|1622, 625083458|1637, 625083928|1704, 625084442|1727, 625084522|1801, 625084613|1813, 625084744|1835, 625084744|1849, 625084824|1873, 625084915|1898, 625084915|1911, 625085585|1936, 625085625|1949, 625085625|1963, 625085963|1982, 625086761|2010, 625086761|2067, 625087420|2093, 625087420|2126, 625088168|2160, 625088168|2194, 625088764|2216, 625091371|2234, 625091371|2302, 625091411|2338, 625091411|2408, 625091555|2448, 625091555|2544, 625092364|2555, 625092364|2594, 625093135|2608, 625093135|2636, 625094107|2652, 625094147|2664, 625094147|2709, 625094766|2723, 625094766|2890, 625098821|2904, 625099487|2917, 625099487|2928, 625100305|2948, 625100305|2959, 625100385|2982, 625100385|3015, 625101173|3029, 625101173|3085, 625101253|3113, 625101253|3152, 625101567|3170, 625101567|3406, 625103217|3420, 625103217|3480, 625103297|3502, 625103297|3817, 625104109|3829, 625104896|3843, 625104896|3860, 625104976|3872, 625104976|4006, com.dropbox.android, 
625109814|1, 625109814|2936, 625110038|3086, 625111632|3294, 625113265|3324, 625113309|3417, 625113397|3496, 625113397|3517, 625113441|3547, 625113485|3558, 625113529|3574, 625113573|3590, 625113573|3647, 625113617|3675, 625113661|3688, 625113661|3720, 625113705|3734, 625113749|3755, 625113749|4023, air.com.hypah.io.slither, 
625128243|1, 625128243|808, 625131877|939, 625131877|1109, 625132247|1265, 625132247|1568, 625133106|1635, 625133106|2810, 625137329|2877, 625137675|2969, 625139552|3054, 625139552|3106, 625139592|3120, 625139592|3145, 625141301|3166, 625141301|4011, com.scb.breezebanking.hk, 
625141434|1, 625141434|1874, 625141696|1911, 625141696|1946, 625141864|1956, 625141864|1994, 625145644|2006, 625149424|2019, 625149424|2030, 625149744|2043, 625149824|2054, 625150786|2071, 625150826|2082, 625150826|2093, 625150982|2106, 625150982|2167, 625161510|2178, 625164480|2194, 625164480|3027, 625166146|3039, 625166146|4018, com.google.android.music, 
625191802|1, 625191802|2813, 625191922|2827, 625191922|3063, 625206486|3078, 625206486|3648, 625206570|3672, 625206654|3689, 625210351|3715, 625214660|3737, 625214660|3750, 625215229|3763, 625215229|3775, 625215471|3785, 625215987|3800, 625215987|3820, 625216508|3842, 625216508|4001, at.DiTronic.androidgroup.randomgallery, 
625217660|1, 625217660|922, 625217806|962, 625217806|976, 625217962|1059, 625217962|1159, 625218002|1189, 625222254|1230, 625222254|1668, 625222689|1867, 625222689|1976, 625223770|1999, 625223770|4010, com.android.vending, 
625223850|1, 625223850|1981, 625223969|2027, 625224053|2057, 625224053|2334, 625224819|2379, 625224819|4004, com.sometimeswefly.littlealchemy, 
625224899|1, 625224899|2895, 625225067|3072, 625226453|3152, 625226453|3238, 625226537|3329, 625228208|3346, 625228208|4007, air.com.hypah.io.slither, 
625241766|1, 625241766|1741, 625242234|1773, 625242234|1807, 625242426|1858, 625242538|1893, 625242538|1928, 625242622|1960, 625242706|1986, 625242706|2054, 625248775|2078, 625253343|2172, 625253343|2205, 625253383|2224, 625256669|2318, 625257047|2355, 625257178|2399, 625257178|2421, 625257262|2462, 625258455|2525, 625258455|2620, 625261745|2713, 625269214|2765, 625269214|2809, 625269345|2929, 625269425|2997, 625269425|3030, 625269763|3074, 625272087|3248, 625272087|3391, 625272900|3609, 625273713|3720, 625273713|3857, 625274526|3872, 625274526|4001, com.ebay.mobile, 
625281466|1, 625281466|974, 625281806|1115, 625285790|1279, 625285790|1364, 625286882|1390, 625286882|4004, org.catrobat.catroid, 
625287481|1, 625287481|1244, 625287727|1278, 625287727|1382, 625296314|1431, 625300542|1461, 625309006|1543, 625309050|1572, 625309090|1598, 625313198|1624, 625313198|1650, 625313282|1667, 625313366|1695, 625317474|1712, 625321582|1728, 625321582|2071, 625321742|2122, 625322266|2162, 625322266|2310, 625322306|2330, 625322437|2348, 625322528|2365, 625322986|2412, 625323026|2430, 625323656|2446, 625325130|2463, 625325244|2486, 625325244|2553, 625326032|2566, 625326032|2593, 625326112|2603, 625326112|2657, 625326731|2670, 625326731|2713, 625327471|2746, 625328235|2783, 625328235|2830, 625329375|2844, 625329415|2858, 625329415|2915, 625330996|2939, 625331080|2961, 625331160|2989, 625331705|3000, 625331779|3018, 625331779|3158, 625336642|3170, 625336642|3185, 625336682|3197, 625336682|3233, 625336762|3249, 625336762|3273, 625337580|3289, 625337580|3305, 625338368|3316, 625338368|3354, 625338448|3371, 625338448|3418, 625338762|3428, 625338762|3442, 625339428|3454, 625339428|3674, 625340232|3686, 625340232|3698, 625341079|3718, 625341079|3734, 625341159|3755, 625341159|4010, com.dropbox.android, 
625346891|1, 625346891|781, 625351094|1103, 625352186|1180, 625352186|4002, org.catrobat.catroid, 
625352289|1, 625352289|1321, 625352546|1435, 625352546|1523, 625352714|1592, 625352714|1628, 625363459|1685, 625363459|1729, 625363499|1809, 625363539|1836, 625363961|1911, 625364092|1972, 625364092|1999, 625364865|2046, 625368404|2106, 625368404|2193, 625368488|2258, 625371734|2315, 625376218|2371, 625376298|2443, 625382317|2999, 625382317|3133, 625383090|3272, 625383090|4006, com.ebay.mobile, 
625383601|1, 625383601|3038, 625383721|3049, 625383721|3279, 625398364|3303, 625398364|3700, 625398528|3747, 625398528|3767, 625398572|3805, 625398612|3831, 625398612|3844, 625398696|3855, 625402393|3869, 625402393|3880, 625406542|3900, 625406702|3912, 625407191|3924, 625407191|3935, 625407271|3949, 625407271|3962, 625407680|3974, 625408029|3990, 625408029|4004, at.DiTronic.androidgroup.randomgallery, 
625409045|1, 625409045|1143, 625409906|1593, 625409906|1867, 625410068|2167, 625414219|2282, 625416489|2352, 625416853|2399, 625421661|2447, 625422063|2500, 625423558|2571, 625424159|2627, 625424159|4005, com.android.chrome, 
625424639|1, 625424639|2855, 625426193|3077, 625426193|3178, 625426233|3242, 625426233|3272, 625427930|3296, 625427930|4006, air.com.hypah.io.slither, 
625433381|1, 625433381|251, 625433465|280, 625433465|324, 625437334|336, 625437334|393, 625437842|443, 625437842|573, 625451005|738, 625451005|1065, 625451171|1161, 625454824|1206, 625454824|1271, 625455194|1374, 625455194|1504, 625456286|1558, 625456286|4011, org.catrobat.catroid, 
625456389|1, 625456389|1044, 625456478|1088, 625456595|1158, 625456595|1200, 625456639|1211, 625460986|1276, 625461070|1324, 625473854|1398, 625473854|1413, 625486178|1429, 625486262|1480, 625490370|1572, 625490450|1622, 625490672|1653, 625491054|1711, 625491094|1745, 625491185|1778, 625491436|1840, 625491527|1866, 625491567|1903, 625491607|1938, 625491905|1972, 625491945|2005, 625491945|2698, 625492711|2711, 625492711|3006, 625493331|3018, 625493331|3088, 625493371|3108, 625493968|3130, 625493968|3155, 625494600|3177, 625494600|3195, 625495315|3212, 625496050|3228, 625496090|3239, 625496090|3329, 625496889|3344, 625496973|3376, 625498114|3391, 625498114|3413, 625498774|3456, 625498774|3530, 625499583|3546, 625499583|3558, 625503678|3569, 625503678|3581, 625504530|3606, 625504610|3619, 625504610|3729, 625505418|3740, 625505458|3762, 625505458|3773, 625505772|3787, 625505772|4011, com.dropbox.android, 
625511297|1, 625511297|2905, 625511525|2956, 625511525|2982, 625511652|2996, 625511652|3046, 625511696|3059, 625511736|3071, 625511736|3090, 625518429|3104, 625518469|3117, 625518669|3131, 625519125|3144, 625519165|3156, 625519165|3181, 625519235|3192, 625519235|3455, 625520200|3468, 625520240|3481, 625520240|3934, 625520329|3952, 625520329|4005, com.google.android.apps.photos, 
625520498|1, 625520498|783, 625520676|860, 625524132|1047, 625524132|1139, 625524502|1248, 625524502|1557, 625525363|1693, 625525363|2898, 625525435|2940, 625529892|3067, 625529932|3150, 625531769|3190, 625531769|3294, 625531809|3319, 625531809|3341, 625533518|3360, 625533518|4045, com.scb.breezebanking.hk, 
625533651|1, 625533651|1530, 625535790|1693, 625535790|2058, 625539941|2318, 625541893|2333, 625546327|2378, 625548433|2465, 625548645|2509, 625554319|2608, 625554319|4012, com.android.chrome, 
625554719|1, 625554719|1103, 625554976|1146, 625554976|1323, 625555060|1334, 625555060|1513, 625561129|1550, 625561129|1600, 625561169|1613, 625561169|1836, 625561300|1846, 625561300|2039, 625561509|2051, 625561509|2301, 625561584|2403, 625561668|2435, 625566289|2484, 625566369|2530, 625566651|2558, 625566651|2843, 625567337|2865, 625567337|4007, com.Slack, 
625574553|1, 625574553|938, 625574721|1060, 625574797|1142, 625574797|4010, com.whatsapp, 
625574797|1, 625574797|4011, com.android.vending, 
625574797|1, 625574797|2836, 625574970|2852, 625574970|2882, 625581703|2894, 625581703|2916, 625581863|2927, 625582359|2938, 625582399|2949, 625582399|2970, 625582469|2981, 625582469|3262, 625583562|3275, 625583562|3843, 625583651|3860, 625583651|4008, com.google.android.apps.photos, 
625583820|1, 625583820|729, 625583891|784, 625583891|800, 625583975|818, 625583975|841, 625585503|857, 625588858|878, 625588938|907, 625589304|925, 625589304|1031, 625595413|1045, 625595413|1057, 625596861|1073, 625596861|1145, 625596901|1156, 625596901|1361, 625597032|1375, 625597032|1560, 625597241|1570, 625597241|1968, 625597316|2009, 625597316|2043, 625597400|2054, 625597400|2072, 625601981|2093, 625601981|2172, 625602061|2191, 625602343|2221, 625602343|2774, 625603029|2798, 625603029|4006, com.Slack, 
625603300|1, 625603300|951, 625603384|1057, 625608227|1135, 625608307|1157, 625608589|1178, 625608589|1268, 625608633|1278, 625608673|1289, 625608673|1422, 625614782|1433, 625614782|1454, 625616230|1466, 625616230|1479, 625616270|1489, 625616270|1629, 625616401|1645, 625616401|1828, 625616610|1846, 625616610|2304, 625616694|2323, 625616694|2348, 625621275|2397, 625621637|2538, 625621637|2643, 625622323|2686, 625622323|4004, com.Slack, 
625622594|1, 625622594|2440, 625624324|2756, 625624324|3089, 625624758|3143, 625624758|3227, 625624842|3251, 625628594|3262, 625628594|3402, 625628634|3422, 625629134|3482, 625629134|3543, 625630088|3565, 625630088|4022, air.com.hypah.io.slither, 
625630248|1, 625630248|401, 625630374|425, 625630374|532, 625630458|545, 625630458|574, 625634607|599, 625634767|631, 625634767|704, 625635256|723, 625635256|848, 625635665|907, 625635665|979, 625635709|1056, 625635749|1094, 625635749|1192, 625637207|1208, 625639778|1245, 625639778|1441, 625640372|1554, 625653865|1654, 625662196|1726, 625670372|1787, 625670456|1832, 625674524|1862, 625674524|1889, 625674816|1935, 625687402|2055, 625687522|2066, 625687522|2077, 625687835|2094, 625687995|2128, 625688166|2167, 625688927|2244, 625688927|2332, 625688967|2352, 625688967|2369, 625690071|2397, 625692278|2438, 625692278|2474, 625692954|2524, 625692954|2562, 625694094|2585, 625694134|2627, 625694753|2643, 625694753|2674, 625694793|2686, 625694793|2725, 625694962|2755, 625695066|2766, 625695066|2809, 625695875|2820, 625695875|2866, 625696648|2879, 625696648|2892, 625696728|2932, 625698195|2962, 625698279|2977, 625698279|3252, 625704526|3269, 625704526|3317, 625704686|3336, 625704686|3551, 625705000|3565, 625705000|3653, 625706651|3672, 625706691|3684, 625706731|3695, 625706731|4002, com.dropbox.android, 
625714179|1, 625714179|2814, 625715733|2980, 625715733|3109, 625717462|3158, 625717462|4016, air.com.hypah.io.slither, 
625731055|1, 625731055|1107, 625736239|1214, 625736239|1258, 625736601|1307, 625736601|1327, 625736685|1338, 625736685|1441, 625738133|1450, 625744202|1464, 625744202|1521, 625744242|1534, 625744242|1662, 625744373|1673, 625744373|1871, 625744582|1880, 625744582|2318, 625749287|2390, 625749287|2531, 625749367|2556, 625749649|2577, 625749649|3302, 625750335|3337, 625750335|4003, com.Slack, 
625750606|1, 625750606|1006, 625750935|1081, 625755198|1152, 625759390|1182, 625759390|1205, 625767690|1331, 625767821|1364, 625767989|1421, 625780909|1540, 625781251|1599, 625782052|1752, 625782052|1805, 625784145|1894, 625784276|1933, 625784276|1969, 625784316|1986, 625785443|2031, 625785523|2072, 625785523|2157, 625786663|2169, 625787470|2196, 625787470|2277, 625788089|2297, 625788089|2318, 625788129|2334, 625788129|2390, 625789671|2404, 625789671|2441, 625789711|2453, 625789751|2466, 625789751|2500, 625790559|2511, 625790603|2524, 625790683|2538, 625790683|2581, 625791302|2593, 625791302|2807, 625797549|2824, 625797629|2860, 625797669|2884, 625797709|2907, 625797709|3117, 625798023|3132, 625798023|4010, com.dropbox.android, 
625803475|1, 625803475|2921, 625803595|2936, 625803595|3081, 625818083|3097, 625818083|3671, 625818252|3719, 625818336|3741, 625818336|3752, 625818420|3772, 625822117|3795, 625822117|3806, 625826266|3817, 625826995|3845, 625826995|3863, 625827344|3874, 625827753|3888, 625828274|3914, 625828274|4004, at.DiTronic.androidgroup.randomgallery, 
625829029|1, 625829029|2535, 625829118|2568, 625829118|3047, 625829202|3074, 625836391|3182, 625836631|3258, 625836631|3335, 625836701|3358, 625836701|3553, 625836790|3574, 625836790|3594, 625837826|3618, 625837826|4002, com.google.android.apps.photos, 
625837995|1, 625837995|943, 625838071|1042, 625838071|4006, com.whatsapp, 
625838071|1, 625838071|1103, 625838327|1177, 625842025|1252, 625842025|1292, 625842105|1336, 625842395|1393, 625842395|1490, 625843487|1556, 625843487|4003, org.catrobat.catroid, 
625843590|1, 625843590|2864, 625843710|2890, 625843710|3018, 625851000|3030, 625858235|3045, 625858235|3511, 625858336|3574, 625858450|3605, 625858534|3620, 625858618|3632, 625858618|3644, 625862315|3667, 625866704|3687, 625866704|3697, 625867542|3709, 625867542|3736, 625868432|3757, 625868432|4012, at.DiTronic.androidgroup.randomgallery, 
625869461|1, 625869461|4001, com.android.vending, 
625869541|1, 625869541|739, 625869719|793, 625873175|958, 625873175|1234, 625873255|1509, 625873545|1580, 625873545|2003, 625874484|2189, 625874484|3233, 625878787|3327, 625879093|3376, 625879093|3395, 625879133|3440, 625880970|3503, 625880970|3556, 625881010|3575, 625882719|3615, 625882719|4002, com.scb.breezebanking.hk, 
625882852|1, 625882852|819, 625883320|950, 625883391|1050, 625883391|1075, 625883559|1099, 625883559|1126, 625888482|1157, 625888522|1170, 625888804|1182, 625888804|1215, 625893020|1230, 625894873|1244, 625894873|1255, 625894913|1266, 625894913|1311, 625896361|1325, 625896361|1369, 625896452|1380, 625896492|1392, 625896492|1532, 625896701|1542, 625896701|2260, 625896776|2357, 625896776|2376, 625896860|2389, 625896860|2413, 625901441|2424, 625901441|2526, 625901521|2538, 625901521|2556, 625901803|2594, 625901803|3070, 625902489|3093, 625902489|4010, com.Slack, 
625902760|1, 625902760|3317, 625904314|3391, 625904314|3427, 625904398|3462, 625906093|3488, 625906093|3543, 625906181|3606, 625906181|3619, 625906269|3668, 625906357|3693, 625906357|3727, 625906401|3752, 625906401|3785, 625906489|3806, 625906533|3846, 625906577|3865, 625906577|4004, air.com.hypah.io.slither, 
625920948|1, 625920948|1656, 625921354|1759, 625925100|1815, 625925100|1866, 625925796|1958, 625925874|1978, 625925874|2389, 625926979|2429, 625926979|3682, 625927059|3732, 625927148|3758, 625927225|3769, 625927225|3805, 625927309|3819, 625927309|3844, 625928767|3856, 625931554|3867, 625931754|3879, 625931754|3891, 625932246|3904, 625932246|3929, 625932324|3940, 625933187|3953, 625933187|3964, 625933789|3986, 625933789|4012, com.google.android.apps.docs, 
625933949|1, 625933949|1319, 625934033|1398, 625938513|1533, 625938553|1635, 625938553|1891, 625939458|1923, 625939458|3120, 625939538|3184, 625943867|3251, 625944067|3276, 625944559|3302, 625944637|3330, 625945500|3341, 625945500|3392, 625946129|3404, 625946129|4004, com.google.android.apps.docs, 
625946289|1, 625946289|746, 625946467|798, 625946551|863, 625949963|996, 625950333|1116, 625950333|1521, 625951194|1593, 625951194|2769, 625951266|2835, 625951350|2861, 625951350|2887, 625955457|2903, 625955763|2926, 625955763|2970, 625955803|3000, 625957640|3047, 625957640|3086, 625957680|3099, 625957680|3113, 625959389|3137, 625959389|4019, com.scb.breezebanking.hk, 
625959522|1, 625959522|1785, 625959784|1848, 625960438|1862, 625960438|1902, 625960606|1913, 625960606|1948, 625968166|1960, 625968166|1971, 625968206|1982, 625968246|1994, 625968566|2006, 625968566|2197, 625969448|2213, 625969528|2226, 625969528|2275, 625969684|2285, 625974380|2296, 625974380|2423, 625983142|2434, 625983182|2456, 625983182|3608, 625984764|3630, 625984804|3662, 625984804|4063, com.google.android.music, 
625992291|1, 625992291|950, 625996244|1167, 625996614|1205, 625996614|1330, 625997706|1395, 625997706|4004, org.catrobat.catroid, 
625997809|1, 625997809|762, 626001506|888, 626001876|941, 626001876|1015, 626002968|1089, 626002968|4007, org.catrobat.catroid, 
626003151|1, 626003151|4008, com.android.vending, 
626003151|1, 626003151|885, 626006850|969, 626007220|1066, 626007220|1244, 626008312|1328, 626008312|4006, org.catrobat.catroid, 
626008415|1, 626008415|794, 626008593|864, 626008677|905, 626012009|1084, 626012009|1164, 626012379|1251, 626012379|1620, 626013135|1632, 626013175|1643, 626013238|1677, 626013238|2421, 626013310|2438, 626013310|2468, 626013394|2486, 626017461|2503, 626017461|2522, 626017767|2534, 626017767|2551, 626017807|2574, 626017807|2600, 626019604|2619, 626019604|2717, 626019644|2792, 626019644|2825, 626021353|3032, 626021353|4010, com.scb.breezebanking.hk, 
626021486|1, 626021486|2764, 626021575|2786, 626021575|2897, 626021779|2917, 626021779|2969, 626021823|2980, 626021863|3003, 626028596|3051, 626028796|3070, 626029292|3083, 626029292|3107, 626029362|3121, 626029362|3465, 626030304|3476, 626030304|3775, 626030393|3791, 626030393|4010, com.google.android.apps.photos, 
626030562|1, 626030562|2258, 626030681|2282, 626030776|2325, 626030860|2347, 626030860|2545, 626031626|2598, 626031626|4005, com.sometimeswefly.littlealchemy, 
626031706|1, 626031706|1950, 626031848|1962, 626031848|1976, 626035915|2088, 626035915|2141, 626036300|2226, 626036340|2283, 626036340|2310, 626036796|2321, 626036796|2393, 626036880|2446, 626036880|2645, 626037646|2669, 626037646|4039, com.sometimeswefly.littlealchemy, 
626037726|1, 626037726|2082, 626037815|2175, 626037815|2892, 626037859|2907, 626037899|2941, 626044592|2953, 626044632|2980, 626044832|2991, 626044832|3001, 626045248|3014, 626045288|3031, 626045288|3043, 626045358|3058, 626045358|3143, 626045447|3154, 626045447|3371, 626046593|3388, 626046593|4004, com.google.android.apps.photos, 
626046762|1, 626046762|1049, 626046838|1106, 626046838|4004, com.whatsapp, 
626046838|1, 626046838|1279, 626046964|1367, 626046964|1410, 626047008|1445, 626050794|1519, 626051568|1675, 626051568|1859, 626052364|1903, 626052364|3035, 626052448|3095, 626056693|3139, 626056893|3172, 626056893|3185, 626057465|3201, 626057465|3217, 626057543|3229, 626058366|3245, 626058366|3526, 626059147|3537, 626059147|4010, com.google.android.apps.docs, 
626059307|1, 626059307|1453, 626060191|1597, 626060191|2151, 626060437|2427, 626066800|2560, 626071890|2660, 626072252|2727, 626073805|2810, 626073805|2856, 626074406|2879, 626074406|4010, com.android.chrome, 
626074806|1, 626074806|1200, 626076499|1385, 626076499|1935, 626076583|1993, 626082087|2055, 626083050|2109, 626089311|2240, 626095073|2337, 626095073|4012, com.android.chrome, 
626095313|1, 626095313|713, 626095389|840, 626095389|4012, com.whatsapp, 
