271864|1, 271864|1296, 271866|1376, 271867|1490, 271867|1541, 271868|1603, 271870|1685, 271870|1885, 271874|1974, 271877|2036, 271877|2064, 271878|2086, 271878|2208, 271882|2291, 271882|2391, 271901|2552, 271901|2711, 271904|2899, 271905|3045, 271908|3243, 271917|3381, 271917|3537, 271919|3561, 271919|3725, 271925|3785, 271926|4024, com.ebay.mobile, 
271967|1, 271967|788, 271971|867, 271972|895, 271978|962, 271980|1041, 271981|1062, 271981|1126, 271984|1258, 271990|1504, 271990|1540, 271991|1612, 271991|2052, 271992|2064, 271992|2275, 271994|2289, 271994|2597, 271997|2656, 271997|2871, 271998|2902, 272000|2941, 272000|3091, 272003|3132, 272003|3736, 272004|3750, 272004|4005, com.sololearn.cplusplus, 
272010|1, 272010|215, 272011|241, 272011|264, 272012|280, 272013|301, 272013|330, 272014|356, 272015|381, 272018|403, 272019|422, 272020|443, 272020|468, 272021|485, 272022|504, 272022|4006, com.ted.android.conference, 
272038|1, 272038|1263, 272039|1283, 272040|1319, 272041|1381, 272041|1399, 272042|1423, 272042|1471, 272044|1487, 272048|1512, 272050|1537, 272057|1598, 272061|1635, 272069|1737, 272078|1779, 272083|1827, 272084|1847, 272085|1866, 272085|1879, 272086|1892, 272089|1910, 272089|1922, 272092|1938, 272096|1978, 272096|2009, 272097|2026, 272102|2056, 272106|2083, 272120|2259, 272120|2382, 272124|2449, 272127|2700, 272127|2763, 272130|2845, 272131|2882, 272131|3132, 272133|3147, 272133|3166, 272134|3179, 272134|3331, 272137|3346, 272138|3356, 272139|3368, 272139|3671, 272140|3681, 272140|3889, 272141|3929, 272143|3944, 272143|4003, com.dropbox.android, 
272177|1, 272177|903, 272179|933, 272179|971, 272180|1004, 272180|1087, 272183|1160, 272185|1204, 272193|1293, 272197|1351, 272215|1444, 272215|1490, 272232|1609, 272232|2132, 272236|2196, 272239|2213, 272242|2226, 272244|2262, 272245|2285, 272247|2306, 272248|2332, 272248|2384, 272255|2401, 272255|2412, 272256|2424, 272256|2469, 272257|2491, 272258|2519, 272258|2537, 272261|2559, 272262|2588, 272262|2683, 272263|2695, 272263|2712, 272266|2753, 272266|2769, 272267|2786, 272269|2806, 272272|2828, 272272|2864, 272273|2888, 272273|2997, 272277|3019, 272279|3045, 272279|3077, 272281|3102, 272283|3114, 272283|3172, 272285|3183, 272285|3256, 272286|3269, 272286|3450, 272287|3464, 272287|3478, 272290|3504, 272290|3861, 272291|3878, 272292|3890, 272293|3902, 272293|4008, com.dropbox.android, 
272320|1, 272320|2193, 272321|2248, 272321|2426, 272322|2440, 272322|2703, 272323|2721, 272323|2937, 272325|2949, 272325|3141, 272327|3156, 272327|3344, 272329|3356, 272329|3552, 272332|3565, 272332|3746, 272334|3759, 272335|4005, com.bankofamerica.cashpromobile, 
272346|1, 272346|1804, 272348|1908, 272348|1947, 272350|1965, 272350|2051, 272351|2063, 272351|4003, com.android.chrome, 
272353|1, 272353|600, 272355|636, 272356|663, 272357|694, 272367|848, 272367|930, 272373|1148, 272373|1246, 272374|1278, 272374|1348, 272375|1459, 272375|1644, 272376|1695, 272377|1729, 272377|2005, 272379|2032, 272379|2296, 272381|2319, 272381|2337, 272382|2353, 272382|2607, 272385|2653, 272385|3150, 272386|3159, 272386|4004, com.sololearn.cplusplus, 
272392|1, 272392|4005, com.google.android.gm, 
272392|1, 272392|2247, 272393|2260, 272394|2290, 272394|2310, 272395|2337, 272395|2349, 272396|2359, 272397|2370, 272397|2390, 272400|2406, 272400|2511, 272401|2527, 272402|2560, 272402|2602, 272403|2626, 272404|2645, 272406|2656, 272406|2690, 272409|2711, 272410|2725, 272410|2737, 272416|2753, 272416|2778, 272422|2800, 272427|2816, 272431|2843, 272431|2885, 272439|2915, 272440|2938, 272440|3177, 272442|3218, 272442|3228, 272443|3238, 272443|3275, 272445|3285, 272445|3314, 272448|3326, 272448|3347, 272449|3358, 272449|3391, 272462|3407, 272462|3601, 272463|3612, 272463|3682, 272466|3701, 272466|4147, com.google.android.music, 
272523|1, 272523|1818, 272524|1839, 272524|1889, 272525|1936, 272525|2066, 272527|2088, 272527|2279, 272529|2293, 272529|2479, 272531|2492, 272531|2691, 272536|2704, 272536|2919, 272537|2929, 272537|3100, 272538|3118, 272538|3859, 272539|3874, 272539|3922, 272540|3945, 272542|3974, 272542|4028, com.bankofamerica.cashpromobile, 
272562|1, 272562|2353, 272563|2363, 272563|2406, 272565|2416, 272565|2437, 272568|2456, 272568|2469, 272571|2491, 272571|2547, 272572|2559, 272572|2825, 272574|2861, 272574|4001, com.google.android.keep, 
272576|1, 272576|4006, com.ted.android.conference, 
272576|1, 272576|1254, 272577|1330, 272578|1357, 272579|1384, 272586|1480, 272587|1532, 272587|1641, 272588|1663, 272588|4007, org.catrobat.catroid, 
272590|1, 272590|1103, 272592|1156, 272592|1221, 272595|1263, 272610|1349, 272625|1383, 272630|1410, 272630|1432, 272641|1465, 272646|1539, 272646|1552, 272651|1574, 272652|1619, 272655|1654, 272658|1691, 272660|1760, 272661|1833, 272663|1886, 272664|1959, 272671|2019, 272673|2052, 272675|2080, 272677|2104, 272677|2141, 272679|2155, 272680|2170, 272681|2180, 272682|2234, 272682|2347, 272683|2360, 272683|2373, 272685|2391, 272685|2406, 272687|2422, 272690|2440, 272692|2456, 272694|2473, 272695|2489, 272697|2537, 272697|2768, 272701|2794, 272702|2809, 272703|2825, 272705|2839, 272705|2966, 272709|2978, 272709|2989, 272710|3000, 272711|3017, 272711|3047, 272712|3059, 272712|3187, 272714|3210, 272716|3232, 272718|3248, 272718|3557, 272720|3570, 272720|3591, 272722|3603, 272724|3613, 272724|4005, com.dropbox.android, 
272755|1, 272755|1047, 272763|1248, 272765|1426, 272765|2155, 272766|2217, 272779|2376, 272785|2484, 272786|2570, 272789|2619, 272800|2702, 272804|2802, 272804|4008, com.android.chrome, 
272808|1, 272808|4001, at.DiTronic.androidgroup.randomgallery, 
272846|1, 272846|848, 272851|1003, 272858|1122, 272858|1435, 272859|1459, 272860|1492, 272860|3120, 272861|3140, 272862|3176, 272867|3245, 272869|3339, 272870|3381, 272873|3444, 272873|3506, 272874|3519, 272874|3565, 272877|3596, 272877|4006, com.scb.breezebanking.hk, 
272879|1, 272879|1194, 272883|1479, 272890|1650, 272890|2372, 272891|2474, 272893|2510, 272893|2532, 272899|2566, 272906|2600, 272907|2669, 272908|2836, 272912|2959, 272914|3033, 272914|3801, 272915|3828, 272915|3858, 272916|3883, 272916|4009, com.android.chrome, 
272936|1, 272936|1063, 272937|1213, 272938|1284, 272938|1308, 272939|1384, 272939|2117, 272940|2135, 272940|2179, 272942|2192, 272942|2223, 272945|2241, 272945|2252, 272948|2262, 272948|2313, 272949|2325, 272949|2489, 272951|2509, 272951|4007, com.google.android.keep, 
272956|1, 272956|3100, 272957|3139, 272957|3160, 272958|3172, 272958|3185, 272959|3200, 272959|3243, 272960|3261, 272961|3278, 272961|3309, 272966|3326, 272966|3382, 272967|3411, 272967|3451, 272972|3480, 272974|3503, 272975|3515, 272975|3537, 272976|3554, 272978|3566, 272978|3596, 272979|3609, 272980|3624, 272980|3681, 272981|3694, 272981|3789, 272982|3810, 272982|4007, com.google.android.apps.photos, 
272999|1, 272999|1802, 273001|1881, 273004|1949, 273009|2085, 273014|2185, 273014|2225, 273019|2260, 273019|2413, 273020|2441, 273021|2482, 273024|2573, 273026|2772, 273026|3549, 273027|3586, 273027|3629, 273030|3659, 273030|4020, com.sometimeswefly.littlealchemy, 
273034|1, 273034|2187, 273035|2218, 273037|2251, 273037|2566, 273039|2584, 273039|3902, 273040|3921, 273040|4018, com.sometimeswefly.littlealchemy, 
273044|1, 273044|1935, 273050|2020, 273054|2067, 273054|2098, 273060|2109, 273060|2119, 273062|2138, 273070|2155, 273072|2166, 273075|2176, 273075|2221, 273076|2230, 273077|2243, 273077|2257, 273085|2284, 273085|3152, 273088|3185, 273088|4008, com.google.android.music, 
273105|1, 273105|1760, 273106|1789, 273107|1805, 273107|1837, 273109|1849, 273109|1871, 273110|1880, 273113|1896, 273113|1910, 273115|1930, 273115|2302, 273116|2319, 273116|4003, com.google.android.keep, 
273118|1, 273118|1713, 273119|1745, 273120|1779, 273120|1962, 273123|1976, 273123|2105, 273126|2116, 273126|2243, 273128|2253, 273128|2418, 273131|2438, 273131|2620, 273133|2633, 273133|2840, 273134|2851, 273134|3034, 273135|3046, 273135|3719, 273136|3747, 273136|3782, 273137|3817, 273139|3893, 273143|4064, com.bankofamerica.cashpromobile, 
273165|1, 273165|3028, 273166|3041, 273166|4006, com.ted.android.conference, 
273167|1, 273167|749, 273169|889, 273171|966, 273171|1010, 273176|1094, 273178|1125, 273185|1162, 273187|1214, 273188|1227, 273188|1358, 273189|1371, 273189|1942, 273192|1955, 273192|2056, 273193|2079, 273196|2146, 273196|2269, 273198|2389, 273198|2481, 273203|2502, 273203|2514, 273204|2550, 273204|2691, 273206|2703, 273206|2927, 273207|2941, 273207|2959, 273209|2995, 273209|3013, 273210|3058, 273210|3091, 273214|3177, 273214|3274, 273219|3288, 273219|3308, 273221|3336, 273221|3363, 273222|3382, 273222|3440, 273223|3452, 273225|3484, 273225|3533, 273226|3577, 273227|3604, 273227|3614, 273228|3624, 273228|4013, com.mxtech.videoplayer.ad, 
273239|1, 273239|635, 273242|685, 273244|698, 273248|734, 273248|872, 273253|1008, 273254|1067, 273260|1098, 273260|1224, 273261|1305, 273261|1471, 273262|1494, 273262|1691, 273264|1704, 273264|2022, 273266|2046, 273266|2303, 273267|2338, 273269|2371, 273269|2602, 273271|2622, 273272|2638, 273272|3268, 273273|3280, 273273|4009, com.sololearn.cplusplus, 
273280|1, 273280|4008, com.ted.android.conference, 
273280|1, 273280|1294, 273281|1352, 273283|1418, 273284|1448, 273284|1488, 273286|1516, 273286|1540, 273288|1589, 273288|1606, 273294|1646, 273299|1699, 273299|1786, 273302|1849, 273302|1874, 273304|1906, 273307|1959, 273307|1989, 273310|2035, 273314|2075, 273316|2147, 273316|2171, 273320|2206, 273320|2235, 273321|2290, 273323|2320, 273323|2374, 273324|2395, 273324|2427, 273326|2461, 273326|2502, 273329|2560, 273330|2620, 273334|2679, 273334|2693, 273335|2753, 273338|2967, 273338|3008, 273341|3055, 273345|3133, 273353|3181, 273353|3201, 273355|3236, 273355|3399, 273356|3435, 273356|3480, 273367|3498, 273367|3600, 273368|3618, 273368|4015, com.ebay.mobile, 
273378|1, 273378|1656, 273379|1676, 273379|1718, 273380|1728, 273381|1740, 273381|1751, 273384|1769, 273384|1785, 273387|1805, 273387|1857, 273388|1869, 273388|2148, 273391|2162, 273391|4002, com.google.android.keep, 
273393|1, 273393|1044, 273401|1338, 273401|1962, 273403|2055, 273405|2091, 273416|2160, 273422|2274, 273422|2302, 273424|2369, 273424|2410, 273425|2443, 273425|4003, com.android.chrome, 
273427|1, 273427|4009, at.DiTronic.androidgroup.randomgallery, 
273464|1, 273464|542, 273468|613, 273473|664, 273475|770, 273478|902, 273479|945, 273485|1002, 273485|1156, 273487|1253, 273487|1463, 273489|1496, 273489|1791, 273491|1808, 273491|2082, 273493|2098, 273493|2134, 273494|2146, 273494|2280, 273496|2307, 273497|2332, 273497|2940, 273498|2950, 273498|4014, com.sololearn.cplusplus, 
273504|1, 273504|850, 273506|898, 273506|925, 273508|952, 273508|971, 273511|989, 273513|1009, 273513|1069, 273515|1079, 273515|1157, 273516|1174, 273516|1217, 273517|1237, 273517|4011, com.ted.android.conference, 
273517|1, 273517|656, 273518|751, 273519|784, 273519|798, 273521|818, 273521|845, 273528|895, 273528|932, 273529|983, 273533|1006, 273533|1059, 273534|1095, 273534|1812, 273537|1848, 273537|2050, 273538|2082, 273538|3197, 273539|3227, 273540|3264, 273540|3302, 273542|3317, 273542|3337, 273547|3357, 273548|3382, 273548|3468, 273549|3484, 273550|3501, 273552|3518, 273558|3558, 273566|3587, 273566|3619, 273569|3631, 273569|3656, 273574|3666, 273575|3680, 273575|3703, 273578|3719, 273578|3748, 273581|3771, 273581|3799, 273583|3814, 273583|3859, 273585|3876, 273585|3925, 273586|3937, 273586|4015, com.mxtech.videoplayer.ad, 
273598|1, 273598|521, 273599|537, 273600|634, 273601|701, 273601|745, 273608|924, 273611|1003, 273611|1111, 273614|1141, 273614|1404, 273621|1420, 273621|2002, 273622|2014, 273622|2043, 273623|2055, 273623|2624, 273625|2728, 273625|2956, 273627|2974, 273627|3179, 273629|3195, 273629|3206, 273630|3219, 273630|3421, 273633|3433, 273633|4006, com.sololearn.cplusplus, 
273640|1, 273640|3516, 273642|3604, 273645|3688, 273649|3791, 273649|3812, 273650|3836, 273653|3970, 273653|4027, air.com.hypah.io.slither, 
273670|1, 273670|2887, 273673|2912, 273673|3123, 273683|3140, 273683|3480, 273684|3495, 273684|3533, 273686|3544, 273686|3578, 273694|3605, 273696|3616, 273696|3642, 273698|3656, 273698|3769, 273699|3814, 273700|3848, 273702|3865, 273706|3907, 273707|3942, 273710|3962, 273712|3976, 273712|4013, at.DiTronic.androidgroup.randomgallery, 
273724|1, 273724|735, 273727|901, 273732|1006, 273732|1066, 273735|1247, 273735|1647, 273737|1736, 273738|1845, 273738|3194, 273739|3227, 273746|3335, 273748|3434, 273748|3471, 273751|3515, 273751|3592, 273752|3632, 273755|3654, 273755|4014, com.scb.breezebanking.hk, 
273758|1, 273758|4008, com.ted.android.conference, 
273758|1, 273758|2223, 273759|2257, 273759|4009, com.ted.android.conference, 
273760|1, 273760|4004, com.android.vending, 
273804|1, 273804|1048, 273809|1110, 273809|1133, 273810|1183, 273818|1281, 273818|4001, com.whatsapp, 
273829|1, 273829|1781, 273830|1813, 273831|1854, 273831|2027, 273834|2038, 273834|2161, 273837|2183, 273837|2367, 273839|2379, 273839|2566, 273842|2579, 273842|2781, 273844|2793, 273844|3010, 273845|3034, 273846|3051, 273846|3187, 273848|3202, 273848|3833, 273849|3864, 273849|3918, 273850|3934, 273850|3952, 273852|3990, 273852|4017, com.bankofamerica.cashpromobile, 
273884|1, 273884|1825, 273885|1842, 273885|2070, 273886|2081, 273887|2100, 273887|2280, 273889|2292, 273889|2489, 273891|2501, 273891|2691, 273896|2702, 273896|2918, 273897|2929, 273897|3104, 273898|3129, 273898|3674, 273899|3722, 273901|3765, 273901|3923, 273905|3977, 273905|4021, com.bankofamerica.cashpromobile, 
273924|1, 273924|729, 273925|793, 273925|3679, 273930|3690, 273930|4004, com.whatsapp, 
273936|1, 273936|2191, 273937|2254, 273939|2287, 273939|2573, 273941|2639, 273941|4022, com.sometimeswefly.littlealchemy, 
273943|1, 273943|4002, com.google.android.gm, 
273943|1, 273943|1046, 273945|1167, 273947|1209, 273947|1234, 273950|1272, 273954|1309, 273954|1324, 273957|1348, 273957|1464, 273962|1509, 273964|1533, 273964|1635, 273967|1662, 273967|1948, 273972|1969, 273972|2269, 273976|2430, 273983|2589, 274002|2699, 274002|2827, 274005|2890, 274007|2921, 274010|2957, 274010|2968, 274012|3025, 274018|3079, 274020|3126, 274024|3172, 274034|3227, 274040|3292, 274040|3919, 274041|3941, 274042|3981, 274045|4027, com.android.vending, 
274094|1, 274094|91, 274095|105, 274095|1868, 274096|1896, 274096|1934, 274097|1946, 274097|1958, 274098|1974, 274098|1984, 274100|1995, 274101|2006, 274101|2119, 274102|2135, 274102|2202, 274103|2246, 274106|2306, 274111|2328, 274116|2395, 274128|2502, 274144|2535, 274145|2561, 274145|2800, 274147|2815, 274147|2990, 274148|3001, 274148|3045, 274150|3057, 274150|3082, 274161|3093, 274161|3123, 274166|3135, 274166|3186, 274167|3204, 274167|4010, com.google.android.keep, 
274178|1, 274178|1603, 274180|1726, 274190|1818, 274190|1841, 274191|1860, 274199|1882, 274201|1900, 274204|1914, 274204|1958, 274206|1970, 274206|2016, 274212|2029, 274213|2041, 274213|2913, 274216|2947, 274218|4043, com.google.android.music, 
274246|1, 274246|635, 274247|812, 274252|904, 274257|960, 274261|1011, 274264|1083, 274264|1200, 274265|1213, 274265|1804, 274268|1829, 274268|1957, 274271|2119, 274271|2215, 274273|2278, 274273|2476, 274279|2487, 274279|2500, 274280|2513, 274280|2685, 274281|2698, 274281|2909, 274282|2933, 274282|2988, 274283|3021, 274285|3086, 274287|3122, 274292|3140, 274292|3200, 274293|3223, 274293|3234, 274295|3251, 274296|3274, 274296|3286, 274298|3304, 274298|3325, 274299|3346, 274300|3390, 274302|3418, 274302|3439, 274307|3462, 274307|3475, 274308|3487, 274308|3509, 274311|3522, 274311|3550, 274313|3567, 274313|3604, 274315|3617, 274315|3742, 274317|3757, 274317|3906, 274318|3917, 274318|4010, com.mxtech.videoplayer.ad, 
274331|1, 274331|603, 274332|767, 274339|927, 274342|990, 274342|1328, 274343|1453, 274346|1527, 274346|2628, 274347|2700, 274350|2769, 274355|2791, 274355|2823, 274356|2871, 274357|2898, 274358|2919, 274358|2990, 274359|3009, 274359|3045, 274362|3072, 274362|4010, com.scb.breezebanking.hk, 
274364|1, 274364|682, 274365|785, 274367|836, 274371|877, 274374|919, 274377|974, 274381|1017, 274381|1108, 274382|1126, 274382|1727, 274385|1774, 274385|1894, 274389|1949, 274389|2150, 274391|2193, 274391|2380, 274396|2394, 274396|2431, 274397|2446, 274397|2575, 274399|2590, 274399|2840, 274400|2850, 274400|2929, 274402|3003, 274404|3064, 274409|3089, 274409|3198, 274411|3247, 274413|3275, 274414|3301, 274414|3335, 274417|3369, 274422|3387, 274422|3400, 274423|3414, 274423|3427, 274425|3441, 274425|3513, 274426|3528, 274429|3548, 274429|3572, 274430|3584, 274430|3596, 274432|3612, 274432|3647, 274434|3659, 274434|3719, 274435|3729, 274435|4007, com.mxtech.videoplayer.ad, 
274446|1, 274446|2201, 274447|2217, 274447|2232, 274449|2346, 274449|2571, 274451|2584, 274451|4001, com.sometimeswefly.littlealchemy, 
274453|1, 274453|1128, 274454|1160, 274454|1180, 274455|1210, 274455|1298, 274457|1311, 274457|1499, 274462|1516, 274462|1579, 274463|1596, 274463|1731, 274465|1743, 274465|1890, 274466|1901, 274466|2445, 274468|2514, 274470|2548, 274470|2569, 274475|2637, 274477|2684, 274478|2720, 274478|2918, 274479|2948, 274479|4010, com.Slack, 
274485|1, 274485|1115, 274486|1292, 274489|1411, 274489|1512, 274493|1559, 274493|1600, 274500|1762, 274505|1879, 274505|2045, 274510|2065, 274512|2087, 274513|2110, 274513|2166, 274517|2229, 274524|2380, 274527|2583, 274532|2660, 274532|2859, 274537|2893, 274537|3033, 274538|3170, 274538|4019, com.ebay.mobile, 
274559|1, 274559|1215, 274562|1370, 274566|1449, 274566|1482, 274568|1533, 274577|1614, 274577|1680, 274584|1839, 274587|1878, 274588|1922, 274590|1979, 274592|2036, 274598|2063, 274602|2148, 274605|2235, 274607|2287, 274607|2345, 274611|2484, 274614|2619, 274614|2879, 274615|2903, 274615|4023, com.ebay.mobile, 
274627|1, 274627|4011, com.android.vending, 
274627|1, 274627|4007, com.android.vending, 
274627|1, 274627|804, 274632|904, 274637|939, 274637|954, 274642|971, 274642|1004, 274644|1022, 274644|1039, 274654|1073, 274654|1127, 274655|1139, 274655|1169, 274658|1180, 274663|1204, 274663|1238, 274664|1262, 274664|1312, 274665|1328, 274665|1517, 274666|1532, 274666|2065, 274667|2114, 274669|2164, 274669|2177, 274674|2204, 274674|2298, 274676|2310, 274676|2323, 274677|2337, 274677|2615, 274678|2632, 274678|4007, com.Slack, 
274686|1, 274686|665, 274687|705, 274691|771, 274694|852, 274699|929, 274702|1012, 274706|1033, 274706|1097, 274707|1111, 274707|1684, 274710|1734, 274710|1832, 274711|1920, 274711|2072, 274712|2125, 274713|2167, 274716|2186, 274720|2237, 274721|2248, 274721|2270, 274723|2282, 274723|2307, 274725|2319, 274725|2332, 274726|2349, 274726|2440, 274732|2462, 274732|2485, 274733|2496, 274733|2617, 274735|2632, 274735|2800, 274736|2838, 274738|2876, 274740|2919, 274744|2933, 274745|2963, 274745|2976, 274746|2986, 274746|3000, 274747|3020, 274747|3045, 274749|3062, 274749|3086, 274753|3106, 274753|3116, 274755|3129, 274755|3159, 274756|3174, 274756|3204, 274759|3215, 274759|3248, 274760|3261, 274762|3279, 274762|3344, 274763|3361, 274763|4003, com.mxtech.videoplayer.ad, 
274775|1, 274775|4015, com.ted.android.conference, 
274775|1, 274775|1731, 274778|1806, 274780|1861, 274783|1955, 274789|2122, 274790|2159, 274790|2220, 274791|2280, 274791|2762, 274794|2799, 274794|3318, 274798|3401, 274801|3508, 274804|3568, 274815|3683, 274819|3732, 274819|4076, com.google.android.apps.docs, 
274823|1, 274823|4011, com.ted.android.conference, 
274825|1, 274825|669, 274835|820, 274836|881, 274836|955, 274838|978, 274839|1022, 274839|1240, 274845|1265, 274845|1445, 274846|1492, 274846|1564, 274847|1593, 274847|1869, 274849|1883, 274849|2516, 274850|2537, 274850|2550, 274852|2588, 274852|2621, 274853|2678, 274853|2717, 274854|2752, 274857|2785, 274857|2841, 274858|2884, 274858|2953, 274861|2989, 274871|3019, 274888|3052, 274888|3400, 274897|3411, 274897|3528, 274899|3540, 274899|4007, com.sololearn.cplusplus, 
274906|1, 274906|1255, 274907|1282, 274907|1324, 274908|1357, 274908|4011, com.google.android.gm, 
274908|1, 274908|2565, 274909|2603, 274911|2636, 274911|2806, 274912|2838, 274912|3151, 274913|3178, 274914|3208, 274915|3234, 274915|3273, 274917|3304, 274923|3343, 274923|3377, 274928|3410, 274929|3435, 274929|3544, 274930|3561, 274930|3606, 274932|3639, 274932|3816, 274935|3842, 274935|3980, 274936|3995, 274936|4006, com.google.android.apps.photos, 
274942|1, 274942|4004, com.google.android.gm, 
274942|1, 274942|1713, 274944|1752, 274946|1780, 274948|1793, 274948|1828, 274950|1842, 274950|1854, 274952|1873, 274952|1883, 274955|1898, 274958|1914, 274959|1934, 274968|1954, 274973|1977, 274973|2036, 274976|2050, 274982|2080, 274983|2123, 274983|3050, 274986|3071, 274986|3864, 274988|3952, 274990|4007, com.google.android.music, 
275014|1, 275014|2499, 275015|2598, 275018|2646, 275018|2977, 275019|2998, 275019|3025, 275020|3037, 275021|3050, 275021|3080, 275027|3093, 275027|3116, 275031|3131, 275034|3142, 275035|3155, 275035|3188, 275036|3204, 275036|3422, 275039|3436, 275039|3631, 275041|3641, 275041|4002, com.google.android.apps.photos, 
275047|1, 275047|763, 275049|875, 275058|933, 275060|976, 275061|993, 275061|1043, 275063|1056, 275063|1132, 275064|1157, 275069|1171, 275069|1190, 275070|1201, 275070|1335, 275071|1349, 275071|1574, 275072|1589, 275072|2014, 275073|2123, 275073|4012, com.Slack, 
275078|1, 275078|1258, 275079|1322, 275081|1440, 275084|1536, 275087|1603, 275087|1708, 275099|1932, 275104|2073, 275104|2129, 275110|2199, 275110|2290, 275115|2354, 275117|2383, 275123|2524, 275126|2590, 275127|2677, 275131|2791, 275131|2950, 275133|2996, 275134|3025, 275134|3191, 275135|3277, 275135|4024, com.ebay.mobile, 
275163|1, 275163|4004, com.google.android.gm, 
275163|1, 275163|3353, 275167|3482, 275182|3817, 275197|3864, 275198|3888, 275199|3909, 275199|3952, 275201|3989, 275202|4006, air.com.hypah.io.slither, 
275256|1, 275256|1210, 275257|1234, 275257|4010, com.google.android.gm, 
275257|1, 275257|4003, com.google.android.gm, 
275257|1, 275257|1154, 275258|1230, 275262|1339, 275267|1434, 275268|1472, 275268|1591, 275269|1610, 275269|4004, org.catrobat.catroid, 
275271|1, 275271|824, 275273|911, 275274|969, 275277|1072, 275282|1132, 275284|1176, 275289|1227, 275289|1312, 275290|1325, 275290|1982, 275293|2004, 275293|2220, 275294|2259, 275294|2316, 275296|2427, 275296|2531, 275298|2553, 275298|2728, 275303|2763, 275303|2808, 275304|2830, 275304|2945, 275306|2959, 275306|3178, 275307|3220, 275307|3257, 275310|3342, 275311|3371, 275311|3384, 275315|3418, 275315|3433, 275316|3452, 275316|3464, 275319|3495, 275320|3521, 275321|3545, 275321|3567, 275322|3597, 275322|3620, 275324|3631, 275325|3644, 275331|3661, 275331|3683, 275333|3705, 275333|3719, 275335|3730, 275335|3787, 275336|3804, 275338|3817, 275338|3838, 275339|3850, 275339|3879, 275340|3894, 275342|3915, 275342|3950, 275343|3966, 275343|3982, 275345|3999, 275345|4012, com.mxtech.videoplayer.ad, 
275357|1, 275357|2977, 275360|2994, 275360|3198, 275361|3209, 275362|3241, 275363|3319, 275364|4003, at.DiTronic.androidgroup.randomgallery, 
275394|1, 275394|1823, 275396|1858, 275396|1873, 275400|1902, 275400|1916, 275406|1947, 275406|1967, 275416|1986, 275416|1998, 275418|2011, 275420|2023, 275422|2036, 275422|2067, 275423|2079, 275424|2090, 275431|2111, 275431|3015, 275434|3036, 275435|4034, com.google.android.music, 
275461|1, 275461|1975, 275462|1987, 275462|2007, 275463|2024, 275465|2043, 275465|2061, 275468|2079, 275468|2101, 275471|2116, 275471|2157, 275472|2177, 275472|2339, 275474|2371, 275474|4012, com.google.android.keep, 
275476|1, 275476|1206, 275478|1378, 275479|1417, 275482|1529, 275489|1613, 275490|1662, 275490|1993, 275494|2064, 275494|3401, 275497|3413, 275497|3462, 275499|3475, 275499|3508, 275502|3521, 275507|3535, 275507|3546, 275509|3558, 275509|3592, 275511|3603, 275511|3627, 275513|3640, 275513|4012, com.google.android.apps.docs, 
275521|1, 275521|1820, 275523|1903, 275523|1949, 275526|1961, 275527|1981, 275527|2001, 275533|2013, 275533|2046, 275543|2060, 275543|2072, 275549|2087, 275549|2142, 275551|2153, 275551|2166, 275556|2177, 275557|2188, 275557|2984, 275560|2996, 275560|4012, com.google.android.music, 
275589|1, 275589|727, 275591|758, 275595|840, 275598|939, 275600|958, 275601|973, 275601|995, 275603|1039, 275603|1062, 275604|1146, 275610|1237, 275610|1398, 275611|1484, 275611|1612, 275612|1640, 275612|1821, 275613|1837, 275614|1862, 275614|2152, 275616|2173, 275616|2441, 275617|2463, 275619|2490, 275619|2617, 275622|2650, 275622|3193, 275623|3207, 275623|4009, com.sololearn.cplusplus, 
275629|1, 275629|2502, 275630|2546, 275632|2586, 275633|2617, 275633|2666, 275635|2678, 275635|2712, 275641|2730, 275641|2758, 275647|2770, 275647|2906, 275648|2918, 275649|2930, 275649|3140, 275652|3194, 275652|3539, 275654|3554, 275654|4005, com.google.android.apps.photos, 
275660|1, 275660|1717, 275661|1746, 275661|1789, 275662|1801, 275662|1831, 275663|1844, 275663|1989, 275666|2002, 275666|2114, 275669|2154, 275669|2323, 275671|2336, 275671|2534, 275674|2545, 275674|2740, 275676|2754, 275676|2971, 275677|2982, 275677|3142, 275678|3156, 275678|3842, 275679|3859, 275680|3904, 275680|3952, 275681|3977, 275683|4017, com.bankofamerica.cashpromobile, 
275705|1, 275705|758, 275706|802, 275709|884, 275714|973, 275719|1032, 275719|1085, 275722|1102, 275722|1153, 275723|1172, 275723|1824, 275726|1838, 275726|1951, 275729|2025, 275729|2170, 275730|2194, 275730|2220, 275731|2255, 275731|2380, 275736|2392, 275736|2439, 275737|2454, 275737|2590, 275739|2605, 275739|2823, 275740|2834, 275740|2910, 275742|2996, 275744|3060, 275749|3102, 275749|3218, 275751|3244, 275753|3278, 275753|3293, 275755|3311, 275755|3324, 275756|3343, 275759|3386, 275759|3412, 275764|3424, 275764|3448, 275765|3470, 275765|3480, 275767|3491, 275767|3504, 275768|3518, 275770|3540, 275770|3569, 275772|3585, 275772|3630, 275774|3641, 275774|3686, 275775|3713, 275775|4001, com.mxtech.videoplayer.ad, 
275788|1, 275788|619, 275790|732, 275790|750, 275792|779, 275797|852, 275800|955, 275803|971, 275803|1037, 275804|1057, 275804|1616, 275807|1669, 275807|1771, 275808|1832, 275808|2053, 275809|2076, 275809|2307, 275811|2323, 275811|2517, 275818|2539, 275818|2561, 275819|2572, 275819|2696, 275821|2744, 275825|2813, 275829|2841, 275829|2887, 275830|2905, 275830|2923, 275832|2934, 275834|2974, 275834|3001, 275838|3037, 275840|3060, 275840|3079, 275842|3095, 275842|3129, 275846|3143, 275847|3155, 275847|3168, 275849|3185, 275849|3198, 275850|3210, 275850|3233, 275852|3246, 275852|3291, 275854|3306, 275854|3350, 275856|3367, 275856|3428, 275857|3439, 275857|4015, com.mxtech.videoplayer.ad, 
275869|1, 275869|1308, 275871|1405, 275871|1446, 275872|1465, 275872|1501, 275874|1524, 275878|1548, 275883|1618, 275889|1688, 275901|1735, 275907|1813, 275930|1949, 275933|2018, 275935|2052, 275936|2067, 275936|2143, 275937|2181, 275942|2218, 275944|2242, 275946|2273, 275950|2298, 275951|2344, 275953|2397, 275953|2497, 275955|2516, 275956|2534, 275958|2566, 275958|2589, 275960|2602, 275960|2627, 275961|2642, 275962|2655, 275962|2671, 275964|2725, 275964|2795, 275966|2806, 275966|2847, 275967|2862, 275968|2875, 275969|2902, 275970|2917, 275971|2948, 275971|2963, 275972|2980, 275972|2990, 275974|3004, 275974|3028, 275975|3046, 275975|3058, 275976|3072, 275976|3104, 275980|3122, 275980|3328, 275985|3360, 275985|3377, 275987|3402, 275989|3414, 275991|3432, 275991|3642, 275992|3655, 275992|3720, 275995|3734, 275995|3750, 275997|3761, 275997|4008, com.dropbox.android, 
276024|1, 276024|1029, 276025|1163, 276029|1391, 276029|1448, 276033|1487, 276033|1562, 276045|1674, 276046|1740, 276047|1787, 276047|1819, 276050|1857, 276051|1935, 276052|1962, 276052|1985, 276056|2002, 276057|2027, 276059|2057, 276062|2143, 276066|2230, 276072|2304, 276072|2345, 276075|2399, 276079|2450, 276082|2502, 276088|2575, 276092|2618, 276095|2767, 276095|2811, 276096|2836, 276096|2983, 276100|3045, 276100|3207, 276101|3270, 276101|3721, 276102|3733, 276102|4005, com.ebay.mobile, 
276117|1, 276117|1562, 276118|1583, 276118|1623, 276120|1633, 276120|1661, 276123|1678, 276123|1704, 276124|1720, 276126|1735, 276127|1745, 276127|2025, 276129|2038, 276129|4001, com.google.android.keep, 
276131|1, 276131|968, 276132|1166, 276132|1227, 276135|1327, 276135|1458, 276142|1517, 276142|1554, 276143|1574, 276148|1716, 276148|1774, 276152|1845, 276162|2020, 276166|2146, 276167|2214, 276167|2234, 276171|2263, 276177|2448, 276183|2587, 276183|2756, 276184|2787, 276184|4004, com.ebay.mobile, 
276196|1, 276196|2652, 276198|2718, 276206|2931, 276206|3109, 276207|3140, 276210|3190, 276210|3840, 276211|3863, 276211|4011, air.com.hypah.io.slither, 
276227|1, 276227|2043, 276229|2072, 276231|2092, 276231|2128, 276235|2139, 276235|2162, 276236|2173, 276241|2187, 276245|2198, 276250|2212, 276255|2236, 276255|2294, 276256|2308, 276257|2318, 276264|2336, 276264|3366, 276267|3381, 276267|4005, com.google.android.music, 
276306|1, 276306|4002, com.android.vending, 
276308|1, 276308|703, 276309|754, 276317|887, 276317|1066, 276318|1196, 276320|1300, 276320|2514, 276323|2597, 276323|3270, 276325|3337, 276332|3392, 276332|3456, 276333|3474, 276334|3512, 276337|3566, 276337|3642, 276338|3660, 276338|3696, 276341|3718, 276341|4019, com.scb.breezebanking.hk, 
276343|1, 276343|2239, 276344|2278, 276346|2341, 276348|2389, 276348|2593, 276350|2666, 276350|2977, 276351|3042, 276352|3092, 276354|3117, 276354|3136, 276358|3164, 276358|3183, 276360|3215, 276360|4013, com.sometimeswefly.littlealchemy, 
276366|1, 276366|676, 276367|713, 276369|791, 276374|860, 276379|931, 276380|946, 276380|976, 276385|1009, 276385|1077, 276386|1096, 276386|1621, 276389|1675, 276389|1844, 276390|1925, 276390|2193, 276391|2241, 276392|2263, 276393|2284, 276393|2420, 276395|2434, 276395|2632, 276401|2645, 276401|2668, 276402|2680, 276402|2782, 276404|2811, 276405|2849, 276408|2898, 276409|2913, 276409|2925, 276414|2941, 276414|3003, 276415|3018, 276417|3044, 276418|3067, 276419|3080, 276419|3094, 276421|3116, 276421|3152, 276422|3179, 276424|3213, 276424|3233, 276426|3281, 276432|3299, 276433|3312, 276433|3331, 276435|3349, 276435|3369, 276436|3395, 276438|3422, 276438|3432, 276439|3449, 276441|3474, 276441|3515, 276443|3527, 276443|3578, 276444|3591, 276444|4010, com.mxtech.videoplayer.ad, 
276457|1, 276457|1362, 276459|1505, 276462|1650, 276473|1781, 276474|1833, 276474|2194, 276477|2230, 276477|2727, 276479|2798, 276484|2867, 276488|2936, 276493|2969, 276493|2993, 276497|3189, 276497|4004, com.google.android.apps.docs, 
276501|1, 276501|588, 276502|612, 276502|641, 276504|680, 276509|740, 276509|862, 276513|913, 276514|946, 276514|982, 276522|1126, 276522|1236, 276523|1300, 276523|1453, 276524|1521, 276524|1790, 276525|1802, 276526|1816, 276526|2113, 276528|2136, 276528|2396, 276530|2414, 276530|2432, 276531|2446, 276531|2611, 276534|2634, 276534|3153, 276535|3165, 276535|4008, com.sololearn.cplusplus, 
276541|1, 276541|1779, 276542|1803, 276542|1932, 276543|1946, 276543|2039, 276544|2052, 276544|2098, 276546|2112, 276546|2527, 276548|2538, 276549|2549, 276549|2784, 276550|2799, 276550|2832, 276552|2845, 276552|3142, 276558|3157, 276558|3453, 276559|3501, 276559|3565, 276560|3604, 276560|3774, 276562|3794, 276562|4017, com.bankofamerica.cashpromobile, 
276590|1, 276590|1058, 276591|1129, 276595|1223, 276601|1360, 276601|1449, 276602|1521, 276602|4001, org.catrobat.catroid, 
276604|1, 276604|1209, 276605|1246, 276607|1346, 276607|4003, com.whatsapp, 
276607|1, 276607|719, 276608|748, 276610|846, 276610|1044, 276611|1094, 276612|1109, 276613|1158, 276613|1271, 276618|1286, 276619|1306, 276619|1472, 276620|1483, 276620|1691, 276623|1721, 276623|1876, 276624|1886, 276625|1898, 276625|2084, 276630|2097, 276630|2172, 276631|2189, 276631|2340, 276634|2397, 276637|2469, 276642|2510, 276645|2599, 276646|2646, 276646|2886, 276647|2917, 276647|4002, com.Slack, 
276664|1, 276664|598, 276665|656, 276665|4004, com.whatsapp, 
276665|1, 276665|616, 276671|744, 276676|826, 276679|892, 276679|910, 276682|928, 276682|1019, 276683|1041, 276683|1534, 276686|1596, 276686|1745, 276687|1820, 276687|2047, 276688|2094, 276688|2318, 276690|2330, 276690|2518, 276696|2532, 276696|2583, 276697|2593, 276697|2726, 276699|2763, 276699|2810, 276700|2885, 276703|2919, 276708|2944, 276708|2970, 276709|3002, 276710|3020, 276710|3049, 276712|3063, 276712|3086, 276713|3103, 276714|3138, 276714|3163, 276717|3183, 276717|3195, 276722|3213, 276723|3231, 276724|3246, 276724|3259, 276726|3271, 276726|3320, 276728|3330, 276728|3375, 276729|3388, 276730|3401, 276730|3411, 276732|3429, 276732|3445, 276733|3455, 276735|3473, 276735|3543, 276736|3554, 276736|4003, com.mxtech.videoplayer.ad, 
276749|1, 276749|4009, com.ted.android.conference, 
276749|1, 276749|4003, com.google.android.gm, 
276749|1, 276749|1396, 276763|1804, 276763|1999, 276764|2197, 276782|2405, 276792|2489, 276801|2567, 276801|2590, 276805|2619, 276814|2658, 276818|2734, 276819|2775, 276819|4006, com.android.chrome, 
276831|1, 276831|618, 276836|688, 276838|715, 276841|734, 276841|894, 276846|1035, 276854|1204, 276854|1239, 276855|1329, 276855|1569, 276856|1594, 276856|1820, 276858|1835, 276858|2163, 276860|2174, 276860|2443, 276862|2472, 276863|2498, 276863|2637, 276866|2664, 276866|3276, 276867|3348, 276867|4007, com.sololearn.cplusplus, 
276873|1, 276873|660, 276874|674, 276875|702, 276877|728, 276880|755, 276880|851, 276881|897, 276885|1034, 276893|1160, 276893|1312, 276894|1382, 276894|1477, 276895|1521, 276895|1749, 276897|1764, 276897|2077, 276899|2099, 276899|2362, 276901|2382, 276901|2398, 276902|2418, 276902|2567, 276905|2584, 276905|3122, 276906|3132, 276906|4010, com.sololearn.cplusplus, 
276913|1, 276913|829, 276914|914, 276915|1024, 276915|4007, com.whatsapp, 
276915|1, 276915|4009, com.google.android.gm, 
276915|1, 276915|1676, 276916|1694, 276916|1748, 276917|1775, 276917|1925, 276919|1936, 276919|2137, 276921|2164, 276921|2334, 276923|2347, 276923|2547, 276926|2561, 276926|2748, 276928|2760, 276928|2962, 276929|2989, 276929|3152, 276930|3164, 276930|3844, 276931|3859, 276931|3903, 276932|3919, 276932|3941, 276934|3975, 276934|4014, com.bankofamerica.cashpromobile, 
276955|1, 276955|1956, 276956|1973, 276956|2021, 276957|2032, 276958|2045, 276958|2065, 276961|2090, 276964|2101, 276964|2149, 276965|2160, 276965|2353, 276967|2363, 276967|4003, com.google.android.keep, 
276981|1, 276981|2009, 276982|2052, 276983|2102, 276985|2153, 276985|2453, 276987|2515, 276987|4039, com.sometimeswefly.littlealchemy, 
276989|1, 276989|1659, 276990|1674, 276990|1734, 276992|1746, 276992|1770, 276995|1780, 276996|1791, 276998|1810, 276998|1851, 276999|1862, 276999|1872, 277000|1884, 277000|2135, 277002|2147, 277002|4009, com.google.android.keep, 
277004|1, 277004|1435, 277005|1501, 277007|1578, 277010|1591, 277013|1603, 277013|1614, 277016|1677, 277017|1691, 277017|2327, 277020|2360, 277020|3527, 277023|3561, 277023|3597, 277025|3609, 277025|3629, 277028|3640, 277032|3651, 277033|3664, 277033|3691, 277035|3703, 277035|3734, 277037|3745, 277037|3760, 277039|3776, 277039|4011, com.google.android.apps.docs, 
277043|1, 277043|4008, at.DiTronic.androidgroup.randomgallery, 
277080|1, 277080|4009, com.android.vending, 
277080|1, 277080|3086, 277083|3156, 277083|3388, 277084|3416, 277086|3496, 277088|3567, 277094|3605, 277094|3629, 277100|3656, 277100|3804, 277101|3823, 277104|4015, com.google.android.apps.photos, 
277111|1, 277111|1448, 277119|1626, 277119|2150, 277125|2265, 277136|2338, 277142|2398, 277153|2456, 277157|2481, 277165|2548, 277173|2615, 277173|4002, com.android.chrome, 
277185|1, 277185|1339, 277186|1411, 277191|1589, 277194|1654, 277199|1700, 277199|1784, 277200|1819, 277200|2067, 277203|2101, 277203|3370, 277204|3400, 277208|3441, 277208|3477, 277211|3507, 277216|3533, 277216|3544, 277218|3559, 277218|3583, 277220|3599, 277220|3693, 277222|3705, 277222|4004, com.google.android.apps.docs, 
277226|1, 277226|1757, 277227|1796, 277227|1820, 277229|1832, 277229|1857, 277232|1881, 277235|1903, 277235|1939, 277236|1961, 277236|2192, 277238|2210, 277238|4005, com.google.android.keep, 
277240|1, 277240|1737, 277241|1775, 277241|1790, 277242|1805, 277242|1973, 277245|2042, 277245|2198, 277248|2210, 277248|2402, 277250|2419, 277250|2600, 277253|2621, 277253|2814, 277255|2826, 277255|3035, 277256|3059, 277256|3228, 277257|3249, 277257|3856, 277258|3873, 277258|3909, 277259|3937, 277261|3959, 277261|4006, com.bankofamerica.cashpromobile, 
277283|1, 277283|1147, 277284|1260, 277286|1398, 277286|1553, 277288|1602, 277288|1714, 277292|1767, 277294|1854, 277295|1923, 277295|2036, 277299|2090, 277299|2258, 277306|2366, 277306|2572, 277311|2611, 277311|2778, 277317|2968, 277317|3066, 277319|3214, 277319|3267, 277320|3304, 277320|3342, 277322|3386, 277327|3517, 277327|3738, 277328|3781, 277328|3907, 277330|3918, 277330|4001, com.ebay.mobile, 
277340|1, 277340|4011, com.google.android.gm, 
277340|1, 277340|707, 277341|786, 277341|4001, com.whatsapp, 
277341|1, 277341|988, 277343|1055, 277345|1086, 277346|1104, 277346|1116, 277353|1131, 277353|1150, 277355|1164, 277355|1218, 277358|1235, 277358|1315, 277359|1344, 277366|1360, 277366|1371, 277367|1382, 277367|1517, 277368|1531, 277368|1744, 277369|1754, 277369|2227, 277371|2302, 277373|2337, 277378|2354, 277378|2509, 277380|2536, 277381|2555, 277381|3044, 277382|3084, 277382|4003, com.Slack, 
277389|1, 277389|2698, 277391|2901, 277391|2952, 277399|3054, 277399|3218, 277400|3247, 277400|4013, air.com.hypah.io.slither, 
277419|1, 277419|39, 277421|67, 277421|270, 277422|294, 277422|320, 277424|355, 277427|407, 277431|464, 277432|524, 277432|652, 277441|686, 277441|1196, 277442|1234, 277443|1307, 277443|1368, 277445|1428, 277445|1446, 277446|1471, 277450|1512, 277450|1570, 277451|1591, 277451|1605, 277452|1618, 277452|1657, 277454|1717, 277466|1774, 277468|1800, 277470|1840, 277472|1859, 277472|1899, 277473|1934, 277475|1957, 277481|2012, 277491|2112, 277502|2179, 277503|2198, 277517|2329, 277522|2391, 277524|2421, 277525|2439, 277525|2520, 277527|2538, 277527|2569, 277529|2654, 277534|2716, 277537|2746, 277538|2771, 277538|2932, 277540|2944, 277540|2998, 277541|3019, 277542|3036, 277544|3054, 277545|3071, 277546|3091, 277548|3102, 277548|3118, 277552|3131, 277552|3169, 277553|3185, 277554|3200, 277554|3434, 277557|3447, 277559|3468, 277559|3479, 277561|3501, 277561|3808, 277562|3825, 277562|3861, 277563|3883, 277565|3900, 277565|4001, com.dropbox.android, 
277585|1, 277585|2275, 277586|2339, 277588|2431, 277588|2472, 277594|2631, 277597|2721, 277597|2860, 277598|2890, 277598|2902, 277600|2935, 277601|2990, 277601|4001, com.sometimeswefly.littlealchemy, 
277603|1, 277603|1314, 277605|1435, 277606|1481, 277609|1580, 277616|1629, 277617|1660, 277617|1671, 277618|1700, 277618|1911, 277621|1955, 277621|2911, 277625|3103, 277628|3189, 277634|3249, 277636|3312, 277636|3394, 277638|3405, 277638|3675, 277640|3689, 277640|4004, com.google.android.apps.docs, 
277645|1, 277645|728, 277646|811, 277646|890, 277648|1047, 277654|1187, 277654|1467, 277657|1498, 277657|1926, 277659|1990, 277660|2086, 277660|2962, 277661|2988, 277662|3026, 277664|3078, 277669|3108, 277670|3162, 277674|3262, 277674|3284, 277675|3376, 277678|3447, 277678|4029, com.scb.breezebanking.hk, 
277680|1, 277680|1788, 277681|1814, 277681|1847, 277682|1866, 277682|2044, 277685|2056, 277685|2210, 277688|2225, 277688|2420, 277690|2431, 277690|2591, 277695|2634, 277695|2845, 277696|2863, 277696|3028, 277697|3050, 277697|3459, 277698|3527, 277702|3716, 277702|3830, 277705|3863, 277706|4027, com.bankofamerica.cashpromobile, 
277729|1, 277729|1966, 277730|2037, 277734|2084, 277734|2105, 277736|2119, 277738|2140, 277749|2191, 277754|2218, 277756|2233, 277756|2242, 277759|2254, 277759|2275, 277760|2288, 277760|2299, 277765|2311, 277769|2323, 277769|3336, 277771|3348, 277772|3373, 277772|4002, com.google.android.music, 
277803|1, 277803|1244, 277804|1310, 277804|1357, 277805|1416, 277814|1556, 277818|1613, 277818|1635, 277819|1668, 277819|1936, 277822|1977, 277822|2817, 277823|2879, 277826|2930, 277828|2953, 277828|2982, 277831|3001, 277836|3017, 277836|3035, 277838|3048, 277838|3069, 277839|3087, 277840|3103, 277840|3160, 277842|3179, 277842|4026, com.google.android.apps.docs, 
277846|1, 277846|2869, 277849|2880, 277849|3116, 277859|3130, 277859|3593, 277861|3642, 277862|3673, 277864|3709, 277867|3730, 277867|3743, 277872|3764, 277874|3776, 277874|3798, 277878|3810, 277882|3822, 277885|3840, 277886|3855, 277888|3873, 277888|4013, at.DiTronic.androidgroup.randomgallery, 
277897|1, 277897|1047, 277899|1095, 277900|1129, 277901|1196, 277902|1238, 277908|1279, 277919|1371, 277928|1424, 277928|1436, 277930|1471, 277932|1509, 277940|1578, 277944|1603, 277944|1620, 277948|1642, 277956|1703, 277962|1725, 277964|1800, 277965|1815, 277967|1835, 277967|1847, 277969|1872, 277970|1896, 277971|1918, 277972|1935, 277973|1948, 277973|1962, 277975|1983, 277976|2012, 277976|2093, 277977|2129, 277977|2162, 277978|2198, 277981|2215, 277985|2232, 277985|2302, 277986|2338, 277986|2385, 277987|2407, 277989|2446, 277989|2542, 277991|2553, 277991|2592, 277992|2609, 277992|2624, 277993|2634, 277998|2651, 277998|2707, 278000|2722, 278000|2888, 278003|2902, 278003|2915, 278004|2928, 278005|2946, 278005|2957, 278007|2980, 278007|3013, 278008|3028, 278008|3082, 278010|3111, 278010|3151, 278011|3170, 278011|3403, 278013|3420, 278013|3478, 278015|3501, 278015|3815, 278016|3828, 278017|3842, 278017|3858, 278019|3870, 278019|4004, com.dropbox.android, 
278047|1, 278047|2939, 278051|3094, 278058|3293, 278072|3352, 278081|3415, 278083|3494, 278083|3514, 278085|3545, 278085|3556, 278086|3574, 278087|3592, 278087|3652, 278088|3673, 278089|3686, 278089|3717, 278090|3742, 278091|3753, 278091|4025, air.com.hypah.io.slither, 
278130|1, 278130|746, 278132|831, 278139|941, 278139|1117, 278142|1265, 278142|1516, 278143|1578, 278145|1658, 278145|2761, 278146|2775, 278147|2809, 278154|2904, 278156|2985, 278159|3054, 278159|3104, 278160|3119, 278160|3143, 278163|3165, 278163|4009, com.scb.breezebanking.hk, 
278165|1, 278165|1783, 278167|1870, 278169|1904, 278169|1938, 278173|1949, 278173|1987, 278176|2000, 278179|2012, 278180|2023, 278188|2036, 278189|2047, 278194|2064, 278194|2121, 278196|2133, 278196|2160, 278203|2171, 278205|2187, 278205|3019, 278208|3033, 278209|4017, com.google.android.music, 
278236|1, 278236|2811, 278239|2825, 278239|3061, 278249|3077, 278249|3559, 278250|3620, 278251|3649, 278253|3673, 278255|3691, 278258|3713, 278266|3737, 278266|3748, 278270|3761, 278270|3772, 278274|3784, 278274|3819, 278275|3841, 278275|4009, at.DiTronic.androidgroup.randomgallery, 
278285|1, 278285|924, 278287|960, 278287|974, 278289|1060, 278289|1160, 278290|1192, 278293|1231, 278293|1689, 278296|1871, 278296|1978, 278299|2009, 278299|4008, com.android.vending, 
278301|1, 278301|1952, 278302|1979, 278303|2025, 278305|2055, 278305|2307, 278307|2359, 278307|4003, com.sometimeswefly.littlealchemy, 
278309|1, 278309|2881, 278317|3076, 278317|3226, 278320|3307, 278323|3324, 278323|4004, air.com.hypah.io.slither, 
278341|1, 278341|1675, 278342|1729, 278343|1759, 278345|1793, 278347|1846, 278348|1880, 278348|1915, 278350|1949, 278352|1973, 278352|2041, 278359|2066, 278363|2172, 278364|2191, 278365|2229, 278370|2308, 278373|2354, 278375|2389, 278375|2408, 278377|2455, 278383|2523, 278384|2563, 278389|2632, 278390|2720, 278395|2755, 278395|2819, 278397|2915, 278399|2986, 278400|3018, 278401|3089, 278404|3242, 278404|3377, 278406|3607, 278408|3706, 278408|3843, 278410|3859, 278410|4007, com.ebay.mobile, 
278435|1, 278435|985, 278440|1120, 278446|1283, 278446|1362, 278447|1389, 278447|4002, org.catrobat.catroid, 
278451|1, 278451|1163, 278453|1241, 278453|1314, 278463|1397, 278472|1429, 278478|1458, 278492|1539, 278494|1569, 278495|1599, 278500|1620, 278501|1634, 278501|1649, 278503|1668, 278508|1694, 278509|1708, 278513|1757, 278513|2068, 278517|2125, 278525|2170, 278525|2291, 278526|2307, 278526|2326, 278528|2344, 278530|2361, 278534|2410, 278535|2426, 278536|2443, 278539|2460, 278540|2482, 278540|2549, 278541|2568, 278543|2589, 278543|2655, 278544|2667, 278544|2709, 278548|2742, 278549|2781, 278549|2826, 278552|2842, 278552|2920, 278555|2937, 278556|2960, 278558|2984, 278559|2997, 278559|3154, 278563|3167, 278563|3181, 278564|3193, 278564|3218, 278566|3229, 278566|3268, 278568|3286, 278568|3301, 278569|3313, 278569|3350, 278571|3368, 278571|3413, 278572|3425, 278572|3438, 278573|3450, 278573|3669, 278574|3682, 278574|3693, 278576|3717, 278576|3730, 278578|3751, 278578|4006, com.dropbox.android, 
278608|1, 278608|780, 278618|1102, 278619|1181, 278619|4003, org.catrobat.catroid, 
278621|1, 278621|1281, 278622|1335, 278624|1428, 278625|1526, 278628|1580, 278628|1625, 278641|1675, 278641|1721, 278642|1800, 278643|1828, 278648|1899, 278650|1960, 278650|1993, 278655|2045, 278658|2095, 278659|2151, 278661|2199, 278661|2246, 278665|2312, 278669|2363, 278672|2451, 278686|2995, 278686|3142, 278687|3276, 278687|4003, com.ebay.mobile, 
278698|1, 278698|3036, 278701|3048, 278701|3260, 278702|3278, 278711|3303, 278711|3701, 278714|3745, 278714|3772, 278716|3812, 278717|3830, 278717|3842, 278719|3853, 278722|3867, 278722|3878, 278730|3898, 278730|3910, 278732|3922, 278732|3933, 278734|3948, 278734|3959, 278737|3972, 278738|3988, 278738|4002, at.DiTronic.androidgroup.randomgallery, 
278744|1, 278744|1141, 278754|1601, 278754|1879, 278757|2166, 278769|2280, 278778|2365, 278783|2406, 278790|2455, 278794|2498, 278796|2569, 278797|2626, 278797|4004, com.android.chrome, 
278809|1, 278809|2864, 278817|3086, 278817|3220, 278818|3248, 278818|3270, 278821|3295, 278821|4004, air.com.hypah.io.slither, 
278842|1, 278842|202, 278843|239, 278843|248, 278845|278, 278845|321, 278848|345, 278848|391, 278853|441, 278853|571, 278862|740, 278862|1025, 278863|1097, 278865|1162, 278869|1205, 278869|1273, 278872|1383, 278872|1503, 278873|1571, 278873|4009, org.catrobat.catroid, 
278875|1, 278875|1041, 278877|1101, 278878|1156, 278878|1195, 278880|1207, 278887|1271, 278893|1321, 278918|1396, 278918|1407, 278930|1429, 278932|1475, 278936|1568, 278938|1617, 278942|1651, 278948|1715, 278949|1741, 278950|1789, 278955|1837, 278956|1864, 278957|1898, 278958|1938, 278960|1977, 278960|2693, 278961|2706, 278961|3001, 278962|3014, 278962|3084, 278963|3107, 278964|3125, 278964|3150, 278966|3173, 278966|3190, 278967|3207, 278968|3223, 278969|3234, 278969|3323, 278970|3341, 278972|3373, 278972|3397, 278973|3409, 278975|3452, 278975|3525, 278976|3541, 278976|3552, 278980|3565, 278980|3575, 278983|3601, 278985|3614, 278985|3724, 278986|3736, 278987|3757, 278987|3808, 278988|3818, 278988|4006, com.dropbox.android, 
279017|1, 279017|2882, 279018|2904, 279022|2961, 279022|2981, 279023|2999, 279023|3045, 279024|3058, 279025|3070, 279025|3089, 279031|3103, 279032|3118, 279037|3130, 279037|3143, 279039|3158, 279039|3218, 279040|3228, 279040|3455, 279042|3467, 279043|3480, 279043|3933, 279045|3954, 279045|4004, com.google.android.apps.photos, 
279051|1, 279051|716, 279052|779, 279053|858, 279059|1064, 279061|1147, 279062|1281, 279062|1457, 279063|1566, 279065|1690, 279065|2867, 279066|2896, 279067|2947, 279074|3085, 279075|3147, 279078|3189, 279078|3293, 279079|3321, 279079|3338, 279082|3358, 279082|4001, com.scb.breezebanking.hk, 
279084|1, 279084|1524, 279094|1694, 279094|2068, 279109|2312, 279109|2325, 279118|2396, 279128|2461, 279139|2520, 279144|2606, 279144|4004, com.android.chrome, 
279154|1, 279154|1065, 279156|1097, 279157|1142, 279157|1304, 279158|1317, 279159|1328, 279159|1507, 279164|1544, 279164|1594, 279165|1607, 279165|1821, 279167|1830, 279167|2069, 279168|2109, 279168|2302, 279171|2401, 279174|2437, 279178|2483, 279180|2524, 279181|2555, 279181|2838, 279182|2869, 279182|4002, com.Slack, 
279201|1, 279201|904, 279202|937, 279204|1080, 279204|4009, com.whatsapp, 
279204|1, 279204|4009, com.android.vending, 
279204|1, 279204|2748, 279205|2772, 279205|2823, 279206|2834, 279210|2850, 279210|2869, 279211|2880, 279216|2892, 279216|2902, 279219|2914, 279220|2925, 279223|2936, 279223|2996, 279224|3009, 279224|3261, 279227|3274, 279227|3831, 279229|3848, 279229|4009, com.google.android.apps.photos, 
279235|1, 279235|703, 279236|741, 279238|784, 279238|799, 279240|818, 279240|840, 279246|861, 279246|877, 279248|906, 279250|925, 279250|940, 279251|957, 279251|1029, 279257|1044, 279257|1055, 279258|1071, 279258|1144, 279259|1154, 279259|1349, 279260|1360, 279261|1374, 279261|1582, 279262|1599, 279262|1932, 279263|1974, 279264|2011, 279264|2041, 279266|2059, 279266|2070, 279271|2091, 279271|2171, 279273|2191, 279274|2223, 279274|2774, 279275|2805, 279275|4004, com.Slack, 
279281|1, 279281|958, 279284|1064, 279290|1136, 279292|1155, 279293|1178, 279293|1265, 279295|1277, 279295|1419, 279301|1432, 279301|1451, 279302|1464, 279302|1477, 279303|1487, 279303|1630, 279305|1647, 279305|1861, 279306|1876, 279306|2237, 279307|2272, 279307|2301, 279309|2321, 279309|2335, 279314|2364, 279317|2436, 279317|2642, 279318|2685, 279318|4002, com.Slack, 
279324|1, 279324|2437, 279334|2787, 279334|3052, 279335|3088, 279336|3144, 279337|3180, 279337|3215, 279338|3225, 279339|3248, 279342|3260, 279342|3400, 279343|3420, 279348|3480, 279348|3563, 279349|3594, 279349|4020, air.com.hypah.io.slither, 
279353|1, 279353|229, 279354|329, 279354|393, 279355|416, 279355|523, 279357|537, 279358|565, 279361|601, 279365|631, 279365|695, 279367|714, 279367|735, 279368|760, 279368|841, 279370|898, 279370|978, 279371|1048, 279372|1102, 279372|1183, 279375|1220, 279379|1236, 279379|1354, 279380|1450, 279382|1556, 279400|1645, 279414|1724, 279420|1783, 279422|1823, 279426|1855, 279428|1881, 279435|1927, 279452|2047, 279454|2057, 279454|2071, 279460|2092, 279462|2119, 279466|2164, 279468|2237, 279468|2325, 279469|2343, 279469|2360, 279473|2393, 279475|2432, 279476|2476, 279479|2524, 279479|2553, 279480|2582, 279481|2620, 279483|2639, 279483|2665, 279484|2684, 279484|2703, 279485|2716, 279486|2746, 279487|2758, 279487|2799, 279489|2811, 279489|2857, 279491|2871, 279491|2883, 279493|2923, 279497|2954, 279499|2967, 279499|3243, 279504|3260, 279504|3272, 279506|3285, 279506|3308, 279510|3327, 279510|3544, 279511|3556, 279511|3633, 279513|3647, 279515|3664, 279517|3675, 279517|4014, com.dropbox.android, 
279552|1, 279552|2815, 279560|2984, 279560|3109, 279564|3156, 279564|4015, air.com.hypah.io.slither, 
279581|1, 279581|1013, 279582|1070, 279582|1117, 279591|1218, 279593|1265, 279594|1305, 279594|1325, 279596|1336, 279596|1438, 279600|1449, 279602|1462, 279602|1519, 279603|1532, 279603|1660, 279605|1672, 279605|1901, 279606|1912, 279606|2275, 279607|2316, 279615|2390, 279615|2453, 279616|2531, 279617|2556, 279618|2576, 279618|3303, 279619|3336, 279619|4011, com.Slack, 
279625|1, 279625|987, 279626|1006, 279630|1088, 279641|1149, 279645|1179, 279645|1191, 279650|1225, 279656|1329, 279660|1380, 279666|1418, 279687|1537, 279693|1595, 279697|1753, 279697|1815, 279701|1908, 279703|1931, 279703|1966, 279705|1991, 279708|2028, 279710|2069, 279710|2153, 279712|2167, 279714|2192, 279714|2251, 279716|2279, 279716|2293, 279718|2314, 279718|2372, 279719|2389, 279719|2402, 279720|2423, 279720|2438, 279721|2449, 279722|2462, 279722|2496, 279723|2508, 279725|2522, 279726|2534, 279726|2577, 279728|2590, 279728|2802, 279733|2820, 279737|2857, 279739|2883, 279739|3150, 279740|3163, 279740|4006, com.dropbox.android, 
279768|1, 279768|2919, 279771|2935, 279771|3079, 279781|3095, 279781|3601, 279782|3670, 279784|3719, 279786|3739, 279786|3757, 279788|3770, 279791|3793, 279791|3804, 279795|3816, 279803|3843, 279803|3860, 279807|3874, 279807|3886, 279808|3912, 279808|4010, at.DiTronic.androidgroup.randomgallery, 
279815|1, 279815|2481, 279816|2522, 279818|2559, 279819|2589, 279819|2957, 279820|2979, 279820|3036, 279822|3065, 279829|3184, 279835|3251, 279835|3322, 279836|3350, 279836|3521, 279838|3540, 279838|3564, 279841|3585, 279842|3606, 279842|4002, com.google.android.apps.photos, 
279848|1, 279848|868, 279849|913, 279849|4004, com.whatsapp, 
279849|1, 279849|1062, 279850|1102, 279852|1178, 279857|1263, 279857|1297, 279859|1340, 279860|1390, 279860|1456, 279861|1495, 279861|4015, org.catrobat.catroid, 
279863|1, 279863|2849, 279866|2875, 279866|3002, 279872|3015, 279877|3029, 279877|3500, 279880|3560, 279881|3590, 279883|3605, 279885|3618, 279885|3629, 279889|3652, 279898|3672, 279898|3681, 279900|3695, 279901|3723, 279904|3745, 279904|4022, at.DiTronic.androidgroup.randomgallery, 
279913|1, 279913|4008, com.android.vending, 
279915|1, 279915|665, 279916|738, 279917|797, 279923|968, 279923|1236, 279926|1509, 279926|2024, 279930|2213, 279930|3186, 279931|3218, 279932|3244, 279940|3336, 279940|3376, 279941|3392, 279942|3442, 279945|3501, 279945|3556, 279946|3579, 279949|3613, 279949|4005, com.scb.breezebanking.hk, 
279951|1, 279951|815, 279954|957, 279956|1044, 279957|1073, 279960|1093, 279960|1107, 279966|1135, 279967|1153, 279968|1164, 279968|1195, 279969|1209, 279974|1226, 279974|1249, 279975|1260, 279975|1304, 279976|1319, 279976|1374, 279977|1386, 279977|1563, 279978|1579, 279978|2254, 279980|2352, 279981|2370, 279982|2383, 279982|2406, 279987|2418, 279987|2507, 279988|2520, 279989|2532, 279989|2550, 279990|2591, 279990|3065, 279991|3087, 279991|4004, com.Slack, 
279997|1, 279997|3170, 279999|3309, 280005|3383, 280006|3418, 280008|3455, 280012|3498, 280032|3532, 280033|3594, 280033|3621, 280035|3656, 280037|3681, 280037|3714, 280038|3740, 280038|3773, 280040|3795, 280041|3835, 280042|3855, 280042|4002, air.com.hypah.io.slither, 
280082|1, 280082|1116, 280083|1333, 280083|1608, 280084|1656, 280087|1756, 280090|1805, 280090|1879, 280098|1951, 280098|1967, 280099|2013, 280099|2345, 280101|2394, 280102|2435, 280102|3674, 280105|3724, 280106|3748, 280107|3759, 280107|3795, 280109|3810, 280109|3834, 280110|3846, 280114|3857, 280117|3869, 280117|3881, 280119|3894, 280119|3918, 280120|3930, 280121|3943, 280121|3954, 280123|3976, 280123|4002, com.google.android.apps.docs, 
280127|1, 280127|1204, 280128|1317, 280130|1390, 280140|1540, 280141|1627, 280141|1883, 280144|1925, 280144|3077, 280145|3123, 280147|3189, 280152|3251, 280157|3268, 280159|3294, 280159|3321, 280161|3333, 280161|3384, 280163|3397, 280163|4014, com.google.android.apps.docs, 
280167|1, 280167|669, 280168|744, 280169|798, 280176|873, 280176|1006, 280179|1129, 280179|1519, 280182|1602, 280182|2768, 280184|2833, 280186|2859, 280186|2885, 280191|2901, 280191|2929, 280192|2968, 280193|3005, 280196|3056, 280196|3085, 280197|3098, 280197|3110, 280200|3136, 280200|4004, com.scb.breezebanking.hk, 
280202|1, 280202|1783, 280206|1845, 280208|1858, 280208|1898, 280212|1909, 280212|1943, 280218|1956, 280218|1966, 280219|1978, 280223|1990, 280228|2002, 280228|2193, 280230|2209, 280232|2232, 280232|2280, 280233|2293, 280234|2305, 280235|2316, 280235|2419, 280237|2430, 280238|2454, 280238|3605, 280241|3628, 280241|4063, com.google.android.music, 
280268|1, 280268|908, 280269|954, 280276|1165, 280279|1211, 280279|1329, 280280|1394, 280280|4012, org.catrobat.catroid, 
280282|1, 280282|714, 280283|765, 280290|889, 280291|945, 280291|1015, 280292|1093, 280292|4005, org.catrobat.catroid, 
280295|1, 280295|4006, com.android.vending, 
280295|1, 280295|847, 280296|885, 280301|968, 280304|1066, 280304|1248, 280305|1332, 280305|4005, org.catrobat.catroid, 
280307|1, 280307|795, 280309|864, 280311|906, 280314|1082, 280314|1193, 280317|1258, 280317|1617, 280319|1630, 280319|1641, 280320|1675, 280320|2332, 280321|2395, 280321|2422, 280322|2436, 280322|2466, 280324|2485, 280328|2505, 280328|2550, 280330|2572, 280330|2599, 280332|2619, 280332|2767, 280333|2793, 280336|2852, 280336|4008, com.scb.breezebanking.hk, 
280338|1, 280338|2738, 280339|2762, 280341|2774, 280341|2885, 280344|2907, 280344|2957, 280345|2969, 280346|2995, 280352|3039, 280357|3058, 280359|3072, 280359|3132, 280360|3145, 280360|3453, 280363|3465, 280363|3575, 280364|3599, 280364|3766, 280366|3779, 280366|4008, com.google.android.apps.photos, 
280372|1, 280372|2196, 280373|2214, 280373|2230, 280374|2252, 280375|2269, 280375|2310, 280377|2332, 280377|2564, 280379|2583, 280379|4010, com.sometimeswefly.littlealchemy, 
280381|1, 280381|1919, 280382|1942, 280383|1954, 280383|1968, 280389|2086, 280389|2118, 280390|2156, 280391|2219, 280392|2282, 280392|2302, 280393|2329, 280394|2393, 280396|2462, 280396|2639, 280398|2669, 280398|4034, com.sometimeswefly.littlealchemy, 
280400|1, 280400|2108, 280403|2197, 280403|2509, 280404|2543, 280404|2812, 280405|2835, 280405|2890, 280407|2913, 280407|2939, 280412|2951, 280413|2978, 280418|2989, 280418|2998, 280419|3015, 280419|3068, 280420|3086, 280420|3141, 280422|3152, 280422|3357, 280425|3371, 280426|3387, 280426|4002, com.google.android.apps.photos, 
280432|1, 280432|1000, 280433|1048, 280433|4002, com.whatsapp, 
280433|1, 280433|1279, 280434|1363, 280435|1402, 280437|1436, 280440|1510, 280449|1666, 280449|1850, 280452|1895, 280452|2967, 280453|3032, 280455|3092, 280458|3136, 280463|3165, 280463|3175, 280467|3193, 280467|3224, 280469|3243, 280469|3517, 280471|3528, 280471|4001, com.google.android.apps.docs, 
280475|1, 280475|1398, 280476|1452, 280485|1598, 280485|2191, 280491|2432, 280508|2559, 280520|2660, 280526|2736, 280527|2809, 280527|2854, 280528|2879, 280528|4009, com.android.chrome, 
280538|1, 280538|1197, 280544|1387, 280544|1828, 280545|1937, 280549|2001, 280559|2060, 280569|2161, 280581|2240, 280593|2339, 280594|2365, 280594|4009, com.android.chrome, 
280600|1, 280600|662, 280601|673, 280601|4012, com.whatsapp, 
