-669233156|1, -669233156|1298, -669233416|1377, -669233578|1492, -669233578|1541, -669233642|1604, -669233996|1687, -669233996|1886, -669237430|1975, -669237850|2038, -669237850|2065, -669238248|2087, -669238248|2209, -669239888|2291, -669239888|2392, -669246006|2538, -669246006|2712, -669247893|2900, -669247953|3046, -669249851|3235, -669254261|3373, -669254261|3538, -669254616|3562, -669254616|3726, -669264261|3785, -669264467|4019, com.ebay.mobile, 
-669288019|1, -669288019|790, -669288526|866, -669288769|894, -669293026|964, -669293720|1042, -669294050|1064, -669294050|1127, -669295489|1244, -669301761|1505, -669301761|1541, -669302046|1612, -669302046|2054, -669302276|2066, -669302276|2277, -669303252|2290, -669303252|2579, -669303729|2598, -669304650|2657, -669304650|2902, -669305446|2942, -669305446|3091, -669306507|3127, -669306507|3705, -669306888|3716, -669306888|3738, -669306928|3751, -669306928|4005, com.sololearn.cplusplus, 
-669307431|1, -669307431|218, -669307501|244, -669307501|266, -669307713|283, -669307903|303, -669307903|332, -669307987|351, -669308265|384, -669312238|405, -669312403|424, -669313038|446, -669313383|471, -669313423|488, -669313919|507, -669313919|4009, com.ted.android.conference, 
-669322039|1, -669322039|1264, -669322100|1284, -669322290|1319, -669322467|1381, -669322467|1400, -669322551|1424, -669322551|1472, -669322864|1488, -669327119|1513, -669327437|1538, -669332083|1599, -669336335|1636, -669337470|1737, -669346090|1778, -669350595|1828, -669350655|1848, -669350715|1867, -669350715|1879, -669350799|1892, -669351351|1910, -669351351|1922, -669355539|1938, -669359807|1979, -669359807|2010, -669360013|2027, -669360968|2056, -669361361|2080, -669368658|2259, -669368658|2330, -669369907|2382, -669371612|2447, -669373052|2700, -669373052|2762, -669373521|2846, -669374351|2881, -669374351|3133, -669375274|3147, -669375274|3167, -669375314|3179, -669375314|3332, -669379489|3347, -669379695|3357, -669380451|3368, -669380451|3645, -669380765|3659, -669380765|3672, -669380805|3681, -669380805|3890, -669382064|3929, -669382960|3945, -669382960|4003, com.dropbox.android, 
-669394950|1, -669394950|904, -669395238|934, -669395238|972, -669395298|1004, -669395298|1088, -669395502|1160, -669395815|1202, -669396691|1294, -669399907|1351, -669405254|1437, -669411078|1491, -669432178|1609, -669432178|2133, -669432796|2196, -669434547|2214, -669435652|2227, -669436784|2263, -669436990|2286, -669437402|2307, -669437608|2333, -669437608|2384, -669440420|2402, -669440420|2413, -669441029|2424, -669441029|2470, -669442278|2492, -669442318|2520, -669442318|2538, -669444686|2559, -669444746|2588, -669444746|2683, -669445552|2696, -669445552|2713, -669447875|2753, -669447875|2770, -669448511|2787, -669448855|2807, -669450734|2827, -669450734|2865, -669451319|2888, -669451319|2998, -669455574|3019, -669456536|3046, -669456536|3078, -669458198|3103, -669459731|3115, -669459731|3173, -669461212|3184, -669461212|3209, -669461526|3223, -669461526|3257, -669461566|3270, -669461566|3450, -669463797|3464, -669463797|3478, -669465383|3505, -669465383|3862, -669467035|3878, -669467642|3891, -669468566|3903, -669468566|4009, com.dropbox.android, 
-669476540|1, -669476540|2194, -669476614|2247, -669476614|2426, -669476800|2441, -669476800|2704, -669476988|2722, -669476988|2937, -669477659|2949, -669477659|3142, -669477966|3157, -669477966|3344, -669478342|3357, -669478342|3552, -669482854|3566, -669482854|3757, -669483489|3772, -669483489|3951, -669483604|3978, -669483644|4005, com.bankofamerica.cashpromobile, 
-669485964|1, -669485964|1806, -669487761|1910, -669487761|1949, -669489333|1967, -669489333|1980, -669489391|1994, -669489391|2053, -669490061|2065, -669490061|4006, com.android.chrome, 
-669490259|1, -669490259|601, -669490383|636, -669490703|663, -669490763|693, -669496207|849, -669496207|926, -669503495|1148, -669503495|1246, -669503780|1278, -669503780|1349, -669504010|1454, -669504010|1645, -669504165|1695, -669504986|1729, -669504986|1993, -669505463|2005, -669506344|2033, -669506344|2296, -669507100|2319, -669507100|2337, -669507140|2353, -669507140|2607, -669508201|2653, -669508201|3114, -669508582|3133, -669508582|3150, -669508622|3160, -669508622|4004, com.sololearn.cplusplus, 
-669509125|1, -669509125|4006, com.google.android.gm, 
-669509125|1, -669509125|2248, -669509197|2260, -669509415|2290, -669509415|2300, -669509527|2310, -669509587|2337, -669509587|2350, -669509671|2359, -669509964|2370, -669509964|2390, -669511367|2407, -669511367|2512, -669511860|2527, -669512546|2561, -669512546|2603, -669512615|2627, -669512815|2645, -669513214|2657, -669513214|2691, -669513659|2709, -669513936|2726, -669513936|2737, -669521736|2754, -669521736|2769, -669522485|2800, -669524573|2817, -669525350|2844, -669525350|2857, -669525506|2873, -669525506|2886, -669539284|2914, -669539410|2938, -669539410|3177, -669539667|3218, -669539667|3228, -669540002|3239, -669540002|3276, -669540360|3286, -669540360|3315, -669544245|3327, -669544245|3348, -669544410|3358, -669544410|3377, -669544493|3392, -669562776|3407, -669562776|3602, -669563541|3613, -669563541|3683, -669565460|3701, -669565460|4146, com.google.android.music, 
-669619019|1, -669619019|1820, -669619093|1841, -669619093|1890, -669619281|1938, -669619281|2068, -669619952|2083, -669619952|2281, -669620259|2295, -669620259|2481, -669620635|2493, -669620635|2693, -669625782|2705, -669625782|2890, -669625897|2902, -669625897|2921, -669626486|2931, -669626526|2942, -669626526|3102, -669627219|3120, -669627219|3860, -669627282|3876, -669627282|3923, -669627611|3947, -669627966|3975, -669627966|4001, com.bankofamerica.cashpromobile, 
-669639551|1, -669639551|2353, -669639611|2364, -669639611|2407, -669639955|2416, -669639955|2438, -669643827|2457, -669643827|2469, -669645029|2491, -669645029|2501, -669645368|2514, -669645368|2548, -669645408|2560, -669645408|2826, -669646429|2860, -669646429|4001, com.google.android.keep, 
-669646589|1, -669646589|4008, com.ted.android.conference, 
-669646589|1, -669646589|1255, -669646653|1331, -669646851|1357, -669647033|1376, -669651873|1480, -669652203|1533, -669652203|1642, -669653335|1655, -669653335|4008, org.catrobat.catroid, 
-669653518|1, -669653518|1104, -669653769|1156, -669653886|1177, -669653886|1221, -669654206|1263, -669660055|1349, -669673059|1383, -669673755|1411, -669673755|1433, -669682435|1453, -669687178|1539, -669687178|1553, -669691526|1574, -669691732|1620, -669692275|1654, -669693121|1691, -669694630|1759, -669694836|1831, -669695968|1881, -669696174|1959, -669699332|2011, -669700072|2053, -669700918|2080, -669701905|2105, -669701905|2142, -669703576|2155, -669703782|2170, -669704612|2181, -669704950|2234, -669704950|2348, -669705586|2361, -669705586|2374, -669706475|2391, -669707615|2407, -669708240|2422, -669709899|2441, -669711432|2457, -669712131|2474, -669712199|2490, -669713193|2537, -669713193|2769, -669715702|2794, -669717163|2809, -669717203|2826, -669718749|2839, -669718749|2967, -669723004|2978, -669723004|2990, -669723210|3001, -669723966|3017, -669723966|3048, -669724672|3060, -669724672|3188, -669726679|3211, -669726759|3232, -669728290|3248, -669728290|3558, -669729182|3570, -669729182|3592, -669730048|3603, -669731569|3614, -669731569|4006, com.dropbox.android, 
-669742757|1, -669742757|1038, -669743715|1249, -669744255|1418, -669744255|2156, -669744314|2213, -669751351|2376, -669754058|2482, -669754444|2570, -669756301|2620, -669762998|2703, -669764371|2799, -669764371|4008, com.android.chrome, 
-669764691|1, -669764691|4001, at.DiTronic.androidgroup.randomgallery, 
-669795437|1, -669795437|848, -669796397|1004, -669800759|1121, -669800759|1435, -669801595|1459, -669801698|1493, -669801698|3121, -669801754|3136, -669801886|3177, -669806391|3238, -669807159|3338, -669807804|3381, -669809761|3444, -669809761|3507, -669810406|3519, -669810406|3566, -669812235|3596, -669812235|4006, com.scb.breezebanking.hk, 
-669812448|1, -669812448|1195, -669812973|1479, -669818107|1647, -669818107|2372, -669818167|2474, -669818492|2507, -669818532|2533, -669824516|2557, -669827116|2601, -669827564|2669, -669827630|2836, -669831115|2959, -669831891|3030, -669831891|3802, -669832937|3827, -669832937|3858, -669833433|3883, -669833433|4009, com.android.chrome, 
-669834553|1, -669834553|1063, -669834593|1166, -669834633|1284, -669834633|1309, -669834673|1385, -669834673|2118, -669834733|2135, -669834733|2180, -669835077|2193, -669835077|2224, -669838949|2241, -669838949|2253, -669840151|2263, -669840151|2285, -669840490|2296, -669840490|2314, -669840530|2326, -669840530|2490, -669841495|2509, -669841495|4008, com.google.android.keep, 
-669841775|1, -669841775|3100, -669841855|3140, -669841855|3161, -669842074|3173, -669842074|3185, -669842261|3200, -669842261|3243, -669842345|3261, -669842643|3278, -669842643|3310, -669849536|3327, -669849536|3383, -669849701|3410, -669849701|3450, -669850727|3480, -669851263|3503, -669851373|3515, -669851373|3538, -669851413|3554, -669851591|3566, -669851591|3597, -669851941|3610, -669852508|3624, -669852508|3650, -669852578|3660, -669852578|3682, -669852618|3693, -669852618|3790, -669852658|3810, -669852658|4008, com.google.android.apps.photos, 
-669856047|1, -669856047|1802, -669856377|1881, -669856800|1949, -669861484|2081, -669862441|2186, -669862441|2226, -669863552|2261, -669863552|2413, -669863615|2442, -669863797|2483, -669864576|2574, -669865422|2772, -669865422|3549, -669865785|3586, -669865785|3629, -669866293|3659, -669866293|4020, com.sometimeswefly.littlealchemy, 
-669866613|1, -669866613|2187, -669866673|2219, -669867297|2251, -669867297|2566, -669868143|2584, -669868143|3903, -669868183|3921, -669868183|4001, com.sometimeswefly.littlealchemy, 
-669868423|1, -669868423|1939, -669869735|2027, -669870457|2074, -669870457|2105, -669878257|2115, -669878257|2126, -669878627|2145, -669880593|2162, -669881212|2173, -669881871|2183, -669881871|2193, -669881949|2204, -669882027|2215, -669882027|2227, -669882067|2237, -669882107|2250, -669882107|2264, -669895973|2290, -669895973|3158, -669897799|3190, -669897799|4014, com.google.android.music, 
-669904492|1, -669904492|1761, -669904556|1789, -669904742|1805, -669904742|1838, -669905086|1850, -669905086|1872, -669906584|1881, -669909123|1896, -669909123|1910, -669910499|1931, -669910499|2293, -669911093|2303, -669911538|2319, -669911538|4004, com.google.android.keep, 
-669911698|1, -669911698|1713, -669911772|1746, -669911960|1780, -669911960|1962, -669912691|1975, -669912691|2106, -669913082|2116, -669913082|2244, -669913458|2253, -669913458|2419, -669917970|2436, -669917970|2620, -669918605|2633, -669918605|2829, -669918720|2841, -669919309|2851, -669919349|2863, -669919349|3035, -669920042|3046, -669920042|3720, -669920105|3747, -669920105|3783, -669920434|3818, -669920789|3893, -669925319|4064, com.bankofamerica.cashpromobile, 
-669933731|1, -669933731|3029, -669933771|3041, -669933771|4008, com.ted.android.conference, 
-669933811|1, -669933811|751, -669934110|889, -669934342|967, -669934342|1009, -669935393|1094, -669935737|1127, -669942769|1160, -669943636|1216, -669943966|1229, -669943966|1360, -669945212|1372, -669945212|1944, -669947576|1957, -669947576|2057, -669947646|2080, -669948859|2147, -669948859|2267, -669949209|2384, -669949209|2483, -669955478|2493, -669955478|2516, -669955684|2551, -669955684|2693, -669956864|2705, -669956864|2894, -669958207|2913, -669958207|2929, -669958247|2942, -669958247|2961, -669958584|2997, -669958841|3015, -669958901|3059, -669958901|3092, -669960673|3179, -669960673|3276, -669966942|3290, -669966942|3310, -669968469|3338, -669968469|3365, -669969817|3384, -669969817|3442, -669969877|3453, -669971425|3485, -669971425|3533, -669972750|3573, -669973041|3606, -669973041|3616, -669973081|3626, -669973081|4001, com.mxtech.videoplayer.ad, 
-669974888|1, -669974888|636, -669975167|686, -669975630|699, -669979423|735, -669979423|872, -669980790|1009, -669981886|1068, -669988158|1095, -669988158|1224, -669988443|1304, -669988443|1461, -669988673|1495, -669988673|1691, -669989649|1704, -669989649|2000, -669990126|2012, -669990126|2023, -669991007|2047, -669991007|2304, -669991472|2338, -669991803|2371, -669991803|2603, -669992048|2623, -669992864|2638, -669992864|3229, -669993245|3241, -669993245|3269, -669993285|3281, -669993285|4009, com.sololearn.cplusplus, 
-669993868|1, -669993868|4008, com.ted.android.conference, 
-669993868|1, -669993868|1285, -669994188|1353, -669994312|1419, -669994564|1448, -669994564|1488, -669994907|1516, -669994907|1541, -669995263|1590, -669995263|1607, -670001591|1646, -670006407|1700, -670006407|1787, -670006879|1849, -670006879|1874, -670007230|1906, -670008164|1958, -670008295|1990, -670009911|2036, -670013317|2074, -670014977|2147, -670014977|2171, -670018383|2206, -670018383|2235, -670019554|2288, -670020192|2320, -670020192|2375, -670020590|2395, -670020590|2427, -670021999|2461, -670021999|2502, -670023885|2561, -670024016|2607, -670028774|2680, -670028774|2694, -670030329|2748, -670034713|2968, -670034713|3009, -670035849|3051, -670037017|3134, -670045654|3181, -670046709|3201, -670047387|3235, -670047387|3400, -670048718|3435, -670048758|3458, -670048758|3481, -670059031|3498, -670059031|3560, -670059804|3583, -670059804|3601, -670059844|3619, -670059844|4016, com.ebay.mobile, 
-670060706|1, -670060706|1656, -670060766|1676, -670060766|1718, -670060850|1728, -670061110|1739, -670061110|1749, -670064982|1766, -670064982|1781, -670066184|1804, -670066184|1815, -670066523|1825, -670066523|1857, -670066563|1868, -670066563|2148, -670067605|2161, -670067605|4001, com.google.android.keep, 
-670067765|1, -670067765|1044, -670068939|1331, -670068939|1955, -670069145|2051, -670069510|2091, -670077473|2160, -670080406|2275, -670080406|2303, -670082036|2366, -670082094|2411, -670082768|2444, -670082768|4003, com.android.chrome, 
-670082928|1, -670082928|4010, at.DiTronic.androidgroup.randomgallery, 
-670113555|1, -670113555|543, -670114059|612, -670118137|663, -670118480|770, -670119504|902, -670120600|946, -670126872|998, -670126872|1151, -670127387|1252, -670127387|1464, -670128363|1496, -670128363|1774, -670128840|1791, -670129721|1809, -670129721|2082, -670130477|2098, -670130477|2134, -670130517|2146, -670130517|2281, -670130917|2307, -670131578|2333, -670131578|2912, -670131959|2925, -670131959|2941, -670131999|2951, -670131999|4015, com.sololearn.cplusplus, 
-670132502|1, -670132502|850, -670132762|898, -670132762|926, -670133124|952, -670133124|971, -670137097|990, -670138511|1009, -670138511|1027, -670138856|1040, -670138856|1070, -670139392|1080, -670139392|1158, -670140605|1175, -670140605|1217, -670141101|1237, -670141101|4001, com.ted.android.conference, 
-670141101|1, -670141101|657, -670141161|749, -670141221|784, -670141221|799, -670141305|816, -670141565|845, -670146772|895, -670147062|915, -670147062|932, -670147102|948, -670150400|1006, -670150400|1060, -670151646|1096, -670151646|1813, -670154008|1849, -670154008|2042, -670154599|2083, -670154599|3198, -670154680|3227, -670154853|3264, -670154853|3303, -670155214|3317, -670155214|3338, -670160609|3357, -670161957|3382, -670161957|3469, -670162163|3483, -670162223|3502, -670162959|3519, -670168194|3559, -670173801|3588, -670173801|3620, -670175620|3631, -670175620|3657, -670181015|3667, -670181221|3681, -670181221|3703, -670186106|3719, -670186106|3749, -670188383|3771, -670188383|3784, -670188626|3800, -670190620|3815, -670190620|3847, -670190863|3859, -670192889|3877, -670192889|3898, -670193132|3912, -670193132|3925, -670193172|3938, -670193172|4001, com.mxtech.videoplayer.ad, 
-670194664|1, -670194664|522, -670194727|538, -670194791|635, -670194989|702, -670194989|745, -670199427|914, -670200451|1003, -670200451|1111, -670201890|1140, -670201890|1405, -670208242|1420, -670208242|2003, -670208527|2015, -670208527|2043, -670208757|2056, -670208757|2624, -670209733|2728, -670209733|2940, -670210210|2956, -670211091|2974, -670211091|3165, -670211472|3179, -670211847|3196, -670211847|3207, -670211887|3219, -670211887|3422, -670212948|3433, -670212948|4006, com.sololearn.cplusplus, 
-670213872|1, -670213872|3517, -670214096|3606, -670215044|3688, -670216381|3790, -670216381|3813, -670217089|3835, -670218909|3972, -670218909|4029, air.com.hypah.io.slither, 
-670237362|1, -670237362|2888, -670240998|2912, -670240998|3124, -670255987|3141, -670255987|3481, -670256047|3496, -670256047|3534, -670256422|3545, -670256422|3579, -670261948|3605, -670262547|3617, -670262547|3643, -670263068|3656, -670263068|3769, -670263142|3815, -670263385|3848, -670263889|3865, -670264464|3907, -670264734|3942, -670268551|3962, -670269864|3976, -670269864|3988, -670270213|3999, -670270213|4014, at.DiTronic.androidgroup.randomgallery, 
-670273087|1, -670273087|737, -670273483|903, -670277285|1005, -670277285|1066, -670278115|1247, -670278115|1649, -670278991|1737, -670279094|1847, -670279094|3196, -670279150|3229, -670284209|3336, -670285200|3436, -670285200|3472, -670287157|3514, -670287157|3594, -670287802|3632, -670289631|3655, -670289631|4016, com.scb.breezebanking.hk, 
-670289924|1, -670289924|4008, com.ted.android.conference, 
-670289924|1, -670289924|2188, -670289964|2206, -670289964|2223, -670290004|2258, -670290004|4010, com.ted.android.conference, 
-670290084|1, -670290084|4004, com.android.vending, 
-670291844|1, -670291844|1048, -670292044|1110, -670292044|1131, -670292106|1183, -670292728|1281, -670292728|4001, com.whatsapp, 
-670293168|1, -670293168|1782, -670293242|1814, -670293430|1854, -670293430|2028, -670294161|2038, -670294161|2161, -670294552|2184, -670294552|2367, -670294928|2379, -670294928|2567, -670299440|2579, -670299440|2782, -670300651|2793, -670300651|2991, -670300766|3011, -670300806|3034, -670301435|3052, -670301435|3187, -670302168|3203, -670302168|3834, -670302231|3865, -670302231|3919, -670302560|3935, -670302560|3953, -670302915|3991, -670302915|4017, com.bankofamerica.cashpromobile, 
-670315060|1, -670315060|1827, -670315120|1843, -670315120|2083, -670315791|2096, -670315791|2281, -670316098|2293, -670316098|2491, -670316474|2503, -670316474|2692, -670322197|2704, -670322197|2899, -670322312|2919, -670322901|2931, -670322941|2941, -670322941|3106, -670323634|3130, -670323634|3675, -670323694|3721, -670324049|3767, -670324049|3925, -670328921|3979, -670328921|4022, com.bankofamerica.cashpromobile, 
-670338100|1, -670338100|700, -670338252|794, -670338252|3679, -670338452|3691, -670338452|4004, com.whatsapp, 
-670338692|1, -670338692|2191, -670338752|2253, -670339376|2288, -670339376|2574, -670340222|2640, -670340222|4022, com.sometimeswefly.littlealchemy, 
-670340382|1, -670340382|4003, com.google.android.gm, 
-670340382|1, -670340382|1047, -670340784|1167, -670340904|1209, -670340904|1234, -670341339|1271, -670345978|1309, -670345978|1325, -670350351|1349, -670350351|1452, -670353487|1504, -670354277|1533, -670354277|1635, -670355540|1660, -670355540|1948, -670361845|1969, -670361845|2265, -670366096|2427, -670370938|2583, -670391760|2698, -670391760|2827, -670394125|2890, -670394693|2920, -670397247|2958, -670397247|2968, -670399414|3023, -670404858|3079, -670407012|3127, -670410198|3172, -670419791|3224, -670425391|3292, -670425391|3920, -670425462|3941, -670425661|3982, -670425957|4021, com.android.vending, 
-670453019|1, -670453019|92, -670453122|106, -670453122|1869, -670453182|1896, -670453182|1935, -670453266|1947, -670453266|1959, -670453559|1975, -670453559|1985, -670453901|1995, -670454920|2007, -670454920|2120, -670456196|2133, -670456196|2203, -670456256|2246, -670456660|2307, -670460888|2328, -670466019|2388, -670486335|2503, -670517739|2535, -670517779|2560, -670517779|2801, -670518740|2816, -670518740|2991, -670518800|3001, -670518800|3046, -670519177|3057, -670519177|3083, -670530917|3094, -670530917|3124, -670531117|3136, -670531117|3172, -670532671|3186, -670532711|3205, -670532711|4001, com.google.android.keep, 
-670534980|1, -670534980|1604, -670535100|1726, -670543622|1816, -670543622|1841, -670543807|1860, -670545878|1883, -670546419|1898, -670547116|1915, -670547194|1927, -670547272|1937, -670547272|1958, -670547352|1970, -670547352|2017, -670561050|2029, -670561176|2041, -670561176|2914, -670562939|2947, -670563211|4043, com.google.android.music, 
-670590586|1, -670590586|638, -670590646|814, -670591697|905, -670595776|962, -670599074|1013, -670600271|1085, -670600271|1203, -670601517|1215, -670601517|1806, -670603879|1831, -670603879|1958, -670604850|2121, -670604850|2218, -670605193|2281, -670605193|2478, -670611542|2490, -670611542|2502, -670611748|2515, -670611748|2675, -670611839|2688, -670613256|2700, -670613256|2888, -670613465|2900, -670613465|2912, -670613505|2931, -670613505|2986, -670613586|3021, -670613843|3088, -670615468|3125, -670620863|3140, -670620863|3203, -670621069|3225, -670621069|3237, -670621805|3253, -670623125|3277, -670623125|3289, -670627883|3306, -670627883|3328, -670627965|3349, -670628139|3393, -670628501|3419, -670628501|3442, -670635135|3458, -670635135|3477, -670635341|3490, -670635341|3511, -670637506|3525, -670637506|3539, -670637749|3553, -670639743|3570, -670639743|3596, -670639986|3607, -670641980|3620, -670641980|3732, -670642223|3745, -670644249|3760, -670644249|3863, -670644492|3881, -670644492|3909, -670644532|3920, -670644532|4003, com.mxtech.videoplayer.ad, 
-670645688|1, -670645688|603, -670645762|765, -670649886|927, -670650716|990, -670650716|1328, -670651512|1453, -670651775|1527, -670651775|2628, -670651831|2688, -670652321|2770, -670656970|2791, -670657276|2824, -670657921|2853, -670659798|2898, -670659838|2919, -670659838|2991, -670660483|3010, -670660483|3045, -670662312|3072, -670662312|4010, com.scb.breezebanking.hk, 
-670662525|1, -670662525|682, -670662585|786, -670662831|836, -670663782|878, -670667517|914, -670668714|974, -670672012|1017, -670672012|1109, -670673258|1126, -670673258|1728, -670675622|1774, -670675622|1895, -670676869|1949, -670676869|2151, -670677212|2194, -670677212|2381, -670683481|2392, -670683481|2431, -670683687|2447, -670683687|2587, -670685235|2602, -670685235|2811, -670685444|2841, -670685484|2851, -670685484|2928, -670685738|3004, -670686099|3064, -670692762|3089, -670692762|3197, -670694289|3247, -670695025|3276, -670695085|3301, -670695085|3336, -670698857|3365, -670705520|3387, -670705520|3401, -670705726|3414, -670705726|3428, -670707811|3441, -670707811|3468, -670708054|3488, -670708054|3513, -670708094|3528, -670711448|3549, -670711448|3572, -670711731|3584, -670711731|3597, -670713765|3612, -670713765|3638, -670714008|3648, -670716034|3660, -670716034|3682, -670716277|3694, -670716277|3719, -670716317|3730, -670716317|4008, com.mxtech.videoplayer.ad, 
-670717313|1, -670717313|2203, -670717373|2218, -670717373|2233, -670717997|2347, -670717997|2572, -670718843|2586, -670718843|4003, com.sometimeswefly.littlealchemy, 
-670719003|1, -670719003|1128, -670719063|1161, -670719063|1181, -670719118|1211, -670719118|1299, -670719461|1311, -670719461|1500, -670725730|1516, -670725730|1579, -670725936|1596, -670725936|1732, -670727382|1744, -670727382|1863, -670727591|1881, -670727591|1891, -670727631|1902, -670727631|2445, -670727825|2514, -670728164|2549, -670728164|2570, -670732945|2635, -670734231|2685, -670734553|2720, -670734553|2919, -670735279|2947, -670735279|4009, com.Slack, 
-670735973|1, -670735973|1115, -670736035|1284, -670736513|1412, -670736513|1513, -670737223|1558, -670737223|1600, -670745221|1761, -670746116|1879, -670746116|2040, -670747401|2065, -670747883|2087, -670749041|2110, -670749041|2167, -670753180|2229, -670758705|2379, -670760514|2583, -670763613|2660, -670763613|2860, -670768648|2892, -670768648|3030, -670771611|3168, -670771611|4020, com.ebay.mobile, 
-670782345|1, -670782345|1215, -670782525|1370, -670783236|1445, -670783236|1481, -670783587|1531, -670794500|1614, -670794500|1681, -670798252|1836, -670799392|1878, -670799790|1920, -670800141|1978, -670801085|2036, -670806599|2063, -670810005|2141, -670811465|2235, -670815036|2286, -670815036|2340, -670817671|2484, -670821035|2619, -670821035|2837, -670822359|2875, -670822399|2903, -670822399|4023, com.ebay.mobile, 
-670828020|1, -670828020|4001, com.android.vending, 
-670828020|1, -670828020|4007, com.android.vending, 
-670828020|1, -670828020|806, -670828713|906, -670829449|941, -670829449|956, -670834492|973, -670834492|1006, -670835136|1023, -670835136|1041, -670841467|1075, -670841467|1090, -670841749|1100, -670841749|1129, -670841789|1140, -670841789|1171, -670846125|1182, -670849832|1205, -670849832|1239, -670850986|1264, -670850986|1314, -670852568|1329, -670852568|1493, -670852777|1507, -670852777|1518, -670852817|1533, -670852817|2066, -670852877|2113, -670853216|2165, -670853216|2179, -670857997|2205, -670857997|2300, -670859283|2311, -670859283|2324, -670859605|2339, -670859605|2617, -670860331|2634, -670860331|4008, com.Slack, 
-670861002|1, -670861002|666, -670861062|705, -670861755|772, -670862281|853, -670866622|929, -670867819|1013, -670871117|1034, -670871117|1097, -670872363|1111, -670872363|1685, -670874725|1718, -670874725|1832, -670875316|1920, -670875316|2072, -670875398|2126, -670875572|2168, -670875954|2187, -670881309|2238, -670881515|2249, -670881515|2271, -670883600|2283, -670883600|2308, -670884186|2320, -670884186|2333, -670884226|2349, -670884226|2441, -670890575|2463, -670890575|2486, -670890781|2497, -670890781|2618, -670892332|2633, -670892332|2800, -670893889|2839, -670893989|2877, -670894350|2909, -670899665|2934, -670899871|2963, -670899871|2976, -670901282|2987, -670901282|3001, -670901322|3021, -670901322|3046, -670903275|3062, -670903275|3087, -670906805|3106, -670906805|3116, -670908839|3129, -670908839|3160, -670909122|3174, -670909122|3205, -670912477|3216, -670912477|3249, -670912760|3262, -670914826|3278, -670914826|3306, -670915069|3323, -670915069|3345, -670915109|3361, -670915109|4003, com.mxtech.videoplayer.ad, 
-670916185|1, -670916185|4015, com.ted.android.conference, 
-670916185|1, -670916185|1731, -670916853|1806, -670917199|1861, -670921065|1938, -670922959|2122, -670923077|2157, -670923077|2178, -670923155|2196, -670923195|2280, -670923195|2717, -670923315|2731, -670923315|2763, -670924398|2798, -670924398|3317, -670926614|3401, -670927017|3508, -670931382|3568, -670951658|3683, -670952970|3732, -670952970|4074, com.google.android.apps.docs, 
-670953290|1, -670953290|4001, com.ted.android.conference, 
-670953545|1, -670953545|670, -670958618|820, -670958948|881, -670958948|955, -670959291|978, -670960387|1022, -670960387|1241, -670966659|1265, -670966659|1446, -670966944|1488, -670966944|1565, -670967174|1594, -670967174|1870, -670968150|1883, -670968150|2473, -670968627|2503, -670968627|2515, -670968667|2537, -670968667|2551, -670969548|2588, -670969548|2621, -670969661|2674, -670969661|2717, -670969766|2753, -670970271|2783, -670970562|2841, -670971656|2884, -670971656|2953, -670972717|2990, -670985589|3018, -671023043|3049, -671023043|3401, -671034439|3411, -671034439|3494, -671034820|3506, -671034820|3517, -671036477|3529, -671036557|3541, -671036557|4007, com.sololearn.cplusplus, 
-671037140|1, -671037140|1255, -671038082|1282, -671038082|1324, -671038578|1357, -671038578|4012, com.google.android.gm, 
-671038578|1, -671038578|2565, -671038618|2603, -671038796|2636, -671038796|2807, -671038836|2839, -671038836|3143, -671038916|3178, -671039135|3208, -671039322|3235, -671039322|3273, -671039704|3304, -671046762|3343, -671047117|3378, -671048167|3410, -671048734|3434, -671048734|3496, -671048804|3521, -671048804|3544, -671048844|3561, -671048844|3604, -671049022|3639, -671049022|3815, -671050089|3842, -671050089|3980, -671050169|3995, -671050169|4007, com.google.android.apps.photos, 
-671050587|1, -671050587|4005, com.google.android.gm, 
-671050587|1, -671050587|1713, -671050725|1752, -671051125|1780, -671051963|1794, -671051963|1829, -671052324|1842, -671052324|1854, -671052685|1873, -671052685|1883, -671056585|1899, -671060485|1914, -671060670|1934, -671062821|1955, -671064099|1978, -671064099|1997, -671064255|2016, -671064255|2037, -671064335|2050, -671078073|2081, -671078199|2124, -671078199|3050, -671079870|3072, -671079870|3863, -671080130|3952, -671080492|4008, com.google.android.music, 
-671107529|1, -671107529|2488, -671107569|2598, -671107787|2646, -671107787|2977, -671107847|2998, -671107847|3026, -671107931|3037, -671108229|3051, -671108229|3081, -671115287|3093, -671115287|3117, -671116662|3132, -671117379|3143, -671117419|3155, -671117419|3169, -671117489|3179, -671117489|3189, -671117529|3204, -671117529|3423, -671118507|3436, -671118507|3632, -671118685|3642, -671118685|4003, com.google.android.apps.photos, 
-671119103|1, -671119103|765, -671119289|876, -671125051|934, -671125695|976, -671126017|993, -671126017|1045, -671126360|1058, -671126360|1134, -671127848|1158, -671134117|1173, -671134117|1192, -671134323|1202, -671134323|1337, -671135825|1350, -671135865|1361, -671135865|1542, -671136074|1553, -671136074|1575, -671136114|1590, -671136114|2016, -671136173|2124, -671136173|4014, com.Slack, 
-671136801|1, -671136801|1258, -671136861|1322, -671137177|1440, -671137404|1535, -671138119|1604, -671138119|1709, -671149443|1910, -671153055|2073, -671153055|2129, -671154546|2193, -671154944|2243, -671154944|2290, -671159254|2354, -671160767|2380, -671165399|2522, -671166850|2590, -671169825|2669, -671172462|2791, -671172462|2951, -671175738|2995, -671175778|3025, -671175778|3191, -671177297|3273, -671177297|4025, com.ebay.mobile, 
-671194048|1, -671194048|4006, com.google.android.gm, 
-671194048|1, -671194048|3353, -671194456|3482, -671200999|3817, -671202491|3865, -671202575|3889, -671202659|3909, -671202659|3952, -671202827|3989, -671202911|4007, air.com.hypah.io.slither, 
-671231704|1, -671231704|1211, -671231848|1235, -671231848|4001, com.google.android.gm, 
-671231848|1, -671231848|4005, com.google.android.gm, 
-671231848|1, -671231848|1155, -671231912|1230, -671232636|1339, -671237131|1434, -671237461|1472, -671237461|1591, -671238593|1611, -671238593|4005, org.catrobat.catroid, 
-671238776|1, -671238776|825, -671238956|912, -671239148|968, -671239815|1074, -671243893|1134, -671245050|1178, -671248388|1228, -671248388|1314, -671249634|1326, -671249634|1984, -671251996|2002, -671251996|2222, -671252587|2260, -671252587|2318, -671252968|2429, -671252968|2533, -671253311|2554, -671253311|2729, -671259580|2764, -671259580|2810, -671259786|2832, -671259786|2947, -671261336|2960, -671261336|3149, -671261545|3160, -671261545|3179, -671261585|3222, -671261585|3259, -671261923|3343, -671262200|3373, -671262200|3386, -671267515|3419, -671267515|3434, -671267721|3453, -671267721|3466, -671269805|3497, -671273215|3523, -671273297|3547, -671273411|3558, -671273411|3568, -671273471|3599, -671273471|3621, -671273833|3632, -671275153|3645, -671280628|3663, -671280628|3696, -671282182|3721, -671284267|3732, -671284267|3765, -671284510|3777, -671284510|3788, -671284550|3806, -671286584|3819, -671286584|3839, -671286867|3852, -671286867|3881, -671288189|3892, -671290223|3916, -671290223|3952, -671290506|3968, -671290506|3984, -671292572|4000, -671292572|4014, com.mxtech.videoplayer.ad, 
-671293851|1, -671293851|2978, -671297485|2994, -671297485|3199, -671301899|3210, -671311971|3241, -671312011|3319, -671312085|4004, at.DiTronic.androidgroup.randomgallery, 
-671325969|1, -671325969|1814, -671326089|1858, -671326089|1874, -671326811|1901, -671326811|1917, -671334611|1947, -671334611|1968, -671336947|1987, -671336947|1999, -671337488|2012, -671338029|2023, -671338265|2037, -671338343|2047, -671338421|2057, -671338421|2068, -671338461|2080, -671338501|2091, -671352325|2112, -671352325|3015, -671354108|3036, -671354168|4035, com.google.android.music, 
-671381605|1, -671381605|1976, -671381665|1988, -671381665|2008, -671381745|2024, -671382089|2043, -671382089|2062, -671385961|2079, -671385961|2102, -671387163|2117, -671387163|2128, -671387502|2139, -671387502|2158, -671387542|2177, -671387542|2340, -671388644|2371, -671388644|4001, com.google.android.keep, 
-671388804|1, -671388804|1205, -671388948|1378, -671389210|1417, -671393076|1529, -671395166|1613, -671395206|1663, -671395206|1993, -671396360|2065, -671396360|3402, -671398809|3413, -671398809|3463, -671399152|3475, -671399152|3508, -671403519|3522, -671404604|3536, -671404604|3547, -671405214|3558, -671405214|3582, -671405292|3592, -671406241|3604, -671406281|3616, -671406281|3628, -671406884|3640, -671406884|4013, com.google.android.apps.docs, 
-671408925|1, -671408925|1821, -671409045|1904, -671409045|1949, -671409490|1961, -671409767|1982, -671409767|2002, -671417567|2013, -671417567|2047, -671419354|2060, -671419903|2073, -671421103|2087, -671421221|2098, -671421221|2108, -671421377|2120, -671421377|2143, -671421457|2154, -671421457|2166, -671435115|2178, -671435241|2189, -671435241|2985, -671436971|2997, -671436971|4010, com.google.android.music, 
-671464582|1, -671464582|728, -671464709|759, -671465426|841, -671469160|939, -671469854|958, -671470184|974, -671470184|995, -671470527|1036, -671470527|1063, -671471623|1146, -671477895|1237, -671477895|1399, -671478180|1480, -671478180|1612, -671478410|1640, -671478410|1822, -671478565|1837, -671479386|1863, -671479386|2137, -671479863|2152, -671480744|2174, -671480744|2442, -671481209|2463, -671481540|2490, -671481540|2617, -671482601|2650, -671482601|3159, -671482982|3173, -671482982|3194, -671483022|3208, -671483022|4010, com.sololearn.cplusplus, 
-671483525|1, -671483525|2502, -671483565|2546, -671483743|2586, -671483803|2617, -671483803|2667, -671484185|2679, -671484185|2713, -671491243|2731, -671491243|2754, -671493215|2770, -671493215|2881, -671493285|2897, -671493285|2907, -671493325|2919, -671493365|2930, -671493365|3141, -671494736|3194, -671494736|3539, -671494914|3555, -671494914|4005, com.google.android.apps.photos, 
-671495332|1, -671495332|1718, -671495406|1747, -671495406|1790, -671495592|1801, -671495592|1832, -671495780|1845, -671495780|1990, -671496511|2002, -671496511|2115, -671496902|2155, -671496902|2323, -671497278|2336, -671497278|2534, -671501790|2545, -671501790|2741, -671503001|2754, -671503001|2938, -671503116|2950, -671503116|2972, -671503745|2982, -671503745|3143, -671504438|3156, -671504438|3843, -671504501|3859, -671504663|3904, -671504663|3930, -671504932|3951, -671504992|3977, -671505347|4017, com.bankofamerica.cashpromobile, 
-671517132|1, -671517132|759, -671517192|804, -671517677|885, -671521756|969, -671523560|1034, -671523560|1087, -671526778|1103, -671526778|1154, -671528024|1174, -671528024|1826, -671530386|1839, -671530386|1953, -671531358|2026, -671531358|2172, -671531442|2196, -671531442|2221, -671531701|2256, -671531701|2381, -671537970|2394, -671537970|2441, -671538176|2455, -671538176|2592, -671539726|2606, -671539726|2798, -671539935|2809, -671539935|2825, -671539975|2836, -671539975|2912, -671540229|2997, -671540590|3062, -671547253|3104, -671547253|3220, -671548781|3245, -671549517|3280, -671549517|3295, -671553009|3313, -671553009|3326, -671553183|3345, -671554893|3388, -671554893|3414, -671560288|3425, -671560288|3450, -671560494|3471, -671560494|3482, -671562611|3493, -671562611|3505, -671563927|3519, -671566164|3541, -671566164|3571, -671568401|3586, -671568401|3620, -671568644|3631, -671568644|3643, -671570638|3667, -671570881|3688, -671570921|3715, -671570921|4003, com.mxtech.videoplayer.ad, 
-671572077|1, -671572077|620, -671572197|733, -671572197|751, -671572541|778, -671576882|851, -671578079|955, -671581297|971, -671581297|1037, -671582543|1058, -671582543|1617, -671584905|1669, -671584905|1771, -671585496|1833, -671585496|2054, -671585556|2077, -671585556|2307, -671585640|2322, -671585899|2337, -671585899|2518, -671592328|2540, -671592328|2561, -671592534|2572, -671592534|2696, -671592725|2744, -671595853|2814, -671601168|2842, -671601168|2888, -671601583|2905, -671601583|2924, -671601754|2934, -671603678|2975, -671603678|3002, -671607208|3027, -671608616|3061, -671608616|3080, -671608978|3095, -671608978|3130, -671614293|3144, -671614499|3156, -671614499|3169, -671616584|3185, -671616584|3198, -671617905|3211, -671618148|3233, -671620142|3247, -671620142|3274, -671620385|3291, -671622379|3307, -671622379|3335, -671622622|3350, -671624648|3367, -671624648|3391, -671624891|3404, -671624891|3429, -671624931|3439, -671624931|4015, com.mxtech.videoplayer.ad, 
-671626007|1, -671626007|1309, -671626375|1406, -671626375|1447, -671626435|1466, -671626435|1501, -671626772|1524, -671631027|1549, -671631587|1619, -671632544|1688, -671645328|1735, -671646087|1813, -671664015|1949, -671664558|2019, -671665273|2053, -671666274|2068, -671666274|2144, -671666480|2182, -671668027|2216, -671668794|2242, -671669206|2273, -671670659|2295, -671671329|2344, -671673000|2398, -671673000|2498, -671673905|2517, -671674735|2534, -671675902|2566, -671675902|2589, -671677398|2602, -671677398|2627, -671678685|2642, -671678799|2656, -671678799|2672, -671679979|2724, -671680564|2741, -671680564|2796, -671681263|2807, -671681263|2847, -671682093|2862, -671682161|2876, -671682398|2903, -671682562|2918, -671683374|2948, -671683374|2964, -671684223|2981, -671684223|2991, -671685756|3005, -671685756|3028, -671686604|3047, -671686604|3058, -671687237|3072, -671687237|3105, -671688280|3123, -671688280|3329, -671689064|3343, -671694725|3377, -671694805|3402, -671696351|3414, -671697313|3432, -671697313|3643, -671697667|3655, -671697667|3720, -671699400|3735, -671699400|3751, -671700931|3762, -671700931|4008, com.dropbox.android, 
-671710173|1, -671710173|1029, -671710243|1161, -671711179|1387, -671711179|1449, -671711619|1487, -671711897|1524, -671711897|1562, -671723121|1674, -671723327|1740, -671723411|1787, -671723411|1819, -671724612|1854, -671724672|1936, -671724878|1961, -671725651|1985, -671729057|2002, -671729097|2027, -671729866|2058, -671731253|2141, -671734438|2229, -671738302|2304, -671738302|2346, -671739561|2399, -671742948|2448, -671744772|2501, -671751121|2572, -671754285|2619, -671757674|2767, -671757674|2812, -671757880|2837, -671757880|2983, -671759636|3035, -671761059|3103, -671761059|3204, -671761308|3264, -671761308|3722, -671761411|3733, -671761411|4006, com.ebay.mobile, 
-671767302|1, -671767302|1562, -671767362|1584, -671767362|1623, -671767706|1633, -671767706|1662, -671771578|1678, -671771578|1705, -671771743|1720, -671772779|1735, -671773158|1745, -671773158|2026, -671774157|2038, -671774157|4002, com.google.android.keep, 
-671774317|1, -671774317|969, -671774377|1165, -671774377|1227, -671774792|1327, -671774792|1459, -671781417|1510, -671781417|1554, -671781477|1574, -671786201|1716, -671786201|1774, -671786818|1845, -671792938|2018, -671795052|2116, -671795301|2214, -671795301|2262, -671803914|2447, -671809596|2582, -671809596|2757, -671811154|2785, -671811154|4004, com.ebay.mobile, 
-671816777|1, -671816777|2652, -671816889|2718, -671820288|2931, -671820288|3110, -671820996|3141, -671822750|3184, -671822750|3841, -671822830|3863, -671822830|4012, air.com.hypah.io.slither, 
-671840349|1, -671840349|2044, -671840487|2073, -671841229|2093, -671841229|2128, -671841951|2140, -671841951|2163, -671843449|2174, -671849751|2187, -671850315|2199, -671851538|2212, -671853058|2236, -671853325|2248, -671853325|2257, -671853481|2272, -671853481|2295, -671853521|2308, -671853561|2319, -671867376|2336, -671867376|3367, -671869297|3381, -671869297|4006, com.google.android.music, 
-671899593|1, -671899593|4003, com.android.vending, 
-671899753|1, -671899753|704, -671899827|754, -671904031|888, -671904031|1065, -671904229|1195, -671904861|1299, -671904861|2514, -671905840|2591, -671905840|3270, -671906028|3337, -671911035|3392, -671911035|3414, -671911341|3451, -671911381|3474, -671912026|3511, -671913983|3567, -671913983|3643, -671914628|3660, -671914628|3696, -671916457|3719, -671916457|4020, com.scb.breezebanking.hk, 
-671916670|1, -671916670|2240, -671916733|2277, -671917070|2341, -671917694|2389, -671917694|2593, -671918540|2665, -671918540|2978, -671918601|3041, -671918751|3091, -671918948|3118, -671918948|3137, -671920244|3165, -671920244|3184, -671921028|3215, -671921028|4014, com.sometimeswefly.littlealchemy, 
-671921508|1, -671921508|677, -671921568|714, -671921830|789, -671922356|859, -671927564|932, -671927894|946, -671927894|977, -671931272|1009, -671931272|1077, -671932518|1097, -671932518|1621, -671934880|1675, -671934880|1845, -671935471|1925, -671935471|2194, -671935534|2242, -671935808|2263, -671936125|2285, -671936125|2421, -671936468|2434, -671936468|2633, -671942817|2646, -671942817|2668, -671943023|2680, -671943023|2783, -671943235|2812, -671943448|2850, -671944993|2898, -671945270|2913, -671945270|2926, -671950665|2941, -671950665|3004, -671950914|3018, -671952468|3044, -671952599|3067, -671953204|3081, -671953204|3095, -671956654|3116, -671956654|3153, -671956736|3179, -671958232|3214, -671958232|3233, -671958594|3281, -671965337|3299, -671965543|3313, -671965543|3332, -671967668|3349, -671967668|3370, -671967951|3395, -671969945|3422, -671969945|3433, -671971264|3449, -671973501|3474, -671973501|3493, -671973744|3504, -671973744|3515, -671975770|3528, -671975770|3541, -671976013|3579, -671976053|3592, -671976053|4011, com.mxtech.videoplayer.ad, 
-671977209|1, -671977209|1362, -671977579|1485, -671981771|1650, -671985701|1781, -671985779|1821, -671985819|1876, -671985819|2194, -671986969|2229, -671986969|2727, -671987180|2781, -671990049|2867, -671994589|2935, -671995991|2969, -671995991|2994, -671997614|3188, -671997614|4005, com.google.android.apps.docs, 
-671997934|1, -671997934|588, -671997997|612, -671998116|642, -671998236|680, -672002315|740, -672002315|862, -672003352|907, -672003682|946, -672003682|978, -672011130|1126, -672011130|1236, -672011415|1289, -672011415|1452, -672011645|1520, -672011645|1790, -672011800|1803, -672012621|1817, -672012621|2102, -672013098|2114, -672013979|2137, -672013979|2396, -672014735|2415, -672014735|2433, -672014775|2447, -672014775|2612, -672015836|2634, -672015836|3124, -672016217|3144, -672016217|3154, -672016257|3165, -672016257|4009, com.sololearn.cplusplus, 
-672016760|1, -672016760|1779, -672016834|1803, -672016834|1932, -672017022|1946, -672017022|2039, -672017082|2053, -672017082|2098, -672017753|2112, -672017753|2528, -672018084|2539, -672018144|2550, -672018144|2785, -672018204|2800, -672018204|2833, -672018580|2846, -672018580|3143, -672023811|3158, -672023811|3454, -672023966|3500, -672023966|3566, -672024595|3602, -672024595|3775, -672025328|3795, -672025328|4001, com.bankofamerica.cashpromobile, 
-672038020|1, -672038020|1060, -672038084|1131, -672038808|1225, -672043633|1358, -672043633|1451, -672044765|1522, -672044765|4002, org.catrobat.catroid, 
-672044948|1, -672044948|1211, -672045010|1248, -672045316|1347, -672045392|1373, -672045392|4004, com.whatsapp, 
-672045392|1, -672045392|720, -672045462|744, -672045930|846, -672045930|1044, -672046014|1094, -672046280|1110, -672046335|1158, -672046335|1272, -672052604|1287, -672052810|1307, -672052810|1472, -672053933|1484, -672053933|1679, -672055266|1692, -672055686|1721, -672055686|1876, -672055770|1886, -672056029|1899, -672056029|2085, -672062298|2098, -672062298|2172, -672062504|2190, -672062504|2340, -672064115|2398, -672064589|2469, -672069370|2508, -672070905|2598, -672071227|2644, -672071227|2887, -672071953|2916, -672071953|4002, com.Slack, 
-672078319|1, -672078319|598, -672078395|657, -672078395|673, -672078471|795, -672078471|4004, com.whatsapp, 
-672078471|1, -672078471|617, -672079247|743, -672083588|826, -672084785|892, -672084785|911, -672088003|929, -672088003|1020, -672089249|1041, -672089249|1535, -672091611|1596, -672091611|1745, -672092202|1820, -672092202|2094, -672092262|2126, -672092262|2319, -672092605|2331, -672092605|2518, -672098954|2532, -672098954|2583, -672099160|2594, -672099160|2727, -672100710|2763, -672100710|2811, -672100979|2885, -672101380|2919, -672106775|2945, -672106775|2971, -672108249|3002, -672108329|3021, -672108329|3049, -672109065|3063, -672109065|3087, -672112475|3103, -672112535|3139, -672112535|3164, -672114214|3184, -672114214|3196, -672119609|3214, -672120957|3231, -672121163|3246, -672121163|3260, -672123248|3271, -672123248|3307, -672123491|3320, -672125485|3331, -672125485|3364, -672125728|3376, -672127047|3388, -672127087|3401, -672127087|3412, -672129121|3430, -672129121|3445, -672129404|3456, -672131470|3473, -672131470|3496, -672131713|3514, -672131713|3544, -672131753|3554, -672131753|4003, com.mxtech.videoplayer.ad, 
-672132955|1, -672132955|4009, com.ted.android.conference, 
-672132955|1, -672132955|4004, com.google.android.gm, 
-672132955|1, -672132955|1413, -672137839|1820, -672137839|2200, -672146911|2411, -672152699|2506, -672155980|2584, -672155980|2607, -672157976|2636, -672163227|2674, -672164663|2750, -672164703|2792, -672164703|4012, com.android.chrome, 
-672165663|1, -672165663|619, -672166349|688, -672166693|716, -672170428|734, -672170428|859, -672171795|1035, -672179243|1204, -672179243|1239, -672179528|1322, -672179528|1570, -672179758|1592, -672179758|1821, -672180734|1835, -672180734|2133, -672181211|2164, -672182092|2175, -672182092|2443, -672182848|2472, -672182888|2498, -672182888|2638, -672183949|2664, -672183949|3261, -672184330|3276, -672184370|3317, -672184370|4008, com.sololearn.cplusplus, 
-672184873|1, -672184873|661, -672184933|675, -672184993|703, -672185337|729, -672189071|754, -672189071|893, -672190438|1035, -672197886|1160, -672197886|1311, -672198171|1380, -672198171|1477, -672198401|1521, -672198401|1749, -672198556|1764, -672199377|1776, -672199377|2064, -672199854|2078, -672200735|2095, -672200735|2362, -672201451|2382, -672201491|2399, -672201531|2418, -672201531|2568, -672202592|2585, -672202592|3089, -672202973|3099, -672202973|3123, -672203013|3133, -672203013|4011, com.sololearn.cplusplus, 
-672203596|1, -672203596|801, -672203658|913, -672203888|1024, -672203888|4008, com.whatsapp, 
-672203888|1, -672203888|4002, com.google.android.gm, 
-672203888|1, -672203888|1676, -672203962|1694, -672203962|1748, -672204150|1775, -672204150|1926, -672204821|1936, -672204821|2138, -672205128|2164, -672205128|2335, -672205504|2347, -672205504|2548, -672210016|2561, -672210016|2749, -672210651|2761, -672210651|2952, -672210766|2963, -672211395|2989, -672211395|3152, -672212088|3165, -672212088|3845, -672212151|3859, -672212151|3903, -672212480|3920, -672212480|3942, -672212835|3976, -672212835|4015, com.bankofamerica.cashpromobile, 
-672226782|1, -672226782|1957, -672226842|1974, -672226842|2021, -672226926|2033, -672227186|2046, -672227186|2066, -672231058|2090, -672232260|2101, -672232260|2119, -672232599|2140, -672232599|2150, -672232639|2160, -672232639|2354, -672233787|2364, -672233787|4004, com.google.android.keep, 
-672241037|1, -672241037|2010, -672241100|2053, -672241255|2103, -672241879|2153, -672241879|2454, -672242725|2515, -672242725|4040, com.sometimeswefly.littlealchemy, 
-672242885|1, -672242885|1660, -672242945|1675, -672242945|1735, -672243289|1746, -672243289|1770, -672247161|1781, -672247326|1791, -672248363|1811, -672248702|1828, -672248702|1852, -672248742|1863, -672248742|1872, -672248822|1884, -672248822|2135, -672249890|2146, -672249890|4009, com.google.android.keep, 
-672250050|1, -672250050|1435, -672250110|1501, -672250456|1579, -672254322|1591, -672254794|1603, -672254794|1614, -672256372|1677, -672256412|1691, -672256412|2328, -672257401|2351, -672257401|3528, -672259850|3561, -672259850|3598, -672260193|3609, -672260193|3630, -672264559|3641, -672264949|3651, -672265644|3664, -672265644|3692, -672266254|3703, -672266254|3724, -672266332|3734, -672267321|3745, -672267321|3761, -672268245|3777, -672268245|4001, com.google.android.apps.docs, 
-672268565|1, -672268565|4009, at.DiTronic.androidgroup.randomgallery, 
-672299012|1, -672299012|4010, com.android.vending, 
-672299012|1, -672299012|3085, -672299230|3149, -672299230|3389, -672299310|3415, -672299716|3496, -672300098|3567, -672307156|3605, -672307156|3628, -672309129|3656, -672309129|3755, -672309199|3773, -672309199|3804, -672309239|3824, -672310494|4015, com.google.android.apps.photos, 
-672310952|1, -672310952|1448, -672312126|1627, -672312126|2151, -672314286|2266, -672320951|2337, -672326707|2396, -672329533|2457, -672331529|2482, -672336780|2548, -672338336|2616, -672338336|4002, com.android.chrome, 
-672339296|1, -672339296|1340, -672339356|1411, -672343568|1587, -672344277|1655, -672345660|1700, -672345660|1749, -672345738|1784, -672345778|1819, -672345778|2068, -672346795|2102, -672346795|3370, -672346855|3400, -672349587|3441, -672349587|3476, -672353953|3505, -672355038|3534, -672355038|3545, -672355648|3559, -672355648|3575, -672355726|3584, -672356715|3599, -672356715|3694, -672357431|3705, -672357431|4004, com.google.android.apps.docs, 
-672357751|1, -672357751|1752, -672357811|1794, -672357811|1821, -672358155|1832, -672358155|1858, -672362027|1882, -672363229|1904, -672363568|1919, -672363568|1939, -672363608|1961, -672363608|2192, -672364525|2209, -672364525|4006, com.google.android.keep, 
-672364685|1, -672364685|1737, -672364759|1775, -672364759|1791, -672364887|1805, -672364947|1829, -672364947|1973, -672365678|2043, -672365678|2198, -672366069|2210, -672366069|2403, -672366445|2419, -672366445|2601, -672370957|2622, -672370957|2815, -672371592|2826, -672371592|3023, -672371707|3035, -672372296|3060, -672372336|3075, -672372336|3229, -672373029|3250, -672373029|3856, -672373092|3873, -672373092|3910, -672373421|3938, -672373776|3959, -672373776|4007, com.bankofamerica.cashpromobile, 
-672385601|1, -672385601|1148, -672385765|1261, -672385889|1398, -672385889|1554, -672386231|1602, -672386231|1715, -672389665|1767, -672389896|1855, -672390294|1924, -672390294|2036, -672391934|2091, -672391934|2259, -672397132|2365, -672397132|2572, -672399401|2611, -672399401|2778, -672404650|2968, -672404650|3067, -672405030|3209, -672405030|3268, -672408046|3305, -672408046|3342, -672408401|3378, -672414670|3514, -672414670|3738, -672414876|3760, -672414876|3908, -672416349|3918, -672416349|4002, com.ebay.mobile, 
-672417670|1, -672417670|4010, com.google.android.gm, 
-672417670|1, -672417670|708, -672417822|787, -672417822|4002, com.whatsapp, 
-672417822|1, -672417822|990, -672418008|1057, -672418152|1088, -672418406|1105, -672418406|1117, -672423609|1133, -672423609|1152, -672424253|1166, -672424253|1193, -672424535|1207, -672424535|1220, -672424918|1237, -672424918|1316, -672426406|1345, -672432835|1362, -672432835|1373, -672433041|1383, -672433041|1507, -672433132|1519, -672434566|1532, -672434566|1713, -672434775|1726, -672434775|1746, -672434815|1756, -672434815|2229, -672435009|2303, -672435348|2338, -672436956|2355, -672440129|2383, -672440129|2511, -672441415|2537, -672441737|2556, -672441737|3046, -672442463|3086, -672442463|4005, com.Slack, 
-672443054|1, -672443054|2698, -672443166|2902, -672443342|2953, -672446517|3050, -672446517|3219, -672447225|3247, -672447225|4001, air.com.hypah.io.slither, 
-672455341|1, -672455341|39, -672455822|68, -672455822|271, -672455882|295, -672455882|320, -672456247|350, -672460236|407, -672464439|463, -672464479|513, -672464479|653, -672478030|686, -672478030|1197, -672478091|1234, -672478398|1308, -672478398|1369, -672478542|1429, -672478542|1446, -672478795|1471, -672483050|1511, -672483050|1571, -672483114|1591, -672483114|1606, -672483310|1618, -672483430|1631, -672483430|1658, -672483550|1718, -672492705|1775, -672493023|1801, -672494631|1833, -672497291|1860, -672497291|1899, -672497351|1933, -672497669|1957, -672502203|2013, -672507627|2113, -672513905|2179, -672514111|2199, -672523123|2328, -672524315|2392, -672525898|2422, -672525938|2439, -672525938|2521, -672527435|2538, -672527475|2570, -672528370|2650, -672531072|2717, -672533718|2742, -672534303|2772, -672534303|2933, -672534647|2945, -672534647|2981, -672535266|2999, -672535306|3018, -672536155|3035, -672537043|3054, -672537814|3068, -672538487|3091, -672540020|3103, -672540020|3119, -672544275|3132, -672544275|3169, -672544481|3185, -672545237|3200, -672545237|3434, -672546337|3448, -672548023|3468, -672548023|3479, -672549569|3502, -672549569|3808, -672550456|3825, -672550456|3862, -672551300|3883, -672552831|3901, -672552831|4002, com.dropbox.android, 
-672554524|1, -672554524|2276, -672554584|2338, -672555208|2431, -672555208|2473, -672556688|2632, -672560661|2722, -672560661|2861, -672560826|2890, -672560826|2903, -672562424|2935, -672562920|2990, -672562920|4001, com.sometimeswefly.littlealchemy, 
-672563080|1, -672563080|1315, -672563224|1435, -672563486|1482, -672567352|1581, -672569326|1630, -672569522|1660, -672569522|1672, -672569562|1696, -672569562|1912, -672570670|1954, -672570670|2912, -672571223|3101, -672575589|3188, -672577164|3246, -672578191|3312, -672578191|3394, -672580580|3406, -672580580|3676, -672581516|3690, -672581516|4003, com.google.android.apps.docs, 
-672581916|1, -672581916|728, -672581990|811, -672581990|890, -672582522|1046, -672586408|1186, -672586408|1468, -672587238|1498, -672587238|1928, -672588116|1991, -672588219|2082, -672588219|2964, -672588275|2989, -672588407|3026, -672588765|3080, -672593720|3109, -672593760|3163, -672596362|3264, -672596362|3286, -672597007|3375, -672598836|3440, -672598836|4030, com.scb.breezebanking.hk, 
-672599049|1, -672599049|1789, -672599123|1814, -672599123|1848, -672599311|1867, -672599311|2045, -672600042|2056, -672600042|2210, -672600433|2226, -672600433|2421, -672600809|2432, -672600809|2591, -672605956|2635, -672605956|2831, -672606071|2846, -672606660|2864, -672606700|2875, -672606700|3029, -672607393|3050, -672607393|3459, -672607456|3527, -672608302|3714, -672608302|3831, -672612752|3863, -672613174|4020, com.bankofamerica.cashpromobile, 
-672622718|1, -672622718|1966, -672622787|2037, -672623798|2085, -672623798|2106, -672624159|2119, -672624520|2141, -672633433|2191, -672635008|2218, -672635275|2233, -672635275|2243, -672636012|2254, -672636012|2276, -672636130|2288, -672636130|2300, -672646858|2311, -672650074|2324, -672650074|3336, -672651695|3349, -672651821|3374, -672651821|4002, com.google.android.music, 
-672679770|1, -672679770|1244, -672679834|1309, -672680140|1356, -672680200|1407, -672684964|1557, -672686504|1614, -672686582|1636, -672686622|1669, -672686622|1937, -672687754|1977, -672687754|2818, -672687815|2879, -672690341|2930, -672690684|2953, -672690684|2983, -672695051|3001, -672696136|3018, -672696136|3036, -672696746|3048, -672696746|3070, -672697687|3087, -672697813|3104, -672697813|3161, -672698438|3179, -672698438|4026, com.google.android.apps.docs, 
-672698758|1, -672698758|2870, -672702392|2881, -672702392|3117, -672717198|3130, -672717198|3592, -672717515|3642, -672717703|3674, -672717950|3710, -672718478|3730, -672718478|3744, -672722295|3758, -672723983|3776, -672723983|3798, -672728726|3811, -672729476|3822, -672730115|3841, -672730676|3856, -672731197|3874, -672731197|4014, at.DiTronic.androidgroup.randomgallery, 
-672733344|1, -672733344|1048, -672733595|1095, -672733772|1128, -672733856|1192, -672734109|1238, -672738488|1277, -672743831|1372, -672752645|1425, -672752645|1436, -672752745|1471, -672753063|1510, -672757792|1578, -672759400|1603, -672762060|1621, -672762592|1643, -672765305|1703, -672767510|1726, -672767756|1800, -672767887|1816, -672768600|1835, -672768600|1848, -672769415|1872, -672769546|1897, -672770379|1918, -672771049|1935, -672771255|1948, -672771255|1963, -672772423|1983, -672773261|2012, -672773261|2066, -672773920|2093, -672773960|2128, -672774708|2161, -672775344|2198, -672777648|2216, -672779567|2233, -672779567|2303, -672780152|2337, -672780152|2386, -672780220|2407, -672781214|2447, -672781214|2542, -672782103|2554, -672782103|2593, -672782914|2610, -672782914|2624, -672782998|2634, -672786272|2652, -672786272|2707, -672786971|2722, -672786971|2889, -672791146|2903, -672791812|2915, -672791852|2928, -672792710|2947, -672792710|2958, -672793672|2981, -672793672|3013, -672794500|3028, -672794500|3083, -672796046|3112, -672796046|3151, -672796400|3170, -672796400|3404, -672798130|3420, -672798130|3479, -672799661|3501, -672799661|3815, -672800513|3828, -672801340|3842, -672801340|3859, -672802861|3871, -672802861|4005, com.dropbox.android, 
-672811507|1, -672811507|2939, -672811963|3095, -672815726|3294, -672819491|3352, -672820055|3415, -672820223|3494, -672820223|3515, -672820391|3545, -672820391|3557, -672820475|3575, -672820559|3593, -672820559|3652, -672820643|3674, -672820727|3686, -672820727|3718, -672820811|3742, -672820895|3754, -672820895|4021, air.com.hypah.io.slither, 
-672840394|1, -672840394|747, -672840790|829, -672844856|941, -672844856|1118, -672845686|1265, -672845686|1567, -672846665|1658, -672846665|2762, -672846721|2776, -672846853|2810, -672851860|2894, -672852851|2985, -672854808|3053, -672854808|3105, -672855453|3119, -672855453|3144, -672857282|3165, -672857282|4010, com.scb.breezebanking.hk, 
-672857495|1, -672857495|1784, -672857633|1869, -672858015|1905, -672858015|1939, -672858737|1950, -672858737|1987, -672862637|2000, -672866537|2012, -672866722|2023, -672868174|2037, -672868873|2048, -672870151|2065, -672870151|2086, -672870307|2100, -672870307|2122, -672870387|2134, -672870387|2160, -672882613|2172, -672884291|2188, -672884291|3020, -672886123|3033, -672886183|4018, com.google.android.music, 
-672913439|1, -672913439|2812, -672917074|2825, -672917074|3062, -672932038|3077, -672932038|3560, -672932098|3620, -672932158|3650, -672932512|3673, -672932887|3691, -672936704|3714, -672941848|3738, -672941848|3749, -672943760|3762, -672943760|3773, -672944750|3784, -672944750|3819, -672945311|3841, -672945311|4010, at.DiTronic.androidgroup.randomgallery, 
-672947730|1, -672947730|924, -672948020|961, -672948020|975, -672948276|1061, -672948276|1160, -672948543|1192, -672952915|1231, -672952915|1683, -672954192|1867, -672954192|1978, -672955393|2007, -672955393|4009, com.android.vending, 
-672955553|1, -672955553|1952, -672955616|1980, -672955795|2026, -672956419|2056, -672956419|2308, -672957265|2350, -672957265|4004, com.sometimeswefly.littlealchemy, 
-672957425|1, -672957425|2882, -672960600|3076, -672960600|3227, -672961452|3307, -672963243|3324, -672963243|4005, air.com.hypah.io.slither, 
-672980968|1, -672980968|1675, -672981031|1729, -672981562|1760, -672981686|1793, -672981997|1846, -672982169|1880, -672982169|1915, -672982512|1950, -672982856|1973, -672982856|2041, -672989464|2066, -672994108|2169, -672994108|2192, -672994374|2228, -672997986|2308, -672999318|2354, -673000774|2389, -673000774|2409, -673001125|2455, -673005685|2515, -673005725|2559, -673009407|2625, -673012750|2720, -673017434|2755, -673017434|2809, -673017771|2916, -673019528|2985, -673019866|3018, -673020504|3077, -673023466|3243, -673023466|3378, -673024874|3607, -673026325|3707, -673026325|3843, -673027736|3859, -673027736|4008, com.ebay.mobile, 
-673039555|1, -673039555|985, -673040343|1117, -673045169|1284, -673045169|1363, -673046301|1390, -673046301|4003, org.catrobat.catroid, 
-673047648|1, -673047648|1165, -673047899|1242, -673048016|1278, -673048016|1315, -673049233|1398, -673057952|1430, -673062460|1460, -673071815|1541, -673071939|1570, -673072176|1600, -673076504|1622, -673076564|1636, -673076564|1650, -673076882|1666, -673080336|1695, -673081468|1710, -673085736|1756, -673085736|2068, -673086560|2123, -673090178|2170, -673090178|2309, -673090384|2328, -673090721|2346, -673091058|2363, -673093417|2411, -673093623|2428, -673094293|2444, -673095961|2461, -673096794|2483, -673096794|2551, -673097622|2570, -673099118|2590, -673099118|2656, -673099777|2668, -673099777|2711, -673101475|2744, -673102279|2782, -673102279|2828, -673104084|2844, -673104084|2922, -673105829|2938, -673106089|2959, -673107622|2986, -673108281|2998, -673108281|3156, -673113304|3168, -673113304|3183, -673113937|3194, -673113937|3220, -673114859|3231, -673114899|3248, -673114899|3270, -673115797|3287, -673115797|3302, -673116625|3314, -673116625|3352, -673118171|3369, -673118171|3415, -673118525|3426, -673118525|3439, -673119231|3452, -673119231|3671, -673120075|3684, -673120075|3695, -673121002|3715, -673121002|3731, -673122533|3752, -673122533|4008, com.dropbox.android, 
-673133554|1, -673133554|780, -673138983|1103, -673140115|1182, -673140115|4003, org.catrobat.catroid, 
-673140298|1, -673140298|1282, -673140618|1333, -673140738|1429, -673140822|1525, -673141425|1581, -673141425|1625, -673152729|1675, -673152729|1719, -673152935|1800, -673153141|1828, -673154486|1900, -673155999|1960, -673155999|1992, -673160238|2046, -673160838|2095, -673160878|2146, -673161234|2195, -673161234|2246, -673164640|2311, -673169284|2363, -673170286|2450, -673182602|2995, -673182602|3142, -673183415|3274, -673183415|4004, com.ebay.mobile, 
-673184326|1, -673184326|3036, -673187971|3048, -673187971|3261, -673189469|3278, -673203014|3304, -673203014|3701, -673203386|3745, -673203386|3773, -673203530|3804, -673203800|3830, -673203800|3842, -673204175|3854, -673207992|3867, -673207992|3879, -673212753|3899, -673213136|3911, -673213735|3922, -673213735|3933, -673215048|3948, -673215048|3960, -673215649|3973, -673216038|3989, -673216038|4003, at.DiTronic.androidgroup.randomgallery, 
-673217946|1, -673217946|1141, -673219421|1601, -673219421|1880, -673219761|2166, -673226592|2281, -673229939|2366, -673234281|2406, -673235785|2456, -673238102|2499, -673239732|2570, -673240402|2626, -673240402|4004, com.android.chrome, 
-673241362|1, -673241362|2865, -673244537|3084, -673244537|3221, -673245245|3241, -673245245|3270, -673247062|3295, -673247062|4005, air.com.hypah.io.slither, 
-673254189|1, -673254189|203, -673254249|240, -673254249|249, -673254614|279, -673254614|322, -673258603|346, -673258603|392, -673262844|441, -673262844|572, -673276367|741, -673276367|1024, -673276431|1097, -673276697|1162, -673280690|1206, -673280690|1273, -673281782|1381, -673281782|1503, -673282914|1570, -673282914|4010, org.catrobat.catroid, 
-673283097|1, -673283097|1042, -673283425|1101, -673283485|1156, -673283485|1195, -673283822|1207, -673288477|1272, -673289035|1322, -673303635|1397, -673303635|1408, -673316439|1429, -673316757|1476, -673321025|1569, -673321437|1618, -673322778|1651, -673325467|1707, -673325673|1741, -673325804|1775, -673327538|1837, -673327669|1864, -673328502|1899, -673328708|1936, -673329876|1976, -673329876|2693, -673330682|2707, -673330682|3001, -673331342|3014, -673331342|3085, -673332172|3105, -673332809|3126, -673332809|3151, -673333541|3173, -673333541|3191, -673334370|3207, -673335631|3224, -673336487|3235, -673336487|3324, -673337326|3342, -673337670|3374, -673338811|3387, -673338811|3398, -673338851|3410, -673340096|3453, -673340096|3525, -673340945|3542, -673340945|3553, -673345200|3565, -673345200|3576, -673346974|3602, -673348507|3614, -673348507|3724, -673349355|3736, -673349988|3758, -673349988|3769, -673350302|3784, -673350302|3808, -673350342|3819, -673350342|4007, com.dropbox.android, 
-673359744|1, -673359744|2882, -673359824|2904, -673360261|2962, -673360261|2982, -673360448|2998, -673360448|3046, -673360532|3059, -673360830|3070, -673360830|3090, -673367763|3103, -673367928|3118, -673369374|3131, -673369830|3143, -673369980|3158, -673369980|3180, -673370050|3192, -673370050|3219, -673370090|3229, -673370090|3456, -673371135|3468, -673371253|3480, -673371253|3934, -673371431|3954, -673371431|4005, com.google.android.apps.photos, 
-673371849|1, -673371849|717, -673371923|781, -673372161|860, -673376047|1058, -673376547|1148, -673376877|1268, -673376877|1458, -673377675|1567, -673377858|1691, -673377858|2869, -673377914|2897, -673378046|2938, -673383319|3086, -673383964|3148, -673385921|3189, -673385921|3294, -673386566|3322, -673386566|3339, -673388395|3358, -673388395|4002, com.scb.breezebanking.hk, 
-673388608|1, -673388608|1524, -673391489|1694, -673391489|2069, -673398742|2312, -673400610|2326, -673406008|2389, -673410318|2461, -673415905|2517, -673417378|2607, -673417378|4005, com.android.chrome, 
-673418178|1, -673418178|1060, -673418296|1097, -673418613|1142, -673418613|1304, -673418697|1317, -673418956|1329, -673418956|1507, -673425225|1544, -673425225|1595, -673425431|1608, -673425431|1822, -673426924|1831, -673426964|1840, -673426964|2033, -673427173|2045, -673427173|2070, -673427213|2110, -673427213|2299, -673427491|2401, -673429354|2437, -673432607|2483, -673433893|2525, -673434215|2555, -673434215|2839, -673434941|2861, -673434941|4002, com.Slack, 
-673443610|1, -673443610|905, -673443672|938, -673443978|1076, -673444054|1145, -673444054|4009, com.whatsapp, 
-673444054|1, -673444054|4010, com.android.vending, 
-673444054|1, -673444054|2749, -673444114|2774, -673444114|2825, -673444154|2835, -673444714|2851, -673444714|2871, -673446212|2882, -673451772|2894, -673451772|2915, -673452651|2927, -673453784|2938, -673453824|2948, -673453824|2969, -673453894|2980, -673453894|2998, -673453934|3011, -673453934|3263, -673455185|3275, -673455185|3833, -673455363|3849, -673455363|4010, com.google.android.apps.photos, 
-673455781|1, -673455781|704, -673455836|741, -673456027|784, -673456027|799, -673456365|819, -673456365|840, -673461488|860, -673461488|877, -673462132|906, -673462757|925, -673462757|941, -673462797|957, -673462797|1029, -673469146|1044, -673469146|1055, -673470634|1071, -673470634|1144, -673470840|1155, -673470840|1350, -673470971|1360, -673472462|1375, -673472462|1558, -673472671|1569, -673472671|1583, -673472711|1599, -673472711|1933, -673472770|1975, -673472905|2012, -673472905|2042, -673473244|2060, -673473244|2071, -673478025|2092, -673478025|2171, -673479311|2191, -673479633|2223, -673479633|2775, -673480359|2805, -673480359|4005, com.Slack, 
-673480870|1, -673480870|957, -673481268|1059, -673486517|1135, -673487015|1156, -673487337|1178, -673487337|1266, -673487680|1277, -673487680|1420, -673494029|1433, -673494029|1452, -673495517|1465, -673495517|1477, -673495723|1487, -673495723|1629, -673497306|1648, -673497306|1826, -673497515|1844, -673497515|1862, -673497555|1876, -673497555|2238, -673497615|2272, -673497615|2302, -673497954|2322, -673497954|2336, -673502735|2364, -673504343|2436, -673504343|2642, -673505069|2686, -673505069|4003, com.Slack, 
-673505580|1, -673505580|2438, -673509043|2787, -673509043|3053, -673509108|3088, -673509607|3144, -673509667|3180, -673509667|3216, -673509751|3225, -673510012|3249, -673513884|3260, -673513884|3400, -673514049|3421, -673519211|3480, -673519211|3541, -673520165|3564, -673520205|3595, -673520205|4021, air.com.hypah.io.slither, 
-673520525|1, -673520525|236, -673520598|337, -673520598|400, -673520784|424, -673520784|530, -673521159|544, -673522657|573, -673525553|608, -673526291|638, -673526291|703, -673526890|721, -673526890|743, -673526950|768, -673526950|849, -673527511|905, -673527511|986, -673527595|1055, -673527876|1109, -673527876|1191, -673531865|1207, -673535716|1243, -673535716|1361, -673535777|1453, -673536472|1553, -673551140|1653, -673560262|1728, -673568778|1791, -673569099|1830, -673573347|1861, -673573467|1888, -673574627|1935, -673588689|2054, -673589101|2065, -673589101|2079, -673592004|2099, -673593043|2127, -673593962|2170, -673595372|2245, -673595372|2332, -673595578|2351, -673595578|2368, -673597592|2400, -673599879|2439, -673599919|2483, -673602051|2530, -673602051|2561, -673603231|2588, -673603816|2627, -673604515|2647, -673604515|2672, -673605345|2690, -673605345|2711, -673605413|2724, -673605650|2754, -673605814|2765, -673605814|2807, -673606703|2818, -673606703|2865, -673607556|2879, -673607556|2891, -673609089|2931, -673611269|2961, -673611613|2975, -673611613|3251, -673618060|3268, -673618060|3279, -673618140|3292, -673618140|3315, -673620648|3335, -673620648|3550, -673621002|3563, -673621002|3641, -673621929|3654, -673622813|3671, -673624344|3683, -673624344|4001, com.dropbox.android, 
-673638608|1, -673638608|2816, -673641783|2983, -673641783|3110, -673644300|3156, -673644300|4015, air.com.hypah.io.slither, 
-673662019|1, -673662019|1013, -673662079|1070, -673662079|1118, -673667840|1218, -673668484|1265, -673668806|1305, -673668806|1325, -673669149|1337, -673669149|1439, -673670637|1450, -673676906|1463, -673676906|1520, -673677112|1532, -673677112|1661, -673678710|1672, -673678710|1869, -673678919|1879, -673678919|1902, -673678959|1912, -673678959|2276, -673679019|2316, -673684219|2390, -673684219|2453, -673684425|2531, -673685505|2556, -673685827|2577, -673685827|3303, -673686553|3337, -673686553|4001, com.Slack, 
-673687064|1, -673687064|989, -673687125|1007, -673687702|1090, -673694283|1151, -673697261|1181, -673697261|1194, -673701529|1214, -673706301|1332, -673707136|1382, -673707927|1421, -673723622|1540, -673725138|1598, -673727394|1754, -673727394|1805, -673729773|1896, -673730737|1932, -673730737|1968, -673731773|1993, -673732980|2031, -673734476|2072, -673734476|2156, -673735696|2169, -673737088|2195, -673737088|2253, -673737787|2280, -673737787|2296, -673738677|2317, -673738677|2375, -673740259|2391, -673740259|2403, -673740299|2426, -673740299|2441, -673740947|2452, -673741832|2465, -673741832|2499, -673742680|2510, -673743024|2524, -673743657|2536, -673743657|2579, -673744356|2592, -673744356|2805, -673750803|2823, -673751845|2860, -673753391|2885, -673753391|3116, -673753705|3130, -673753705|3153, -673753745|3165, -673753745|4009, com.dropbox.android, 
-673763049|1, -673763049|2919, -673766684|2935, -673766684|3080, -673781572|3095, -673781572|3602, -673781815|3670, -673781935|3719, -673782289|3739, -673782289|3758, -673782664|3770, -673786481|3793, -673786481|3804, -673790875|3816, -673793538|3844, -673793538|3861, -673794528|3875, -673794528|3887, -673795089|3913, -673795089|4004, at.DiTronic.androidgroup.randomgallery, 
-673796812|1, -673796812|2493, -673796852|2534, -673797030|2570, -673797070|2600, -673797070|2968, -673797130|2990, -673797130|3047, -673797512|3076, -673805066|3195, -673806622|3259, -673806622|3334, -673806732|3360, -673806732|3532, -673806910|3551, -673806910|3575, -673808026|3595, -673808144|3617, -673808144|4001, com.google.android.apps.photos, 
-673808562|1, -673808562|865, -673808638|914, -673808714|948, -673808714|4005, com.whatsapp, 
-673808714|1, -673808714|1062, -673808778|1102, -673809158|1178, -673813236|1259, -673813236|1297, -673813998|1341, -673814328|1391, -673814328|1494, -673815460|1553, -673815460|4015, org.catrobat.catroid, 
-673815643|1, -673815643|2854, -673819278|2880, -673819278|3008, -673828266|3021, -673834243|3035, -673834243|3506, -673834550|3565, -673834724|3595, -673835078|3611, -673835453|3624, -673835453|3634, -673840768|3658, -673845728|3678, -673845728|3687, -673846676|3700, -673846992|3728, -673847798|3748, -673847798|4004, at.DiTronic.androidgroup.randomgallery, 
-673849948|1, -673849948|4008, com.android.vending, 
-673850108|1, -673850108|664, -673850182|739, -673850420|798, -673854306|960, -673854306|1234, -673855136|1509, -673855136|2014, -673856195|2205, -673856195|3185, -673856251|3218, -673856383|3244, -673861470|3326, -673861776|3376, -673861816|3393, -673862461|3442, -673864418|3502, -673864418|3556, -673865063|3578, -673866892|3614, -673866892|4006, com.scb.breezebanking.hk, 
-673867105|1, -673867105|815, -673867759|955, -673867945|1044, -673868029|1074, -673868626|1093, -673868626|1108, -673873749|1130, -673873955|1153, -673874393|1165, -673874675|1177, -673874675|1196, -673874715|1210, -673880984|1227, -673880984|1250, -673881190|1260, -673881190|1305, -673882678|1320, -673882678|1363, -673882769|1375, -673884083|1386, -673884083|1527, -673884292|1537, -673884292|1564, -673884332|1579, -673884332|2255, -673884526|2352, -673884610|2370, -673884865|2384, -673884865|2407, -673889646|2419, -673889646|2508, -673889852|2520, -673890932|2533, -673890932|2551, -673891254|2591, -673891254|3065, -673891980|3088, -673891980|4005, com.Slack, 
-673892491|1, -673892491|3151, -673892611|3319, -673895666|3393, -673895726|3429, -673896518|3464, -673898393|3491, -673900949|3542, -673901033|3605, -673901033|3631, -673901201|3667, -673901369|3692, -673901369|3725, -673901453|3750, -673901453|3784, -673901621|3805, -673901705|3845, -673901789|3865, -673901789|4003, air.com.hypah.io.slither, 
-673921206|1, -673921206|1117, -673921350|1334, -673921350|1595, -673921414|1656, -673922142|1753, -673926008|1806, -673926008|1878, -673928100|1951, -673928178|1968, -673928218|2013, -673928218|2345, -673929363|2393, -673929489|2436, -673929489|3674, -673931939|3724, -673932089|3748, -673932226|3759, -673932226|3796, -673932569|3810, -673932569|3835, -673934067|3846, -673937107|3857, -673938019|3869, -673938019|3882, -673938629|3895, -673938629|3919, -673939060|3931, -673939696|3943, -673939696|3954, -673940424|3976, -673940424|4002, com.google.android.apps.docs, 
-673940744|1, -673940744|1206, -673940804|1319, -673941150|1392, -673947068|1540, -673947186|1629, -673947186|1885, -673948257|1926, -673948257|3073, -673948317|3124, -673950706|3189, -673955414|3251, -673956499|3269, -673957109|3296, -673957187|3323, -673958176|3335, -673958176|3386, -673958931|3398, -673958931|4015, com.google.android.apps.docs, 
-673959251|1, -673959251|670, -673959325|744, -673959563|798, -673963529|871, -673963529|1005, -673964359|1117, -673964359|1520, -673965340|1597, -673965340|2768, -673965528|2833, -673965886|2860, -673965886|2886, -673970535|2902, -673970841|2929, -673970881|2969, -673971526|3005, -673973483|3056, -673973483|3085, -673974128|3099, -673974128|3111, -673975957|3136, -673975957|4005, com.scb.breezebanking.hk, 
-673976170|1, -673976170|1784, -673976708|1846, -673977482|1859, -673977482|1899, -673978204|1911, -673978204|1945, -673986004|1958, -673986004|1968, -673986189|1980, -673986753|1991, -673988340|2004, -673988340|2195, -673989302|2210, -673989538|2233, -673989538|2272, -673989694|2282, -673994430|2294, -673994470|2306, -673994510|2317, -673994510|2420, -674003352|2432, -674003478|2456, -674003478|3607, -674005140|3628, -674005266|3660, -674005266|4064, com.google.android.music, 
-674015310|1, -674015310|909, -674015374|954, -674019831|1166, -674020923|1212, -674020923|1331, -674022055|1395, -674022055|4002, org.catrobat.catroid, 
-674022238|1, -674022238|714, -674022298|763, -674027137|889, -674027467|945, -674027467|1016, -674028599|1091, -674028599|4005, org.catrobat.catroid, 
-674028862|1, -674028862|4006, com.android.vending, 
-674028862|1, -674028862|847, -674028922|885, -674033001|968, -674034093|1065, -674034093|1248, -674035225|1332, -674035225|4005, org.catrobat.catroid, 
-674035408|1, -674035408|796, -674035720|864, -674036074|905, -674039526|1083, -674039526|1191, -674040356|1252, -674040356|1618, -674041232|1630, -674041232|1642, -674041335|1676, -674041335|2330, -674041391|2396, -674041391|2423, -674041523|2436, -674041523|2467, -674041881|2486, -674046450|2504, -674046756|2522, -674046756|2551, -674047441|2573, -674047441|2600, -674049318|2619, -674049318|2764, -674049963|2791, -674051792|2848, -674051792|4009, com.scb.breezebanking.hk, 
-674052005|1, -674052005|2740, -674052045|2760, -674052223|2775, -674052223|2886, -674052647|2908, -674052647|2958, -674052731|2970, -674053029|2997, -674060087|3040, -674061533|3059, -674062139|3073, -674062139|3096, -674062209|3112, -674062209|3134, -674062249|3146, -674062249|3455, -674063349|3466, -674063349|3577, -674063389|3600, -674063389|3765, -674063567|3781, -674063567|4010, com.google.android.apps.photos, 
-674063985|1, -674063985|2197, -674064048|2215, -674064048|2230, -674064230|2252, -674064385|2270, -674064385|2311, -674065009|2333, -674065009|2565, -674065855|2583, -674065855|4010, com.sometimeswefly.littlealchemy, 
-674066015|1, -674066015|1919, -674066085|1942, -674066297|1955, -674066297|1969, -674070822|2082, -674070822|2117, -674070987|2156, -674071372|2220, -674072005|2277, -674072005|2302, -674072501|2330, -674072561|2394, -674073185|2442, -674073185|2640, -674074031|2662, -674074031|4035, com.sometimeswefly.littlealchemy, 
-674074191|1, -674074191|2094, -674074409|2196, -674074409|2509, -674074449|2543, -674074449|2812, -674074509|2836, -674074509|2891, -674074891|2913, -674074891|2940, -674081784|2952, -674081949|2979, -674083395|2989, -674083395|2999, -674083921|3015, -674083921|3042, -674083991|3058, -674083991|3069, -674084031|3086, -674084031|3141, -674084209|3153, -674084209|3358, -674085435|3371, -674085553|3387, -674085553|4003, com.google.android.apps.photos, 
-674085971|1, -674085971|1001, -674086047|1048, -674086123|1111, -674086123|4003, com.whatsapp, 
-674086123|1, -674086123|1287, -674086313|1370, -674086373|1410, -674086719|1444, -674090585|1517, -674092795|1674, -674092795|1858, -674093757|1902, -674093757|2974, -674093817|3039, -674094160|3099, -674098525|3140, -674099610|3172, -674099610|3183, -674102609|3201, -674102609|3215, -674102687|3232, -674103636|3250, -674103636|3524, -674104543|3535, -674104543|4008, com.google.android.apps.docs, 
-674104863|1, -674104863|1452, -674106361|1598, -674106361|2178, -674107141|2432, -674116501|2559, -674122605|2660, -674126392|2733, -674126633|2809, -674126633|2854, -674127303|2879, -674127303|4009, com.android.chrome, 
-674128103|1, -674128103|1198, -674130284|1387, -674130284|1829, -674130344|1937, -674132384|2001, -674138732|2053, -674144520|2160, -674149607|2240, -674156161|2339, -674156161|2366, -674156201|2397, -674156201|4010, com.android.chrome, 
-674156681|1, -674156681|663, -674156757|673, -674156757|691, -674156833|720, -674156833|4013, com.whatsapp, 
