629950224|1, 629950224|1292, 629950374|1372, 629950490|1486, 629950490|1599, 629950602|1682, 629950602|1881, 629953932|1971, 629954202|2033, 629954202|2061, 629954256|2084, 629954256|2204, 629954527|2288, 629954527|2388, 629959845|2557, 629959845|2707, 629960058|2952, 629960058|3042, 629961659|3245, 629962562|3380, 629962562|3533, 629962674|3558, 629962674|3723, 629972219|3783, 629972273|4022, com.ebay.mobile, 
629988768|1, 629988768|788, 629989052|868, 629989246|894, 629993147|962, 629993255|1040, 629993559|1062, 629993559|1125, 629994741|1258, 630000857|1505, 630000857|1541, 630001116|1612, 630001116|2052, 630001170|2064, 630001170|2275, 630001353|2288, 630001353|2577, 630001844|2596, 630001898|2667, 630001898|2872, 630002351|2902, 630002405|2940, 630002405|3091, 630002732|3136, 630002732|3702, 630003127|3713, 630003127|4004, com.sololearn.cplusplus, 
630003474|1, 630003474|262, 630003630|279, 630003774|299, 630003774|328, 630003886|355, 630003886|380, 630007781|401, 630007835|420, 630007889|442, 630008248|466, 630008248|483, 630008718|502, 630008718|4005, com.ted.android.conference, 
630014665|1, 630014665|1282, 630014808|1318, 630014939|1380, 630014939|1398, 630014997|1423, 630014997|1473, 630015051|1487, 630019202|1512, 630019314|1536, 630023590|1597, 630027700|1635, 630028204|1737, 630036590|1783, 630040808|1826, 630040808|1878, 630040866|1891, 630041032|1909, 630041032|1921, 630046698|1938, 630049306|1978, 630049306|2008, 630049360|2026, 630049681|2055, 630050308|2083, 630051217|2259, 630051217|2337, 630052522|2381, 630054109|2458, 630055471|2700, 630055471|2763, 630055772|2845, 630055826|2881, 630055826|3132, 630056531|3146, 630056531|3331, 630060628|3345, 630060682|3356, 630060736|3367, 630060736|3644, 630061064|3658, 630061064|3888, 630061751|3928, 630061805|3944, 630061805|4002, com.dropbox.android, 
630069190|1, 630069190|903, 630069384|934, 630069384|1087, 630069442|1161, 630069496|1208, 630069720|1294, 630072832|1351, 630082759|1449, 630082759|1491, 630103417|1611, 630103417|2133, 630103633|2196, 630103846|2213, 630104317|2226, 630104476|2263, 630104584|2295, 630104638|2307, 630104692|2333, 630104692|2384, 630105274|2402, 630105274|2412, 630105328|2424, 630105328|2469, 630106579|2492, 630106579|2538, 630108147|2559, 630108147|2683, 630108941|2695, 630108941|2712, 630109864|2754, 630109864|2769, 630110488|2787, 630110600|2807, 630112415|2828, 630112415|2865, 630112469|2888, 630112469|2998, 630116620|3020, 630116728|3046, 630116728|3078, 630118366|3103, 630118474|3115, 630118474|3160, 630119222|3173, 630119364|3184, 630119364|3208, 630119692|3223, 630119692|3450, 630121939|3465, 630121939|3478, 630122047|3505, 630122047|3861, 630123701|3878, 630123755|3890, 630123809|3903, 630123809|4008, com.dropbox.android, 
630128509|1, 630128509|2370, 630128635|2425, 630128635|2702, 630128777|2721, 630128777|2936, 630128889|2948, 630128889|3141, 630129110|3156, 630129110|3343, 630129222|3356, 630129222|3540, 630130700|3551, 630133656|3565, 630133656|3746, 630133897|3758, 630133897|3950, 630134026|3977, 630134026|4005, com.bankofamerica.cashpromobile, 
630135445|1, 630135445|1945, 630136910|1963, 630136982|1977, 630136982|2049, 630137611|2061, 630137611|4002, com.android.chrome, 
630137757|1, 630137757|629, 630138041|656, 630138041|688, 630142332|841, 630142332|929, 630149464|1141, 630149464|1239, 630149723|1271, 630149723|1342, 630149777|1456, 630149777|1638, 630149906|1688, 630149960|1722, 630149960|1986, 630150451|1998, 630150505|2025, 630150505|2289, 630151012|2313, 630151012|2601, 630151339|2647, 630151339|3107, 630151734|3126, 630151734|4008, com.sololearn.cplusplus, 
630152081|1, 630152081|4009, com.google.android.gm, 
630152081|1, 630152081|2260, 630152241|2290, 630152241|2300, 630152367|2310, 630152367|2349, 630152425|2359, 630152479|2370, 630152479|2390, 630152780|2407, 630152780|2512, 630153855|2527, 630153935|2561, 630153935|2627, 630154080|2645, 630154373|2656, 630154373|2691, 630154543|2712, 630154597|2726, 630154597|2737, 630162241|2754, 630162241|2779, 630162565|2801, 630163270|2817, 630163867|2844, 630163867|2857, 630164051|2874, 630164051|2886, 630177703|2919, 630177703|3177, 630177844|3218, 630177844|3228, 630178133|3239, 630178133|3275, 630178245|3286, 630178245|3315, 630182052|3327, 630182052|3348, 630182106|3358, 630182106|3377, 630182203|3392, 630182851|3407, 630182851|3601, 630183604|3613, 630183604|3682, 630185399|3702, 630185399|4148, com.google.android.music, 
630194783|1, 630194783|1873, 630194925|1885, 630194925|2062, 630195037|2085, 630195037|2276, 630195258|2290, 630195258|2476, 630195370|2488, 630195370|2687, 630200045|2701, 630200045|2884, 630200174|2901, 630200174|2916, 630200228|2926, 630200228|3096, 630200923|3115, 630200923|3906, 630201206|3918, 630201206|3948, 630201318|3970, 630201318|4024, com.bankofamerica.cashpromobile, 
630211205|1, 630211205|2396, 630211317|2406, 630211317|2427, 630215111|2447, 630215111|2459, 630215273|2481, 630215273|2490, 630215626|2504, 630215626|2815, 630216595|2852, 630216595|4002, com.google.android.keep, 
630216703|1, 630216703|4005, com.ted.android.conference, 
630216703|1, 630216703|1330, 630216851|1356, 630216987|1384, 630220863|1480, 630221167|1532, 630221167|1640, 630222273|1663, 630222273|4006, org.catrobat.catroid, 
630222404|1, 630222404|1103, 630222547|1155, 630222678|1176, 630222678|1220, 630222824|1262, 630227557|1348, 630240103|1382, 630240327|1410, 630240327|1432, 630248767|1465, 630252989|1538, 630252989|1552, 630257207|1574, 630257261|1618, 630257474|1653, 630257738|1692, 630257846|1763, 630258005|1833, 630258059|1886, 630258113|1959, 630260489|2019, 630260702|2053, 630260756|2080, 630260915|2104, 630260915|2140, 630261849|2156, 630261849|2169, 630261903|2179, 630262215|2234, 630262215|2346, 630262839|2360, 630262839|2372, 630263676|2390, 630264844|2405, 630264898|2422, 630266493|2440, 630266601|2456, 630267248|2472, 630267248|2489, 630267420|2536, 630267420|2768, 630269699|2793, 630270569|2810, 630270569|2825, 630270677|2838, 630270677|2965, 630274828|2977, 630274828|2988, 630274882|3000, 630274936|3016, 630274936|3046, 630275630|3059, 630275630|3186, 630277613|3210, 630277613|3231, 630277721|3247, 630277721|3556, 630278561|3569, 630278561|3590, 630279483|3603, 630279483|4005, com.dropbox.android, 
630285948|1, 630285948|1067, 630286448|1247, 630286958|1426, 630286958|2219, 630291425|2376, 630293893|2484, 630294229|2569, 630294229|2618, 630300199|2702, 630301434|2802, 630301434|4007, com.android.chrome, 
630301650|1, 630301650|4001, at.DiTronic.androidgroup.randomgallery, 
630326818|1, 630326818|846, 630327356|1002, 630331196|1123, 630331196|1434, 630332020|1460, 630332097|1490, 630332097|3138, 630332183|3175, 630336418|3245, 630336738|3338, 630336792|3382, 630338671|3442, 630338671|3504, 630338725|3517, 630338725|3564, 630340476|3594, 630340476|4004, com.scb.breezebanking.hk, 
630340637|1, 630340637|1194, 630340962|1478, 630345635|1650, 630345635|2474, 630345747|2510, 630345747|2531, 630349750|2566, 630351930|2600, 630352380|2668, 630352380|2836, 630353989|2959, 630354672|3033, 630354672|3800, 630354726|3827, 630354726|3857, 630355196|3882, 630355196|4008, com.android.chrome, 
630356276|1, 630356276|1062, 630356330|1214, 630356384|1284, 630356384|1307, 630356438|1384, 630356438|2178, 630356550|2192, 630356550|2222, 630360344|2240, 630360344|2251, 630360506|2262, 630360506|2284, 630360859|2294, 630360859|2489, 630361772|2508, 630361772|4007, com.google.android.keep, 
630362042|1, 630362042|3160, 630362195|3171, 630362195|3184, 630362336|3199, 630362336|3242, 630362394|3260, 630362448|3278, 630362448|3309, 630369211|3326, 630369211|3381, 630369265|3412, 630369265|3451, 630369535|3480, 630370073|3502, 630370073|3595, 630370127|3609, 630370181|3623, 630370181|3648, 630370265|3659, 630370265|4007, com.google.android.apps.photos, 
630372970|1, 630372970|1798, 630373206|1877, 630373318|1947, 630377801|2081, 630378071|2181, 630378071|2221, 630378980|2257, 630378980|2438, 630379113|2479, 630379334|2573, 630380128|2769, 630380128|3545, 630380182|3582, 630380182|3625, 630380554|3655, 630380554|4016, com.sometimeswefly.littlealchemy, 
630380770|1, 630380770|2218, 630380882|2250, 630380882|2535, 630381676|2567, 630381676|3901, 630381730|3920, 630381730|4017, com.sometimeswefly.littlealchemy, 
630381946|1, 630381946|1933, 630382918|2019, 630383142|2065, 630383142|2096, 630390786|2107, 630390786|2118, 630390894|2137, 630391326|2153, 630391869|2164, 630392412|2174, 630392412|2184, 630392504|2195, 630392596|2206, 630392596|2255, 630406250|2282, 630406250|3150, 630407952|3183, 630407952|4006, com.google.android.music, 
630413610|1, 630413610|1789, 630413750|1805, 630413750|1838, 630413862|1851, 630413862|1871, 630416806|1881, 630417710|1896, 630417710|1910, 630418171|1931, 630418171|2292, 630418779|2302, 630419198|2319, 630419198|4003, com.google.android.keep, 
630419306|1, 630419306|1739, 630419448|1773, 630419448|1956, 630419560|1971, 630419560|2099, 630419839|2110, 630419839|2237, 630419951|2247, 630419951|2412, 630424385|2432, 630424385|2614, 630424626|2627, 630424626|2808, 630424755|2823, 630424755|2845, 630424809|2858, 630424809|3014, 630425450|3029, 630425504|3040, 630425504|3776, 630425787|3812, 630425899|3887, 630430325|4058, com.bankofamerica.cashpromobile, 
630436164|1, 630436164|3028, 630436218|3042, 630436218|4007, com.ted.android.conference, 
630436272|1, 630436272|740, 630436465|880, 630436665|956, 630436665|1004, 630437061|1084, 630437173|1116, 630444023|1152, 630444131|1204, 630444435|1218, 630444435|1349, 630445655|1361, 630445655|1933, 630445817|1946, 630445817|2071, 630446902|2136, 630446902|2269, 630447014|2380, 630447014|2471, 630453153|2492, 630453153|2504, 630453207|2540, 630453207|2681, 630453366|2694, 630453366|2883, 630454723|2903, 630454723|2949, 630454948|2986, 630455219|3003, 630455219|3082, 630455385|3168, 630455385|3265, 630461524|3278, 630461524|3298, 630462873|3327, 630462873|3353, 630462927|3373, 630462927|3442, 630463086|3474, 630463086|3524, 630464385|3568, 630464608|3595, 630464608|4004, com.mxtech.videoplayer.ad, 
630466068|1, 630466068|635, 630466174|686, 630466419|698, 630470074|734, 630470074|872, 630470598|1009, 630471668|1068, 630477784|1100, 630477784|1224, 630478043|1316, 630478043|1472, 630478097|1495, 630478097|1691, 630478280|1704, 630478280|2000, 630478771|2011, 630478771|2023, 630478825|2047, 630478825|2304, 630479278|2344, 630479332|2384, 630479332|2602, 630479659|2623, 630479659|3229, 630480054|3241, 630480054|4009, com.sololearn.cplusplus, 
630480509|1, 630480509|4007, com.ted.android.conference, 
630480509|1, 630480509|1293, 630480780|1352, 630480780|1417, 630480986|1447, 630480986|1487, 630481098|1516, 630481098|1539, 630481210|1589, 630481210|1606, 630487349|1647, 630492015|1699, 630492015|1786, 630492123|1849, 630492123|1873, 630492235|1906, 630492706|1961, 630492706|1989, 630492872|2035, 630496174|2075, 630497238|2146, 630497238|2170, 630500540|2205, 630500540|2234, 630501381|2290, 630501435|2319, 630501435|2373, 630501489|2398, 630501489|2426, 630502330|2462, 630502330|2502, 630502543|2559, 630503597|2621, 630503651|2679, 630503651|2693, 630505194|2758, 630509010|2967, 630509010|3007, 630510068|3055, 630510354|3132, 630514379|3180, 630515462|3201, 630515516|3238, 630515516|3399, 630516357|3434, 630516357|3479, 630526344|3497, 630526344|3562, 630527131|3582, 630527131|4019, com.ebay.mobile, 
630527733|1, 630527733|1717, 630527845|1728, 630527845|1751, 630531639|1768, 630531639|1785, 630531801|1804, 630531801|1814, 630532154|1824, 630532154|2147, 630533118|2161, 630533118|4001, com.google.android.keep, 
630533226|1, 630533226|1044, 630534024|1338, 630534024|1962, 630534125|2055, 630534237|2090, 630539867|2160, 630540871|2273, 630540871|2302, 630542408|2368, 630542480|2409, 630543110|2443, 630543110|4002, com.android.chrome, 
630543218|1, 630543218|4010, at.DiTronic.androidgroup.randomgallery, 
630568353|1, 630568353|542, 630568637|612, 630572405|663, 630572517|770, 630572929|902, 630573999|945, 630580115|1005, 630580115|1163, 630580428|1254, 630580428|1462, 630580611|1496, 630580611|1773, 630581102|1792, 630581156|1808, 630581156|2081, 630581663|2098, 630581663|2280, 630581936|2307, 630581990|2331, 630581990|2910, 630582385|2923, 630582385|4014, com.sololearn.cplusplus, 
630582732|1, 630582732|850, 630582876|899, 630582876|924, 630582988|952, 630582988|970, 630586883|989, 630586991|1008, 630586991|1026, 630587350|1039, 630587350|1068, 630587820|1078, 630587820|1156, 630587874|1174, 630587874|1216, 630588344|1236, 630588344|4010, com.ted.android.conference, 
630588344|1, 630588344|798, 630588456|817, 630588456|844, 630592331|895, 630592635|913, 630592635|982, 630595829|1006, 630595829|1029, 630597049|1061, 630597049|1812, 630597211|1848, 630597211|2050, 630597776|2083, 630597776|3226, 630597903|3263, 630597903|3301, 630598015|3317, 630598015|3336, 630603280|3357, 630603334|3381, 630603334|3467, 630603388|3483, 630603388|3500, 630603547|3518, 630608436|3557, 630612407|3587, 630612407|3606, 630612703|3618, 630612869|3630, 630612869|3655, 630618134|3666, 630618188|3680, 630618188|3702, 630619695|3718, 630619695|3748, 630620006|3771, 630620006|3782, 630620263|3798, 630620317|3814, 630620317|3846, 630620574|3858, 630620628|3876, 630620628|3897, 630620885|3911, 630620885|4015, com.mxtech.videoplayer.ad, 
630622156|1, 630622156|634, 630622304|701, 630622304|746, 630626340|925, 630626752|1003, 630626752|1032, 630626864|1112, 630627934|1141, 630627934|1403, 630634104|1419, 630634104|2002, 630634363|2013, 630634363|2042, 630634417|2055, 630634417|2599, 630634546|2624, 630634600|2728, 630634600|2926, 630635091|2939, 630635091|2955, 630635145|2973, 630635145|3164, 630635540|3178, 630635652|3194, 630635652|3421, 630635979|3432, 630635979|4005, com.sololearn.cplusplus, 
630636721|1, 630636721|3516, 630636847|3604, 630637061|3688, 630637635|3790, 630637635|3811, 630637689|3836, 630639431|3969, 630639431|4027, air.com.hypah.io.slither, 
630653997|1, 630653997|2887, 630654159|2911, 630654159|3122, 630668888|3140, 630668888|3532, 630669000|3544, 630669000|3577, 630673421|3604, 630673952|3616, 630673952|3641, 630674363|3655, 630674363|3813, 630674546|3847, 630674742|3864, 630675155|3906, 630675209|3941, 630679002|3961, 630679056|3975, 630679056|3987, 630679419|3998, 630679419|4013, at.DiTronic.androidgroup.randomgallery, 
630681240|1, 630681240|735, 630681490|902, 630684972|1007, 630684972|1069, 630685384|1248, 630685384|1647, 630686208|1737, 630686285|1845, 630686285|3228, 630690606|3335, 630690980|3436, 630690980|3486, 630692859|3518, 630692859|3593, 630692913|3633, 630694664|3663, 630694664|4015, com.scb.breezebanking.hk, 
630694933|1, 630694933|4009, com.ted.android.conference, 
630694933|1, 630694933|2188, 630694987|2207, 630694987|4010, com.ted.android.conference, 
630695041|1, 630695041|4004, com.android.vending, 
630697417|1, 630697417|1048, 630697687|1109, 630697687|1188, 630698297|1281, 630698297|2798, 630698361|2810, 630698361|4001, com.whatsapp, 
630698955|1, 630698955|1813, 630699097|1853, 630699097|2026, 630699209|2037, 630699209|2160, 630699488|2183, 630699488|2366, 630699600|2379, 630699600|2566, 630704034|2578, 630704034|2762, 630704797|2781, 630704851|2792, 630704851|2989, 630704980|3010, 630704980|3033, 630705034|3051, 630705034|3186, 630705729|3202, 630705729|3917, 630706012|3934, 630706012|3951, 630706124|3990, 630706124|4016, com.bankofamerica.cashpromobile, 
630716713|1, 630716713|2068, 630716825|2080, 630716825|2278, 630717046|2290, 630717046|2487, 630717158|2500, 630717158|2689, 630722409|2700, 630722409|2895, 630722538|2916, 630722538|2928, 630722592|2938, 630722592|3102, 630723287|3127, 630723287|3721, 630723399|3763, 630723399|3921, 630727825|3976, 630727825|4028, com.bankofamerica.cashpromobile, 
630734851|1, 630734851|729, 630734941|794, 630734941|3678, 630735211|3689, 630735211|4003, com.whatsapp, 
630735535|1, 630735535|2256, 630735647|2288, 630735647|2605, 630736441|2640, 630736441|4023, com.sometimeswefly.littlealchemy, 
630736549|1, 630736549|4003, com.google.android.gm, 
630736549|1, 630736549|1046, 630736835|1170, 630736835|1234, 630737005|1272, 630741353|1308, 630741353|1324, 630745648|1348, 630745648|1464, 630745918|1510, 630746656|1532, 630746656|1634, 630747841|1661, 630747841|1948, 630754016|1969, 630754016|2272, 630754232|2430, 630765365|2593, 630778778|2699, 630778778|2827, 630778940|2890, 630779363|2921, 630779840|2956, 630779840|2967, 630779948|3026, 630783183|3078, 630783291|3125, 630786373|3179, 630795706|3227, 630801150|3291, 630801150|3940, 630801292|3981, 630801422|4027, com.android.vending, 
630825581|1, 630825581|91, 630825635|105, 630825635|1933, 630825693|1946, 630825693|1957, 630825747|1974, 630825747|1983, 630825994|1994, 630826048|2006, 630826048|2119, 630827326|2135, 630827326|2246, 630827438|2305, 630831344|2327, 630835246|2398, 630855292|2502, 630885444|2534, 630885444|2800, 630886353|2814, 630886353|3045, 630886465|3056, 630886465|3081, 630887198|3093, 630887198|3122, 630887468|3135, 630887468|3171, 630889050|3185, 630889050|4009, com.google.android.keep, 
630890060|1, 630890060|1725, 630897928|1818, 630897928|1840, 630897982|1860, 630898414|1883, 630899446|1899, 630899446|1913, 630899538|1925, 630899630|1936, 630899630|2016, 630913228|2028, 630913282|2040, 630913282|2913, 630914921|2947, 630915077|4043, com.google.android.music, 
630941218|1, 630941218|812, 630941614|904, 630945383|959, 630948577|1014, 630948989|1083, 630948989|1187, 630950209|1200, 630950209|1803, 630950371|1828, 630950371|1956, 630951207|2118, 630951207|2214, 630951319|2278, 630951319|2475, 630957512|2487, 630957512|2499, 630957566|2512, 630957566|2672, 630957671|2685, 630957725|2697, 630957725|2885, 630957948|2897, 630957948|3020, 630958133|3085, 630958241|3122, 630963506|3139, 630963506|3199, 630963560|3222, 630963560|3233, 630963719|3251, 630965013|3274, 630965013|3285, 630968493|3303, 630968493|3346, 630968621|3390, 630968733|3418, 630968733|3439, 630975237|3462, 630975237|3474, 630975291|3486, 630975291|3508, 630975504|3522, 630975504|3536, 630975761|3549, 630975815|3568, 630975815|3593, 630976072|3603, 630976126|3616, 630976126|3728, 630976383|3742, 630976437|3757, 630976437|3859, 630976694|3878, 630976694|4010, com.mxtech.videoplayer.ad, 
630977674|1, 630977674|766, 630981406|927, 630981818|990, 630981818|1328, 630982588|1453, 630982827|1526, 630982827|2627, 630982913|2700, 630983025|2770, 630987202|2791, 630987522|2823, 630987576|2871, 630989455|2898, 630989455|2990, 630989509|3009, 630989509|3044, 630991260|3071, 630991260|4009, com.scb.breezebanking.hk, 
630991421|1, 630991421|793, 630991557|835, 630991781|876, 630995438|919, 630995850|973, 630999044|1015, 630999044|1107, 631000264|1124, 631000264|1726, 631000426|1772, 631000426|1893, 631001489|1947, 631001489|2148, 631001601|2192, 631001601|2378, 631007740|2393, 631007740|2429, 631007794|2445, 631007794|2574, 631007953|2589, 631007953|2809, 631008176|2839, 631008176|2927, 631008303|3002, 631008415|3062, 631013680|3087, 631013680|3196, 631015029|3245, 631015188|3274, 631015188|3333, 631018726|3368, 631023991|3385, 631023991|3399, 631024045|3412, 631024045|3425, 631024204|3440, 631024204|3465, 631024461|3486, 631024461|3526, 631025863|3547, 631025863|3570, 631026120|3582, 631026120|3594, 631026228|3610, 631026228|3635, 631026485|3646, 631026539|3658, 631026539|3679, 631026796|3692, 631026796|4006, com.mxtech.videoplayer.ad, 
631027560|1, 631027560|2231, 631027672|2345, 631027672|2570, 631028466|2584, 631028466|4001, com.sometimeswefly.littlealchemy, 
631028574|1, 631028574|1298, 631028686|1310, 631028686|1500, 631034825|1515, 631034825|1578, 631034879|1595, 631034879|1731, 631035038|1743, 631035038|1862, 631035261|1879, 631035261|2444, 631035350|2514, 631035462|2547, 631035462|2569, 631040113|2638, 631040221|2684, 631040517|2721, 631040517|2918, 631041217|2949, 631041217|4010, com.Slack, 
631041808|1, 631041808|1291, 631042130|1410, 631042130|1512, 631042354|1559, 631042354|1598, 631050170|1760, 631050404|1884, 631050404|1992, 631050828|2043, 631050987|2063, 631051099|2085, 631051153|2118, 631051153|2165, 631055188|2228, 631059973|2379, 631060922|2585, 631061922|2658, 631061922|2857, 631063734|2891, 631063734|3034, 631066685|3170, 631066685|4017, com.ebay.mobile, 
631072939|1, 631072939|1369, 631073163|1449, 631073163|1487, 631073275|1534, 631083954|1615, 631083954|1689, 631087364|1838, 631087784|1877, 631087838|1922, 631087950|1988, 631088842|2037, 631089217|2062, 631092519|2152, 631093583|2235, 631096612|2288, 631096612|2345, 631097612|2484, 631099262|2621, 631099262|2836, 631100600|2879, 631100600|4025, com.ebay.mobile, 
631102322|1, 631102322|4011, com.android.vending, 
631102322|1, 631102322|4007, com.android.vending, 
631102322|1, 631102322|804, 631102764|905, 631102988|940, 631102988|955, 631107901|972, 631107901|1004, 631108009|1022, 631108009|1040, 631113438|1074, 631113438|1088, 631113734|1098, 631113734|1169, 631119548|1181, 631121443|1204, 631121443|1238, 631122571|1263, 631122571|1312, 631122730|1328, 631122730|1479, 631122953|1492, 631122953|2115, 631123065|2165, 631123065|2177, 631127716|2204, 631127716|2299, 631127824|2310, 631127824|2324, 631128120|2338, 631128120|2616, 631128820|2633, 631128820|4007, com.Slack, 
631129283|1, 631129283|706, 631129770|772, 631130018|853, 631133786|930, 631134198|1014, 631137392|1034, 631137392|1086, 631138612|1097, 631138612|1686, 631138774|1735, 631138774|1835, 631139339|1920, 631139339|2125, 631139467|2168, 631139579|2187, 631144790|2238, 631144844|2248, 631144844|2270, 631145003|2283, 631145003|2307, 631145372|2320, 631145372|2440, 631151565|2463, 631151565|2485, 631151619|2497, 631151619|2618, 631151778|2633, 631151778|2800, 631152055|2838, 631152055|2876, 631152167|2919, 631157378|2933, 631157432|2963, 631157432|2976, 631158831|2987, 631158831|3045, 631158939|3062, 631158939|3086, 631162365|3106, 631162365|3116, 631162473|3129, 631162473|3160, 631162730|3175, 631162730|3205, 631164133|3216, 631164133|3248, 631164390|3262, 631164498|3280, 631164498|3305, 631164755|3323, 631164755|4003, com.mxtech.videoplayer.ad, 
631165627|1, 631165627|4014, com.ted.android.conference, 
631165627|1, 631165627|1731, 631166135|1810, 631166247|1861, 631170035|1955, 631170735|2121, 631170789|2159, 631170789|2177, 631170881|2220, 631170881|2715, 631171015|2729, 631171015|2762, 631171974|2798, 631171974|3317, 631172276|3410, 631172388|3508, 631176675|3569, 631196120|3682, 631197226|3732, 631197226|4076, com.google.android.apps.docs, 
631197442|1, 631197442|4010, com.ted.android.conference, 
631197659|1, 631197659|669, 631201667|821, 631201971|881, 631201971|954, 631202083|977, 631203153|1024, 631203153|1240, 631209269|1266, 631209269|1444, 631209528|1492, 631209528|1564, 631209582|1592, 631209582|1869, 631209765|1882, 631209765|2471, 631210256|2502, 631210256|2550, 631210310|2589, 631210310|2621, 631210364|2680, 631210364|2717, 631210443|2752, 631210950|2787, 631210950|2840, 631211004|2887, 631211004|2954, 631211331|2989, 631243079|3019, 631261081|3051, 631261081|3399, 631261567|3410, 631261567|3493, 631261962|3505, 631261962|3516, 631263661|3527, 631263661|4006, com.sololearn.cplusplus, 
631264116|1, 631264116|1254, 631264170|1281, 631264170|1323, 631264640|1357, 631264640|4010, com.google.android.gm, 
631264640|1, 631264640|3178, 631264793|3208, 631264934|3234, 631264934|3274, 631265046|3305, 631271863|3343, 631272347|3376, 631272563|3409, 631272617|3436, 631272617|3494, 631272701|3526, 631272701|3816, 631273652|3843, 631273652|3979, 631273706|3994, 631273706|4006, com.google.android.apps.photos, 
631273814|1, 631273814|4004, com.google.android.gm, 
631273814|1, 631273814|1750, 631274104|1778, 631274850|1792, 631274850|1826, 631274962|1840, 631274962|1852, 631275074|1871, 631275074|1881, 631278896|1897, 631282718|1912, 631282772|1932, 631283258|1953, 631284344|1976, 631284344|1995, 631284528|2014, 631284528|2035, 631286396|2049, 631298126|2079, 631298180|2121, 631298180|3048, 631299727|3076, 631299727|3864, 631299871|3950, 631299983|4005, com.google.android.music, 
631326116|1, 631326116|3025, 631326228|3037, 631326228|3079, 631333045|3092, 631333045|3115, 631333799|3130, 631333907|3141, 631333907|3154, 631333991|3167, 631333991|3421, 631334853|3435, 631334853|4002, com.google.android.apps.photos, 
631334961|1, 631334961|763, 631335046|875, 631340343|932, 631340451|976, 631340747|992, 631340747|1043, 631340859|1056, 631340859|1132, 631342321|1157, 631348460|1171, 631348460|1189, 631348514|1200, 631348514|1334, 631348619|1348, 631348673|1359, 631348673|1540, 631348896|1551, 631348896|4012, com.Slack, 
631349389|1, 631349389|1321, 631349595|1440, 631349837|1536, 631349945|1603, 631349945|1707, 631360736|1933, 631364092|2072, 631364092|2128, 631364678|2200, 631364678|2289, 631368872|2355, 631369031|2384, 631369524|2524, 631370365|2589, 631373342|2678, 631374342|2790, 631374342|2950, 631375932|2998, 631375932|3190, 631377425|3278, 631377425|4023, com.ebay.mobile, 
631385108|1, 631385108|4004, com.google.android.gm, 
631385108|1, 631385108|3352, 631385312|3481, 631389376|3817, 631389944|3864, 631390060|3888, 631390060|3951, 631390176|3988, 631390234|4006, air.com.hypah.io.slither, 
631410422|1, 631410422|1209, 631410508|1234, 631410508|4010, com.google.android.gm, 
631410508|1, 631410508|4002, com.google.android.gm, 
631410508|1, 631410508|1230, 631410904|1339, 631414667|1433, 631414971|1472, 631414971|1590, 631416077|1610, 631416077|4004, org.catrobat.catroid, 
631416208|1, 631416208|823, 631416282|910, 631416428|969, 631416540|1072, 631420308|1132, 631420720|1177, 631423914|1226, 631423914|1312, 631425134|1324, 631425134|1981, 631425296|2007, 631425296|2219, 631425861|2265, 631425861|2316, 631426133|2427, 631426133|2530, 631426245|2552, 631426245|2728, 631432384|2762, 631432384|2807, 631432438|2830, 631432438|2944, 631432597|2958, 631432597|3147, 631432820|3158, 631432820|3257, 631433005|3341, 631433059|3371, 631433059|3383, 631438270|3418, 631438270|3432, 631438324|3451, 631438324|3463, 631438537|3495, 631441963|3523, 631441963|3544, 631442091|3556, 631442091|3619, 631442203|3630, 631443497|3643, 631448816|3660, 631448816|3683, 631448924|3705, 631448924|3718, 631449083|3730, 631449083|3763, 631449340|3775, 631449340|3804, 631449448|3816, 631449448|3837, 631449705|3850, 631449705|3878, 631451001|3894, 631451109|3915, 631451109|3949, 631451366|3966, 631451366|3981, 631451474|3998, 631451474|4012, com.mxtech.videoplayer.ad, 
631452495|1, 631452495|2976, 631452657|2993, 631452657|3198, 631457073|3208, 631467203|3246, 631467203|4003, at.DiTronic.androidgroup.randomgallery, 
631478076|1, 631478076|1872, 631478300|1902, 631478300|1915, 631485944|1946, 631485944|1967, 631486484|1986, 631486484|1998, 631486973|2011, 631487462|2022, 631487570|2036, 631487662|2046, 631487754|2056, 631487754|2079, 631488150|2090, 631501406|2111, 631501406|3014, 631503065|3035, 631503065|4034, com.google.android.music, 
631529348|1, 631529348|2006, 631529402|2023, 631529514|2042, 631529514|2060, 631533308|2079, 631533308|2101, 631533470|2116, 631533470|2126, 631533823|2138, 631533823|2339, 631534873|2370, 631534873|4011, com.google.android.keep, 
631534981|1, 631534981|1205, 631535039|1378, 631538881|1426, 631538881|1528, 631539727|1612, 631539727|1992, 631540731|2064, 631540731|3400, 631540839|3412, 631540839|3462, 631540951|3474, 631540951|3508, 631545240|3521, 631545510|3535, 631545510|3546, 631546044|3557, 631546044|3581, 631546136|3591, 631547041|3602, 631547041|3626, 631547560|3639, 631547560|4012, com.google.android.apps.docs, 
631548408|1, 631548408|1948, 631548632|1960, 631548632|2001, 631556276|2012, 631556276|2046, 631556816|2059, 631556816|2072, 631557902|2086, 631557902|2107, 631558086|2119, 631558086|2165, 631571684|2177, 631571738|2188, 631571738|2983, 631573344|2996, 631573344|4012, com.google.android.music, 
631599645|1, 631599645|758, 631600038|840, 631603694|938, 631603802|957, 631604106|973, 631604106|995, 631604218|1039, 631604218|1061, 631605288|1145, 631611404|1237, 631611404|1397, 631611663|1491, 631611663|1612, 631611717|1641, 631611717|1821, 631611846|1836, 631611900|1862, 631611900|2136, 631612391|2152, 631612445|2172, 631612445|2440, 631612952|2463, 631612952|2618, 631613279|2650, 631613279|3158, 631613674|3172, 631613674|4008, com.sololearn.cplusplus, 
631614021|1, 631614021|2665, 631614133|2678, 631614133|2711, 631620950|2729, 631620950|2757, 631621704|2769, 631621704|2879, 631621788|2896, 631621788|3140, 631623043|3194, 631623043|4004, com.google.android.apps.photos, 
631623151|1, 631623151|1789, 631623277|1801, 631623277|1831, 631623419|1845, 631623419|1989, 631623531|2002, 631623531|2115, 631623810|2155, 631623810|2323, 631623922|2336, 631623922|2534, 631628356|2545, 631628356|2730, 631629119|2741, 631629173|2754, 631629173|2938, 631629302|2950, 631629302|2971, 631629356|2982, 631629356|3142, 631630051|3156, 631630051|3859, 631630164|3904, 631630164|3930, 631630447|3952, 631630559|4017, com.bankofamerica.cashpromobile, 
631640608|1, 631640608|802, 631640937|883, 631644706|973, 631645230|1033, 631645230|1084, 631648370|1102, 631648370|1153, 631649590|1172, 631649590|1824, 631649752|1837, 631649752|1951, 631650589|2024, 631650589|2170, 631650647|2194, 631650647|2219, 631650701|2254, 631650701|2379, 631656840|2392, 631656840|2438, 631656894|2453, 631656894|2589, 631657053|2604, 631657053|2795, 631657276|2807, 631657276|2910, 631657403|2996, 631657515|3060, 631662780|3101, 631662780|3217, 631664130|3244, 631664289|3277, 631664289|3292, 631667715|3311, 631667843|3324, 631667843|3347, 631668009|3386, 631668009|3412, 631673274|3423, 631673274|3451, 631673328|3469, 631673328|3479, 631673487|3491, 631673487|3503, 631674777|3517, 631675088|3539, 631675088|3569, 631675399|3584, 631675399|3617, 631675656|3629, 631675710|3641, 631675710|3665, 631675967|3685, 631675967|4001, com.mxtech.videoplayer.ad, 
631676947|1, 631676947|749, 631677059|779, 631680827|852, 631681239|954, 631684379|970, 631684379|1036, 631685599|1059, 631685599|1616, 631685761|1669, 631685761|1771, 631686326|1831, 631686326|2306, 631686438|2323, 631686438|2516, 631692685|2539, 631692685|2560, 631692739|2571, 631692739|2695, 631692844|2744, 631693064|2813, 631698275|2841, 631698275|2887, 631698552|2904, 631698552|2922, 631698657|2933, 631700004|2973, 631700004|3000, 631703430|3036, 631703484|3060, 631703484|3078, 631703596|3094, 631703596|3129, 631708807|3143, 631708861|3155, 631708861|3167, 631709020|3184, 631709020|3197, 631710315|3210, 631710572|3232, 631710626|3246, 631710626|3273, 631710883|3290, 631710937|3306, 631710937|3334, 631711194|3349, 631711248|3366, 631711248|3390, 631711505|3403, 631711505|4014, com.mxtech.videoplayer.ad, 
631712377|1, 631712377|1307, 631712651|1405, 631712651|1500, 631712763|1523, 631716914|1547, 631717194|1618, 631717530|1687, 631729968|1734, 631734410|1815, 631747180|1950, 631747393|2018, 631747606|2052, 631747606|2142, 631747660|2180, 631748137|2217, 631748191|2242, 631748299|2273, 631748617|2299, 631749275|2344, 631750155|2397, 631750155|2497, 631750896|2516, 631750950|2533, 631752079|2572, 631752079|2588, 631752187|2601, 631752187|2626, 631753550|2642, 631753550|2676, 631754772|2724, 631754772|2794, 631755419|2806, 631755419|2846, 631755473|2861, 631755473|2874, 631755656|2902, 631755774|2916, 631756574|2947, 631756574|2962, 631757411|2980, 631757411|2989, 631757519|3004, 631757519|3027, 631758355|3046, 631758355|3057, 631758409|3071, 631758409|3103, 631759168|3122, 631759168|3328, 631765511|3360, 631765511|3401, 631765619|3413, 631765727|3431, 631765727|3641, 631766055|3654, 631766055|3719, 631767710|3734, 631767710|3749, 631767818|3760, 631767818|4008, com.dropbox.android, 
631773664|1, 631773664|1152, 631774388|1382, 631774388|1436, 631774612|1475, 631774612|1550, 631785471|1664, 631785525|1729, 631785583|1775, 631785583|1807, 631786003|1848, 631786003|1924, 631786057|1950, 631786844|1974, 631790146|1990, 631790146|2015, 631790305|2046, 631790471|2132, 631792716|2219, 631796072|2293, 631796072|2334, 631797238|2389, 631797238|2440, 631797451|2491, 631803644|2566, 631806704|2610, 631808384|2756, 631808384|2800, 631808438|2831, 631808438|2971, 631810170|3035, 631810170|3197, 631810393|3260, 631810393|3710, 631810447|3721, 631810447|4004, com.ebay.mobile, 
631812417|1, 631812417|1622, 631812529|1632, 631812529|1660, 631816323|1678, 631816323|1704, 631816485|1720, 631816485|1734, 631816838|1744, 631816838|2025, 631817785|2037, 631817785|4012, com.google.android.keep, 
631817893|1, 631817893|1230, 631818005|1327, 631818005|1458, 631824256|1517, 631824256|1573, 631828850|1716, 631828850|1773, 631829016|1845, 631832955|2020, 631834127|2152, 631834127|2233, 631838162|2264, 631838537|2448, 631842466|2587, 631842466|2756, 631844012|2787, 631844012|4003, com.ebay.mobile, 
631845737|1, 631845737|2718, 631847627|2931, 631847627|3108, 631847681|3140, 631849357|3190, 631849357|3839, 631849411|3862, 631849411|4010, air.com.hypah.io.slither, 
631863068|1, 631863068|2071, 631863718|2092, 631863718|2127, 631863942|2139, 631863942|2161, 631866886|2173, 631871586|2186, 631871802|2198, 631872072|2211, 631873212|2236, 631873212|2256, 631873396|2270, 631873396|2318, 631887039|2335, 631887039|3365, 631888836|3380, 631888836|4005, com.google.android.music, 
631916699|1, 631916699|4001, com.android.vending, 
631916807|1, 631916807|758, 631920593|901, 631920593|1066, 631920647|1196, 631921005|1300, 631921005|2513, 631921906|2597, 631921906|3270, 631921992|3337, 631926281|3391, 631926601|3414, 631926601|3479, 631926655|3511, 631928534|3565, 631928534|3641, 631928588|3660, 631928588|3695, 631930339|3718, 631930339|4018, com.scb.breezebanking.hk, 
631930500|1, 631930500|2278, 631930742|2341, 631930854|2388, 631930854|2592, 631931648|2666, 631931648|3042, 631931842|3091, 631931842|3135, 631932066|3163, 631932066|3182, 631932798|3214, 631932798|4012, com.sometimeswefly.littlealchemy, 
631933122|1, 631933122|712, 631933270|791, 631933630|861, 631937394|931, 631937698|945, 631937698|976, 631940946|1008, 631940946|1076, 631942166|1096, 631942166|1621, 631942328|1674, 631942328|1844, 631942893|1925, 631942893|2241, 631943118|2262, 631943389|2283, 631943389|2420, 631943501|2433, 631943501|2631, 631949694|2645, 631949694|2667, 631949748|2679, 631949748|2781, 631949853|2810, 631950034|2848, 631950146|2897, 631950200|2912, 631950200|2924, 631955465|2940, 631955465|3003, 631955688|3020, 631955796|3043, 631955901|3066, 631955955|3080, 631955955|3093, 631959381|3115, 631959381|3178, 631960805|3212, 631960805|3232, 631960917|3280, 631966236|3298, 631966290|3312, 631966290|3331, 631966503|3349, 631966503|3369, 631966760|3394, 631966814|3421, 631966814|3431, 631968107|3448, 631968418|3474, 631968418|3491, 631968675|3502, 631968675|3514, 631968729|3526, 631968729|3544, 631968986|3578, 631968986|4009, com.mxtech.videoplayer.ad, 
631969966|1, 631969966|1361, 631970286|1505, 631974240|1652, 631975556|1781, 631975556|2193, 631976582|2234, 631976582|2726, 631976776|2798, 631976996|2868, 631981339|2938, 631981981|2969, 631981981|2993, 631983436|3190, 631983436|4003, com.google.android.apps.docs, 
631983652|1, 631983652|611, 631983785|640, 631983785|679, 631987554|739, 631987554|861, 631987774|913, 631988078|945, 631988078|983, 631995318|1125, 631995318|1235, 631995577|1300, 631995577|1456, 631995631|1522, 631995631|1789, 631995814|1802, 631995814|2100, 631996305|2113, 631996359|2136, 631996359|2395, 631996866|2413, 631996866|2611, 631997193|2634, 631997193|3123, 631997588|3142, 631997588|4008, com.sololearn.cplusplus, 
631997935|1, 631997935|1932, 631998077|1946, 631998077|2098, 631998189|2112, 631998189|2527, 631998468|2539, 631998468|2832, 631998580|2846, 631998580|3142, 632003313|3158, 632003313|3453, 632003442|3503, 632003442|3566, 632003496|3606, 632003496|3774, 632004191|3794, 632004191|4001, com.bankofamerica.cashpromobile, 
632014743|1, 632014743|1114, 632015139|1209, 632019206|1346, 632019206|1435, 632020312|1506, 632020312|4010, org.catrobat.catroid, 
632020443|1, 632020443|1245, 632020639|1345, 632020729|1371, 632020729|4002, com.whatsapp, 
632020729|1, 632020729|719, 632020813|750, 632021095|845, 632021095|1043, 632021153|1093, 632021207|1108, 632021207|1261, 632022701|1270, 632027346|1286, 632027400|1305, 632027400|1471, 632027559|1482, 632027559|1677, 632028906|1691, 632029177|1720, 632029177|1875, 632029235|1885, 632029289|1898, 632029289|2084, 632035428|2097, 632035428|2153, 632035482|2172, 632035482|2339, 632035641|2397, 632035842|2468, 632040716|2531, 632040824|2600, 632041120|2646, 632041120|2885, 632041820|2918, 632041820|4002, com.Slack, 
632047521|1, 632047521|671, 632047611|795, 632047611|4003, com.whatsapp, 
632047611|1, 632047611|616, 632047943|744, 632051711|826, 632052123|891, 632052123|910, 632055263|928, 632055263|1019, 632056483|1040, 632056483|1533, 632056645|1595, 632056645|1745, 632057210|1819, 632057210|2317, 632057322|2330, 632057322|2517, 632063515|2531, 632063515|2582, 632063569|2592, 632063569|2725, 632063728|2763, 632063728|2809, 632063951|2885, 632064063|2918, 632069328|2943, 632069328|3001, 632069436|3020, 632069436|3048, 632069595|3062, 632069595|3085, 632073021|3102, 632073021|3162, 632074424|3183, 632074424|3195, 632079689|3212, 632079743|3230, 632079797|3245, 632079797|3258, 632079956|3270, 632079956|3292, 632080213|3305, 632080213|3319, 632080267|3330, 632080267|3363, 632080524|3375, 632081817|3387, 632081817|3411, 632081925|3429, 632081925|3444, 632082182|3455, 632082290|3472, 632082290|3495, 632082547|3515, 632082547|4002, com.mxtech.videoplayer.ad, 
632083419|1, 632083419|4009, com.ted.android.conference, 
632083419|1, 632083419|4003, com.google.android.gm, 
632083419|1, 632083419|1396, 632087557|1802, 632087557|2205, 632093711|2404, 632098913|2488, 632099748|2566, 632099748|2588, 632101397|2622, 632106206|2656, 632107495|2732, 632107495|4004, com.android.chrome, 
632108143|1, 632108143|618, 632108560|687, 632108672|714, 632112329|739, 632112329|894, 632112853|1053, 632120093|1203, 632120093|1238, 632120352|1340, 632120352|1569, 632120406|1596, 632120406|1819, 632120589|1834, 632120589|2132, 632121080|2162, 632121134|2173, 632121134|2442, 632121641|2472, 632121641|2637, 632121968|2664, 632121968|3259, 632122363|3275, 632122363|4007, com.sololearn.cplusplus, 
632122710|1, 632122710|702, 632122822|728, 632126478|756, 632126478|851, 632126698|897, 632127002|1034, 632134242|1160, 632134242|1312, 632134501|1382, 632134501|1479, 632134555|1520, 632134555|1748, 632134738|1763, 632134738|2063, 632135229|2076, 632135283|2098, 632135283|2361, 632135790|2381, 632135790|2566, 632136117|2584, 632136117|3088, 632136512|3097, 632136512|4010, com.sololearn.cplusplus, 
632136967|1, 632136967|916, 632137149|1024, 632137149|4008, com.whatsapp, 
632137149|1, 632137149|4009, com.google.android.gm, 
632137149|1, 632137149|1747, 632137291|1774, 632137291|1924, 632137403|1936, 632137403|2112, 632137624|2139, 632137624|2334, 632137736|2346, 632137736|2546, 632142170|2560, 632142170|2747, 632142411|2759, 632142411|2951, 632142540|2961, 632142594|2988, 632142594|3151, 632143289|3164, 632143289|3902, 632143572|3919, 632143572|3941, 632143684|3975, 632143684|4013, com.bankofamerica.cashpromobile, 
632155098|1, 632155098|2020, 632155156|2032, 632155210|2045, 632155210|2064, 632159004|2089, 632159166|2100, 632159166|2117, 632159519|2139, 632159519|2352, 632160615|2363, 632160615|4002, com.google.android.keep, 
632165967|1, 632165967|2065, 632166076|2102, 632166188|2152, 632166188|2452, 632166982|2515, 632166982|4038, com.sometimeswefly.littlealchemy, 
632167090|1, 632167090|1724, 632167202|1735, 632167202|1759, 632170996|1770, 632171050|1780, 632171158|1799, 632171511|1817, 632171511|1861, 632171565|1873, 632171565|2124, 632172581|2136, 632172581|4008, com.google.android.keep, 
632172689|1, 632172689|1511, 632172801|1578, 632176589|1590, 632176751|1602, 632176751|1613, 632177435|1679, 632177435|2326, 632178300|2360, 632178300|3526, 632178408|3560, 632178408|3597, 632178520|3608, 632178520|3628, 632182808|3639, 632183078|3650, 632183078|3690, 632183612|3702, 632183612|3722, 632183704|3733, 632184609|3745, 632184609|3760, 632185449|3776, 632185449|4010, com.google.android.apps.docs, 
632185665|1, 632185665|4008, at.DiTronic.androidgroup.randomgallery, 
632210546|1, 632210546|4009, com.android.vending, 
632210546|1, 632210546|3415, 632210840|3497, 632210952|3567, 632217769|3605, 632217769|3628, 632218523|3656, 632218523|3753, 632218607|3772, 632218607|3933, 632219692|3973, 632219746|4016, com.google.android.apps.photos, 
632219854|1, 632219854|1448, 632220652|1625, 632220652|2149, 632220764|2265, 632226506|2338, 632232075|2398, 632232345|2455, 632233994|2480, 632239095|2548, 632240092|2614, 632240092|4001, com.android.chrome, 
632240740|1, 632240740|1411, 632244640|1588, 632245178|1654, 632245448|1701, 632245448|1748, 632245540|1783, 632245540|2053, 632245940|2066, 632246433|2102, 632246433|3400, 632246653|3441, 632246653|3477, 632250941|3508, 632251211|3532, 632251691|3544, 632251745|3559, 632251745|3573, 632251837|3583, 632252742|3598, 632252742|3692, 632253374|3704, 632253374|4003, com.google.android.apps.docs, 
632253590|1, 632253590|1818, 632253702|1830, 632253702|1855, 632257496|1880, 632257658|1902, 632258011|1916, 632258011|2190, 632258876|2208, 632258876|4004, com.google.android.keep, 
632258984|1, 632258984|1790, 632259126|1804, 632259126|1972, 632259238|2042, 632259238|2197, 632259517|2209, 632259517|2402, 632259629|2418, 632259629|2599, 632264063|2621, 632264063|2813, 632264304|2825, 632264304|3022, 632264433|3034, 632264433|3058, 632264487|3075, 632264487|3227, 632265182|3249, 632265182|3908, 632265465|3937, 632265577|3958, 632265577|4006, com.bankofamerica.cashpromobile, 
632275680|1, 632275680|1146, 632275796|1260, 632275796|1552, 632275908|1602, 632275908|1714, 632279238|1767, 632279364|1857, 632279418|1925, 632279418|2037, 632279689|2090, 632279689|2258, 632284353|2366, 632284353|2572, 632284678|2622, 632284678|2777, 632286627|2977, 632286627|3066, 632286898|3214, 632286898|3267, 632289930|3309, 632289930|3342, 632290042|3386, 632296181|3518, 632296181|3737, 632296235|3781, 632296235|3906, 632296394|3917, 632296394|4001, com.ebay.mobile, 
632297445|1, 632297445|4011, com.google.android.gm, 
632297445|1, 632297445|706, 632297535|785, 632297535|4011, com.whatsapp, 
632297535|1, 632297535|988, 632297620|1055, 632297678|1086, 632297732|1103, 632297732|1115, 632302753|1131, 632302753|1150, 632302861|1164, 632302861|1181, 632303157|1191, 632303157|1217, 632303269|1235, 632303269|1314, 632304731|1343, 632310978|1359, 632310978|1371, 632311032|1381, 632311032|1504, 632311137|1517, 632311191|1531, 632311191|1712, 632311414|1724, 632311414|2226, 632311561|2318, 632311615|2336, 632316266|2354, 632316266|2509, 632316374|2535, 632316670|2554, 632316670|3044, 632317370|3084, 632317370|4003, com.Slack, 
632317779|1, 632317779|2900, 632317983|2952, 632319621|3057, 632319621|3218, 632319675|3248, 632319675|4012, air.com.hypah.io.slither, 
632326519|1, 632326822|38, 632326876|67, 632326876|319, 632326988|355, 632330899|407, 632331477|463, 632331477|652, 632344794|685, 632344794|1233, 632345068|1307, 632345068|1367, 632345126|1428, 632345126|1445, 632345180|1470, 632349331|1512, 632349331|1604, 632349477|1617, 632349611|1630, 632349611|1717, 632358109|1774, 632358221|1800, 632362385|1840, 632362385|1933, 632362497|1956, 632366827|2015, 632371150|2111, 632375958|2178, 632376012|2197, 632381524|2329, 632381791|2391, 632382597|2421, 632382597|2520, 632384110|2537, 632384110|2569, 632384925|2654, 632386127|2716, 632388027|2745, 632388027|2932, 632388139|2944, 632388139|2980, 632388786|2998, 632389623|3019, 632389623|3036, 632390459|3054, 632391258|3071, 632391312|3090, 632391420|3102, 632391420|3117, 632395571|3130, 632395571|3168, 632395625|3184, 632395679|3200, 632395679|3433, 632397547|3447, 632398363|3467, 632398363|3478, 632398471|3501, 632398471|3807, 632399346|3824, 632399346|3860, 632400178|3882, 632400286|3899, 632400286|4001, com.dropbox.android, 
632401567|1, 632401567|2341, 632401679|2431, 632401679|2473, 632402741|2632, 632406636|2721, 632406636|2860, 632406690|2890, 632406690|2902, 632407103|2935, 632407573|2994, 632407573|4001, com.sometimeswefly.littlealchemy, 
632407681|1, 632407681|1315, 632407739|1435, 632407793|1481, 632411581|1581, 632412389|1629, 632412481|1660, 632412481|1911, 632413465|1955, 632413465|2911, 632413680|3105, 632417968|3190, 632418664|3252, 632419607|3313, 632419607|3394, 632419715|3406, 632419715|3676, 632420567|3690, 632420567|4005, com.google.android.apps.docs, 
632420837|1, 632420837|890, 632421263|1049, 632424803|1187, 632424803|1466, 632425215|1497, 632425215|1925, 632426118|1998, 632426118|2987, 632426204|3026, 632427872|3078, 632430813|3108, 632430813|3161, 632432746|3262, 632432746|3284, 632432800|3376, 632434551|3446, 632434551|4028, com.scb.breezebanking.hk, 
632434712|1, 632434712|1847, 632434854|1866, 632434854|2043, 632434966|2055, 632434966|2209, 632435245|2225, 632435245|2419, 632435357|2430, 632435357|2590, 632440032|2633, 632440032|2830, 632440161|2845, 632440215|2863, 632440215|3027, 632440910|3049, 632440910|3543, 632441418|3717, 632441418|3829, 632445790|3862, 632445844|4027, com.bankofamerica.cashpromobile, 
632453117|1, 632453117|2037, 632453912|2085, 632453912|2105, 632454024|2120, 632454136|2141, 632462050|2191, 632462686|2218, 632462863|2233, 632462863|2242, 632463498|2254, 632463498|2276, 632463590|2288, 632463986|2299, 632477174|2311, 632477296|2323, 632477296|3336, 632478865|3349, 632478919|3374, 632478919|4003, com.google.android.music, 
632505462|1, 632505462|1311, 632505782|1357, 632505782|1429, 632509898|1557, 632510490|1614, 632510582|1636, 632510582|1937, 632511590|1980, 632511590|2879, 632511789|2931, 632511901|2954, 632511901|2983, 632516190|3004, 632516460|3018, 632516460|3036, 632516994|3048, 632516994|3071, 632517937|3087, 632517991|3104, 632517991|3161, 632518532|3179, 632518532|4028, com.google.android.apps.docs, 
632518748|1, 632518748|2868, 632518910|2880, 632518910|3116, 632533456|3129, 632533456|3592, 632533639|3641, 632533781|3673, 632534024|3709, 632534136|3729, 632534136|3742, 632537987|3763, 632538095|3775, 632538095|3797, 632542663|3809, 632542879|3821, 632543410|3839, 632543945|3854, 632544356|3873, 632544356|4013, at.DiTronic.androidgroup.randomgallery, 
632545525|1, 632545525|1046, 632545668|1094, 632545799|1129, 632545857|1196, 632545911|1237, 632550062|1278, 632554730|1370, 632563170|1424, 632563170|1470, 632563282|1516, 632567612|1577, 632571776|1602, 632571830|1619, 632571884|1642, 632572426|1702, 632573024|1725, 632573132|1799, 632573237|1815, 632573396|1834, 632573396|1846, 632573504|1871, 632573609|1896, 632573663|1917, 632574321|1934, 632574375|1947, 632574375|1962, 632574741|1985, 632575567|2012, 632575567|2065, 632576254|2093, 632576254|2129, 632577016|2161, 632577640|2198, 632578544|2214, 632580359|2232, 632580359|2301, 632580413|2338, 632580413|2406, 632580585|2446, 632580585|2541, 632581422|2552, 632581422|2591, 632582221|2609, 632582221|2623, 632583169|2634, 632583331|2650, 632583331|2708, 632583978|2721, 632583978|2887, 632588075|2902, 632588769|2914, 632588769|2928, 632589615|2946, 632589615|2956, 632589723|2979, 632589723|3012, 632590539|3027, 632590539|3081, 632590647|3111, 632590647|3150, 632590975|3170, 632590975|3402, 632592681|3420, 632592681|3478, 632592789|3501, 632592789|3814, 632593629|3827, 632594444|3842, 632594444|3857, 632594552|3870, 632594552|4004, com.dropbox.android, 
632599810|1, 632599810|2938, 632600062|3094, 632603415|3300, 632604693|3352, 632604751|3414, 632604867|3493, 632604867|3513, 632604983|3544, 632604983|3555, 632605041|3574, 632605099|3592, 632605099|3651, 632605157|3673, 632605215|3685, 632605215|3698, 632605273|3717, 632605273|3741, 632605331|3752, 632605331|4025, air.com.hypah.io.slither, 
632620371|1, 632620371|746, 632620649|831, 632624323|940, 632624323|1117, 632624735|1264, 632624735|1515, 632625505|1586, 632625636|1657, 632625636|2775, 632625722|2809, 632630331|2906, 632630385|2989, 632632264|3056, 632632264|3104, 632632318|3118, 632632318|3142, 632634069|3164, 632634069|4008, com.scb.breezebanking.hk, 
632634230|1, 632634230|1870, 632634520|1903, 632634520|1938, 632634744|1949, 632634744|1986, 632640038|1999, 632642388|2011, 632642442|2022, 632642874|2035, 632642928|2047, 632644014|2063, 632644014|2085, 632644198|2098, 632644198|2159, 632657796|2171, 632657850|2186, 632657850|3019, 632659558|3032, 632659558|4017, com.google.android.music, 
632685620|1, 632685620|2810, 632685782|2824, 632685782|3050, 632687254|3060, 632700486|3076, 632700486|3649, 632700598|3672, 632700710|3690, 632704449|3713, 632708870|3737, 632708870|3747, 632709509|3760, 632709509|3772, 632710337|3783, 632710337|3825, 632710872|3840, 632710872|4009, at.DiTronic.androidgroup.randomgallery, 
632712206|1, 632712206|923, 632712366|960, 632712366|973, 632712550|1060, 632712550|1159, 632712604|1192, 632716898|1231, 632716898|1689, 632717375|1870, 632717375|1978, 632718498|2011, 632718498|4007, com.android.vending, 
632718606|1, 632718606|1978, 632718739|2025, 632718851|2054, 632718851|2306, 632719645|2359, 632719645|4003, com.sometimeswefly.littlealchemy, 
632719753|1, 632719753|2883, 632721391|3075, 632721391|3226, 632721503|3306, 632723216|3323, 632723216|4004, air.com.hypah.io.slither, 
632737026|1, 632737026|1674, 632737251|1728, 632737522|1759, 632737522|1792, 632737728|1845, 632737854|1879, 632737912|1914, 632737966|1949, 632738078|1972, 632738078|2022, 632742336|2040, 632744329|2066, 632748869|2172, 632748923|2190, 632748923|2229, 632752279|2307, 632752699|2354, 632752858|2388, 632752858|2408, 632752970|2454, 632754247|2526, 632754247|2564, 632757607|2633, 632760648|2719, 632765188|2755, 632765188|2819, 632765347|2915, 632765455|2988, 632765767|3019, 632765821|3089, 632768201|3242, 632768201|3382, 632769042|3606, 632769883|3705, 632769883|3842, 632770724|3858, 632770724|4007, com.ebay.mobile, 
632778014|1, 632778014|984, 632782066|1123, 632782478|1283, 632782478|1362, 632783584|1389, 632783584|4002, org.catrobat.catroid, 
632784239|1, 632784239|1163, 632784382|1240, 632784513|1275, 632784513|1320, 632784849|1397, 632793310|1428, 632797608|1458, 632806268|1538, 632806326|1568, 632806380|1598, 632810544|1619, 632810544|1648, 632810656|1668, 632813826|1694, 632814932|1707, 632819096|1757, 632819096|2067, 632819312|2124, 632819948|2170, 632819948|2290, 632820002|2307, 632820002|2326, 632820161|2344, 632820320|2361, 632820794|2409, 632820848|2425, 632821506|2442, 632823124|2464, 632823178|2481, 632823178|2548, 632823994|2568, 632824102|2588, 632824102|2654, 632824749|2666, 632824749|2708, 632825545|2741, 632826337|2781, 632826337|2825, 632827559|2842, 632827559|2919, 632829308|2936, 632829308|2959, 632829416|2984, 632830063|2996, 632830063|3153, 632834996|3168, 632834996|3180, 632835050|3192, 632835050|3218, 632835158|3229, 632835158|3268, 632836004|3285, 632836004|3300, 632836820|3312, 632836820|3352, 632836928|3368, 632836928|3412, 632837256|3424, 632837256|3437, 632837950|3450, 632837950|3669, 632838782|3682, 632838782|3693, 632839657|3718, 632839657|3729, 632839765|3750, 632839765|4006, com.dropbox.android, 
632845959|1, 632845959|779, 632850288|1102, 632851394|1181, 632851394|4002, org.catrobat.catroid, 
632851525|1, 632851525|1281, 632851796|1336, 632851796|1428, 632851854|1526, 632852020|1588, 632852020|1624, 632862933|1674, 632862933|1720, 632863041|1803, 632863041|1828, 632863519|1899, 632863678|1959, 632863678|1993, 632867767|2045, 632868102|2094, 632868102|2151, 632868214|2202, 632868214|2246, 632876056|2316, 632876110|2363, 632876218|2451, 632882407|2996, 632882407|3141, 632883194|3275, 632883194|4002, com.ebay.mobile, 
632883873|1, 632883873|3035, 632884035|3047, 632884035|3259, 632885507|3277, 632898818|3303, 632898818|3701, 632899010|3744, 632899010|3771, 632899122|3811, 632899122|3841, 632899234|3853, 632902973|3866, 632902973|3878, 632907394|3898, 632907394|3909, 632907925|3921, 632907925|3932, 632908033|3947, 632908033|3958, 632908498|3972, 632908861|3988, 632908861|4002, at.DiTronic.androidgroup.randomgallery, 
632909961|1, 632909961|1141, 632910948|1623, 632910948|1880, 632911138|2166, 632915415|2281, 632918217|2366, 632922304|2406, 632923193|2456, 632923651|2498, 632925188|2570, 632925817|2626, 632925817|4004, com.android.chrome, 
632926465|1, 632926465|2863, 632928103|3086, 632928103|3220, 632928157|3248, 632928157|3269, 632929896|3295, 632929896|4015, air.com.hypah.io.slither, 
632935641|1, 632935641|248, 632935753|278, 632935753|320, 632939664|345, 632939664|390, 632940242|440, 632940242|570, 632953531|740, 632953531|1097, 632953725|1161, 632957434|1205, 632957434|1272, 632957846|1383, 632957846|1502, 632958952|1571, 632958952|4009, org.catrobat.catroid, 
632959083|1, 632959083|1040, 632959317|1100, 632959317|1194, 632959429|1207, 632963820|1270, 632963932|1321, 632977038|1396, 632977038|1407, 632989530|1428, 632991136|1475, 632993806|1568, 632993914|1616, 632994232|1650, 632994658|1715, 632994712|1740, 632994871|1793, 632995138|1837, 632995243|1863, 632995297|1900, 632995351|1939, 632995717|1977, 632995717|2692, 632996511|2706, 632996511|3000, 632997159|3013, 632997159|3084, 632997213|3107, 632997838|3125, 632997838|3149, 632998498|3172, 632998498|3190, 632999315|3206, 633000004|3223, 633000058|3234, 633000058|3322, 633000885|3341, 633000997|3373, 633002166|3386, 633002166|3409, 633002868|3452, 633002868|3524, 633003705|3541, 633003705|3552, 633007856|3564, 633007856|3575, 633008764|3600, 633008872|3613, 633008872|3723, 633009708|3735, 633009762|3757, 633009762|3767, 633010090|3783, 633010090|4006, com.dropbox.android, 
633016049|1, 633016049|2903, 633016202|2961, 633016202|2980, 633016343|2998, 633016343|3044, 633016401|3058, 633016455|3069, 633016455|3088, 633023272|3102, 633023272|3118, 633023542|3130, 633024080|3142, 633024080|3179, 633024164|3191, 633024164|3454, 633025157|3467, 633025211|3479, 633025211|4004, com.google.android.apps.photos, 
633025319|1, 633025319|780, 633025511|867, 633029051|1065, 633029159|1156, 633029463|1307, 633029463|1458, 633030289|1579, 633030366|1690, 633030366|2896, 633030452|2948, 633035007|3085, 633035061|3147, 633036940|3190, 633036940|3293, 633036994|3322, 633036994|3338, 633038745|3358, 633038745|4001, com.scb.breezebanking.hk, 
633038906|1, 633038906|1524, 633041171|1694, 633041171|2076, 633045560|2311, 633047470|2324, 633052769|2396, 633054346|2461, 633059125|2519, 633060414|2606, 633060414|4003, com.android.chrome, 
633060954|1, 633060954|1104, 633061225|1142, 633061225|1304, 633061283|1316, 633061337|1328, 633061337|1506, 633067476|1543, 633067476|1593, 633067530|1607, 633067530|1820, 633067689|1829, 633067689|2031, 633067912|2044, 633067912|2302, 633068113|2400, 633071225|2437, 633072818|2483, 633072926|2524, 633073222|2555, 633073222|2838, 633073922|2872, 633073922|4001, com.Slack, 
633081404|1, 633081404|937, 633081600|1082, 633081690|1152, 633081690|4008, com.whatsapp, 
633081690|1, 633081690|4008, com.android.vending, 
633081690|1, 633081690|2835, 633081802|2850, 633081802|2869, 633083274|2881, 633088619|2892, 633088619|2902, 633088781|2914, 633089204|2926, 633089427|2937, 633089427|2968, 633089511|2979, 633089511|3262, 633090646|3274, 633090646|4009, com.google.android.apps.photos, 
633090754|1, 633090754|743, 633090839|785, 633090839|800, 633090951|819, 633090951|840, 633095918|861, 633095918|878, 633096026|906, 633096434|925, 633096434|1029, 633102627|1044, 633102627|1055, 633104089|1071, 633104089|1144, 633104143|1154, 633104143|1349, 633104248|1360, 633104302|1375, 633104302|1558, 633104525|1569, 633104525|1975, 633104614|2012, 633104614|2041, 633104726|2059, 633104726|2070, 633109377|2092, 633109377|2171, 633109485|2192, 633109781|2226, 633109781|2775, 633110481|2806, 633110481|4005, com.Slack, 
633110836|1, 633110836|960, 633110948|1066, 633115969|1137, 633116265|1165, 633116265|1266, 633116377|1277, 633116377|1419, 633122570|1433, 633122570|1451, 633124032|1465, 633124032|1477, 633124086|1487, 633124086|1617, 633124191|1630, 633124245|1648, 633124245|1826, 633124468|1844, 633124468|2301, 633124580|2322, 633124580|2336, 633129231|2364, 633129635|2442, 633129635|2643, 633130335|2686, 633130335|4002, com.Slack, 
633130690|1, 633130690|2436, 633132532|2786, 633132532|3087, 633132994|3143, 633132994|3214, 633133106|3226, 633133106|3248, 633136900|3259, 633136900|3399, 633136954|3420, 633137524|3479, 633137524|3540, 633138520|3562, 633138520|4019, air.com.hypah.io.slither, 
633138736|1, 633138736|392, 633138876|416, 633138876|522, 633138988|536, 633140460|564, 633143193|600, 633143409|630, 633143409|694, 633143940|714, 633143940|840, 633144405|897, 633144405|978, 633144463|1047, 633144517|1101, 633144517|1182, 633148644|1220, 633148644|1449, 633149280|1556, 633162983|1644, 633175632|1726, 633179742|1786, 633179854|1822, 633183964|1854, 633183964|1880, 633184354|1929, 633197218|2046, 633197326|2057, 633197326|2070, 633197803|2092, 633197911|2119, 633198229|2166, 633198941|2236, 633198941|2324, 633198995|2343, 633198995|2359, 633200155|2393, 633202432|2431, 633202432|2476, 633203164|2524, 633203164|2552, 633204332|2583, 633204386|2620, 633205033|2638, 633205033|2664, 633205087|2685, 633205087|2716, 633205270|2745, 633205388|2757, 633205388|2798, 633206225|2810, 633206225|2856, 633207026|2871, 633207026|2882, 633207134|2923, 633208671|2953, 633208783|2967, 633208783|3242, 633215128|3260, 633215128|3307, 633215344|3327, 633215344|3544, 633215672|3555, 633215672|3633, 633216547|3646, 633217379|3663, 633217487|3674, 633217487|4014, com.dropbox.android, 
633225495|1, 633225495|2815, 633227133|2984, 633227133|3109, 633228918|3155, 633228918|4014, air.com.hypah.io.slither, 
633242749|1, 633242749|1116, 633248045|1217, 633248153|1264, 633248449|1304, 633248449|1324, 633248561|1336, 633248561|1437, 633256162|1449, 633256162|1518, 633256216|1531, 633256216|1659, 633256375|1671, 633256375|1867, 633256598|1878, 633256598|2315, 633261415|2389, 633261415|2452, 633261469|2531, 633261523|2555, 633261819|2576, 633261819|3302, 633262519|3336, 633262519|4010, com.Slack, 
633262874|1, 633262874|1005, 633263245|1087, 633271784|1148, 633271896|1178, 633271896|1190, 633276060|1225, 633280336|1329, 633280495|1379, 633280719|1420, 633293947|1537, 633294373|1595, 633295244|1754, 633295244|1816, 633297435|1908, 633297594|1931, 633297594|1965, 633297702|1991, 633298831|2028, 633298939|2069, 633298939|2152, 633300107|2166, 633300956|2191, 633300956|2252, 633301603|2279, 633301603|2292, 633301657|2314, 633301657|2371, 633303241|2388, 633303241|2437, 633303295|2449, 633303349|2462, 633303349|2495, 633304185|2507, 633304297|2521, 633304351|2533, 633304351|2576, 633304998|2590, 633304998|2802, 633311343|2824, 633311451|2857, 633311559|2883, 633311559|3113, 633311887|3127, 633311887|4005, com.dropbox.android, 
633317731|1, 633317731|2918, 633317893|2934, 633317893|3078, 633332521|3094, 633332521|3601, 633332704|3669, 633332704|3718, 633332816|3738, 633332816|3757, 633332928|3769, 633336667|3792, 633336667|3803, 633340872|3815, 633341727|3842, 633341727|3859, 633342555|3873, 633342555|3885, 633343090|3911, 633343090|4010, at.DiTronic.androidgroup.randomgallery, 
633343957|1, 633343957|3036, 633344069|3066, 633351370|3184, 633351694|3251, 633351694|3322, 633351778|3351, 633351778|3563, 633352816|3586, 633352870|3605, 633352870|4001, com.google.android.apps.photos, 
633352978|1, 633352978|912, 633353068|947, 633353068|4003, com.whatsapp, 
633353068|1, 633353068|1101, 633353352|1177, 633357120|1263, 633357120|1296, 633357228|1340, 633357532|1390, 633357532|1456, 633358638|1495, 633358638|4014, org.catrobat.catroid, 
633358769|1, 633358769|2795, 633358931|2849, 633358931|3001, 633367763|3015, 633373610|3029, 633373610|3500, 633373853|3564, 633373911|3589, 633373965|3605, 633374077|3618, 633374077|3628, 633380760|3652, 633382345|3671, 633382345|3681, 633383239|3694, 633383596|3723, 633384185|3745, 633384185|4022, at.DiTronic.androidgroup.randomgallery, 
633385354|1, 633385354|4007, com.android.vending, 
633385462|1, 633385462|738, 633385654|797, 633389194|971, 633389194|1251, 633389606|1509, 633389606|1937, 633390430|2024, 633390615|2224, 633390615|3217, 633390701|3243, 633395044|3335, 633395364|3375, 633395364|3392, 633395418|3442, 633397297|3501, 633397351|3560, 633397351|3578, 633399102|3612, 633399102|4004, com.scb.breezebanking.hk, 
633399263|1, 633399263|815, 633399759|956, 633399844|1043, 633399902|1073, 633400068|1092, 633400068|1107, 633405035|1135, 633405089|1152, 633405143|1164, 633405439|1176, 633405439|1209, 633411578|1226, 633411578|1248, 633411632|1259, 633411632|1304, 633413094|1319, 633413094|1362, 633413199|1373, 633413253|1385, 633413253|1525, 633413476|1536, 633413476|2254, 633413565|2351, 633413623|2369, 633413677|2382, 633413677|2406, 633418328|2418, 633418328|2506, 633418436|2519, 633418436|2549, 633418732|2591, 633418732|3064, 633419432|3087, 633419432|4003, com.Slack, 
633419787|1, 633419787|3311, 633421425|3383, 633421425|3418, 633421537|3454, 633424552|3498, 633424610|3531, 633424668|3593, 633424668|3620, 633424784|3656, 633424900|3680, 633424900|3714, 633424958|3739, 633424958|3773, 633425074|3795, 633425132|3834, 633425190|3854, 633425190|4001, air.com.hypah.io.slither, 
633440121|1, 633440121|1109, 633440207|1327, 633440207|1648, 633440655|1749, 633444443|1798, 633444497|1877, 633445251|1943, 633445343|1960, 633445343|2337, 633446490|2386, 633446490|3670, 633446598|3716, 633446701|3740, 633446792|3752, 633446792|3787, 633446904|3803, 633446904|3826, 633451191|3838, 633451407|3849, 633451461|3861, 633451461|3873, 633451995|3886, 633451995|3911, 633452938|3922, 633452992|3935, 633452992|3946, 633453636|3968, 633453636|4007, com.google.android.apps.docs, 
633453852|1, 633453852|1317, 633453964|1390, 633458598|1541, 633458652|1626, 633458652|1882, 633459599|1924, 633459599|3122, 633459707|3189, 633464106|3251, 633464376|3267, 633464910|3293, 633465002|3320, 633465907|3333, 633465907|3383, 633466578|3396, 633466578|4013, com.google.android.apps.docs, 
633466794|1, 633466794|744, 633466986|804, 633470580|880, 633470580|1006, 633470992|1129, 633470992|1518, 633471895|1602, 633471895|2776, 633471981|2832, 633472093|2858, 633472093|2884, 633476270|2901, 633476590|2929, 633476590|2967, 633478523|3006, 633478523|3084, 633478577|3097, 633478577|3110, 633480328|3135, 633480328|4004, com.scb.breezebanking.hk, 
633480489|1, 633480489|1780, 633480779|1842, 633481461|1855, 633481461|1895, 633481685|1907, 633481685|1941, 633489329|1954, 633489329|1964, 633489383|1976, 633489599|1987, 633489869|2000, 633489869|2178, 633490793|2194, 633490793|2206, 633490901|2229, 633490901|2268, 633491085|2278, 633495837|2290, 633495837|2416, 633504737|2428, 633504737|3602, 633506401|3626, 633506401|4065, com.google.android.music, 
633514238|1, 633514238|956, 633518289|1164, 633518701|1210, 633518701|1328, 633519807|1394, 633519807|4011, org.catrobat.catroid, 
633519938|1, 633519938|802, 633523813|889, 633524117|945, 633524117|1015, 633525223|1094, 633525223|4004, org.catrobat.catroid, 
633525462|1, 633525462|4005, com.android.vending, 
633525462|1, 633525462|884, 633529231|967, 633529643|1067, 633529643|1247, 633530749|1332, 633530749|4004, org.catrobat.catroid, 
633530880|1, 633530880|795, 633531072|864, 633531184|905, 633534558|1082, 633534666|1212, 633534970|1259, 633534970|1616, 633535794|1629, 633535794|1640, 633535871|1674, 633535871|2421, 633535957|2435, 633535957|2465, 633536069|2485, 633540192|2504, 633540512|2521, 633540512|2549, 633540566|2572, 633540566|2599, 633542391|2619, 633542391|2766, 633542445|2796, 633544196|2853, 633544196|4007, com.scb.breezebanking.hk, 
633544357|1, 633544357|2885, 633544589|2907, 633544589|2956, 633544701|2969, 633544701|2994, 633551518|3038, 633552157|3057, 633552326|3071, 633552326|3094, 633552410|3110, 633552410|3452, 633553394|3464, 633553394|4008, com.google.android.apps.photos, 
633553502|1, 633553502|2230, 633553635|2252, 633553744|2269, 633553744|2309, 633553856|2331, 633553856|2564, 633554650|2582, 633554650|4009, com.sometimeswefly.littlealchemy, 
633554758|1, 633554758|1941, 633554914|1954, 633554914|1967, 633559065|2087, 633559065|2117, 633559119|2157, 633559478|2219, 633559532|2281, 633559532|2301, 633560002|2328, 633560002|2392, 633560114|2461, 633560114|2638, 633560908|2669, 633560908|4033, com.sometimeswefly.littlealchemy, 
633561016|1, 633561016|2889, 633561128|2912, 633561128|2939, 633567891|2951, 633567945|2977, 633568215|2988, 633568215|2997, 633568699|3015, 633568699|3040, 633568783|3056, 633568783|3356, 633569931|3372, 633569985|3386, 633569985|4002, com.google.android.apps.photos, 
633570093|1, 633570093|1047, 633570183|1111, 633570183|4002, com.whatsapp, 
633570183|1, 633570183|1279, 633570323|1363, 633570323|1401, 633570435|1436, 633574223|1509, 633575123|1665, 633575123|1850, 633575961|1894, 633575961|3031, 633576073|3092, 633580360|3136, 633580630|3164, 633580630|3174, 633581272|3192, 633581272|3207, 633581364|3223, 633582215|3243, 633582215|3516, 633583038|3527, 633583038|4010, com.google.android.apps.docs, 
633583254|1, 633583254|1453, 633584264|1598, 633584264|2191, 633584566|2431, 633591167|2558, 633596453|2661, 633598394|2738, 633598466|2808, 633598466|2853, 633599095|2878, 633599095|4008, com.android.chrome, 
633599635|1, 633599635|1196, 633601398|1388, 633601398|1948, 633601510|2000, 633607140|2061, 633612342|2161, 633614686|2239, 633620700|2338, 633620700|4008, com.android.chrome, 
633621024|1, 633621024|694, 633621114|719, 633621114|4012, com.whatsapp, 
