526600|1, 526600|1379, 526602|1497, 526602|1610, 526604|1692, 526604|1883, 526608|1968, 526610|2041, 526610|2069, 526611|2091, 526611|2207, 526615|2279, 526615|2393, 526625|2491, 526631|2618, 526631|2716, 526634|2874, 526634|3037, 526637|3228, 526643|3367, 526644|3491, 526644|3530, 526646|3567, 526646|3730, 526656|3779, 526657|4011, com.ebay.mobile, 
526697|1, 526697|788, 526698|866, 526699|892, 526703|940, 526708|1046, 526709|1065, 526709|1090, 526712|1233, 526718|1509, 526718|1543, 526719|1604, 526719|2056, 526720|2070, 526720|2282, 526721|2294, 526722|2306, 526722|2599, 526724|2651, 526724|2903, 526727|2942, 526727|3091, 526730|3127, 526730|3709, 526731|3720, 526731|4009, com.sololearn.cplusplus, 
526737|1, 526737|270, 526738|286, 526739|306, 526739|336, 526740|354, 526741|387, 526744|409, 526745|427, 526746|449, 526747|475, 526747|492, 526748|510, 526748|4002, com.ted.android.conference, 
526765|1, 526765|1295, 526766|1321, 526767|1379, 526767|1410, 526768|1435, 526768|1482, 526769|1498, 526769|1522, 526775|1545, 526779|1609, 526781|1637, 526790|1747, 526799|1785, 526804|1838, 526804|1903, 526808|1920, 526808|1933, 526811|1948, 526815|1990, 526815|2003, 526816|2038, 526821|2066, 526822|2087, 526834|2217, 526839|2330, 526841|2382, 526845|2437, 526849|2686, 526849|2760, 526851|2855, 526852|2890, 526852|3144, 526855|3158, 526855|3343, 526858|3358, 526859|3368, 526860|3379, 526860|3656, 526861|3670, 526861|3901, 526863|3940, 526864|3956, 526864|4005, com.dropbox.android, 
526901|1, 526901|906, 526903|936, 526903|1089, 526904|1162, 526905|1201, 526909|1295, 526913|1351, 526913|1425, 526931|1486, 526948|1606, 526948|2134, 526950|2194, 526955|2216, 526958|2229, 526960|2265, 526961|2288, 526962|2309, 526964|2331, 526964|2387, 526971|2404, 526971|2415, 526972|2427, 526972|2472, 526973|2487, 526975|2522, 526975|2539, 526980|2560, 526980|2686, 526982|2697, 526982|2714, 526985|2752, 526986|2771, 526988|2789, 526990|2807, 526994|2828, 526994|2866, 526995|2889, 526995|2999, 526999|3020, 527001|3047, 527001|3080, 527005|3102, 527007|3117, 527007|3175, 527010|3186, 527010|3225, 527011|3237, 527011|3452, 527015|3466, 527015|3480, 527017|3507, 527017|3864, 527020|3880, 527020|3893, 527022|3905, 527022|4011, com.dropbox.android, 
527052|1, 527052|2424, 527053|2442, 527053|2705, 527054|2722, 527054|2939, 527056|2950, 527056|3143, 527057|3158, 527057|3346, 527059|3358, 527059|3554, 527062|3567, 527062|3759, 527064|3773, 527064|3949, 527065|3977, 527065|4001, com.bankofamerica.cashpromobile, 
527076|1, 527076|1951, 527078|1968, 527078|1982, 527079|1996, 527079|2056, 527081|2067, 527081|4008, com.android.chrome, 
527083|1, 527083|635, 527084|665, 527085|693, 527095|851, 527095|892, 527101|1139, 527101|1276, 527102|1294, 527102|1347, 527103|1444, 527103|1686, 527105|1730, 527105|1994, 527106|2006, 527107|2034, 527107|2296, 527110|2318, 527110|2604, 527113|2639, 527113|3116, 527114|3133, 527114|4006, com.sololearn.cplusplus, 
527120|1, 527120|4007, com.google.android.gm, 
527120|1, 527120|2292, 527121|2303, 527121|2312, 527122|2339, 527122|2362, 527124|2372, 527124|2384, 527127|2409, 527127|2525, 527131|2561, 527131|2628, 527132|2648, 527133|2659, 527133|2692, 527135|2709, 527137|2728, 527137|2740, 527140|2756, 527143|2771, 527144|2798, 527153|2817, 527159|2846, 527159|2860, 527161|2873, 527161|2889, 527165|2911, 527172|2932, 527172|3179, 527173|3218, 527173|3231, 527174|3241, 527174|3277, 527176|3288, 527176|3318, 527179|3329, 527179|3351, 527180|3361, 527180|3379, 527181|3394, 527193|3409, 527193|3604, 527195|3615, 527195|3700, 527198|3716, 527198|4145, com.google.android.music, 
527254|1, 527254|1894, 527255|1941, 527255|2083, 527257|2105, 527257|2285, 527258|2298, 527258|2484, 527260|2496, 527260|2696, 527265|2708, 527265|2904, 527266|2924, 527266|2934, 527267|2945, 527267|3105, 527270|3122, 527270|3926, 527271|3950, 527273|3978, 527273|4004, com.bankofamerica.cashpromobile, 
527291|1, 527291|2409, 527292|2418, 527293|2431, 527293|2440, 527296|2459, 527296|2472, 527299|2493, 527299|2516, 527300|2526, 527300|2853, 527302|2894, 527302|4004, com.google.android.keep, 
527304|1, 527304|4008, com.ted.android.conference, 
527304|1, 527304|1332, 527305|1358, 527306|1370, 527311|1477, 527314|1530, 527314|1642, 527315|1655, 527315|4009, org.catrobat.catroid, 
527317|1, 527317|1105, 527318|1153, 527319|1174, 527319|1223, 527320|1264, 527333|1350, 527346|1385, 527350|1411, 527350|1435, 527358|1454, 527365|1540, 527365|1553, 527370|1569, 527370|1622, 527374|1655, 527377|1690, 527379|1753, 527380|1825, 527382|1877, 527383|1949, 527391|2007, 527394|2053, 527396|2077, 527398|2107, 527398|2143, 527401|2157, 527402|2172, 527403|2183, 527404|2229, 527404|2350, 527406|2362, 527406|2375, 527408|2393, 527410|2409, 527411|2423, 527415|2443, 527415|2455, 527419|2474, 527419|2492, 527421|2539, 527421|2768, 527426|2795, 527429|2811, 527429|2828, 527430|2838, 527431|2857, 527431|2968, 527435|2980, 527435|2992, 527436|3003, 527436|3019, 527437|3030, 527437|3050, 527439|3061, 527439|3190, 527443|3211, 527443|3232, 527445|3250, 527445|3560, 527447|3572, 527447|3594, 527449|3605, 527451|3616, 527451|4008, com.dropbox.android, 
527487|1, 527487|1025, 527490|1242, 527496|1396, 527496|2199, 527504|2372, 527514|2453, 527516|2568, 527516|2621, 527528|2694, 527535|2799, 527535|4009, com.android.chrome, 
527539|1, 527539|4007, at.DiTronic.androidgroup.randomgallery, 
527578|1, 527578|848, 527582|1000, 527587|1082, 527589|1185, 527589|1436, 527591|1461, 527592|1496, 527592|3139, 527593|3179, 527595|3222, 527600|3337, 527601|3376, 527604|3445, 527604|3510, 527605|3522, 527605|3569, 527608|3599, 527608|4003, com.scb.breezebanking.hk, 
527610|1, 527610|1196, 527612|1463, 527621|1632, 527621|2505, 527623|2530, 527626|2556, 527635|2602, 527638|2656, 527638|2824, 527642|2955, 527645|3029, 527645|3827, 527646|3858, 527647|3884, 527647|4010, com.android.chrome, 
527655|1, 527655|2181, 527656|2193, 527657|2206, 527657|2225, 527660|2235, 527660|2254, 527663|2264, 527663|2286, 527664|2297, 527664|2490, 527666|2508, 527666|4009, com.google.android.keep, 
527668|1, 527668|3185, 527669|3197, 527670|3210, 527670|3255, 527671|3271, 527672|3291, 527672|3322, 527677|3336, 527677|3395, 527678|3421, 527678|3461, 527683|3491, 527683|3515, 527686|3527, 527686|3566, 527687|3578, 527687|3609, 527688|3621, 527689|3636, 527689|3662, 527690|3673, 527690|4020, com.google.android.apps.photos, 
527702|1, 527702|1803, 527703|1879, 527706|1944, 527712|2058, 527717|2181, 527717|2222, 527722|2261, 527722|2443, 527723|2484, 527726|2574, 527728|2755, 527728|3550, 527729|3585, 527729|3630, 527733|3659, 527733|4010, com.sometimeswefly.littlealchemy, 
527737|1, 527737|2219, 527739|2252, 527739|2568, 527741|2583, 527741|4001, com.sometimeswefly.littlealchemy, 
527743|1, 527743|1952, 527747|2044, 527751|2094, 527751|2125, 527757|2136, 527757|2146, 527758|2164, 527767|2180, 527770|2193, 527773|2203, 527773|2223, 527775|2235, 527775|2283, 527786|2310, 527786|3179, 527789|3193, 527789|4034, com.google.android.music, 
527805|1, 527805|1790, 527806|1807, 527806|1840, 527807|1851, 527808|1864, 527808|1874, 527809|1883, 527811|1898, 527812|1910, 527813|1931, 527815|1946, 527815|2305, 527817|2321, 527817|4006, com.google.android.keep, 
527819|1, 527819|1741, 527820|1785, 527820|1967, 527822|1980, 527822|2111, 527824|2121, 527824|2259, 527826|2270, 527826|2424, 527829|2435, 527829|2626, 527831|2638, 527831|2835, 527832|2846, 527832|2857, 527833|2867, 527833|3040, 527836|3051, 527836|3788, 527837|3821, 527839|3895, 527843|4059, com.bankofamerica.cashpromobile, 
527864|1, 527864|4001, com.ted.android.conference, 
527864|1, 527864|731, 527865|892, 527866|966, 527866|1010, 527870|1094, 527871|1130, 527872|1148, 527881|1219, 527882|1233, 527882|1365, 527883|1374, 527883|1936, 527886|1961, 527886|2077, 527901|2140, 527901|2258, 527903|2377, 527903|2497, 527908|2520, 527909|2556, 527909|2697, 527911|2708, 527911|2899, 527912|2911, 527912|2964, 527913|2998, 527914|3019, 527914|3086, 527916|3181, 527917|3223, 527917|3280, 527922|3293, 527922|3315, 527923|3341, 527924|3358, 527924|3369, 527925|3387, 527925|3457, 527927|3490, 527927|3537, 527928|3575, 527929|3610, 527929|4005, com.mxtech.videoplayer.ad, 
527943|1, 527943|635, 527944|688, 527947|701, 527950|736, 527950|872, 527955|1009, 527956|1070, 527956|1093, 527962|1199, 527962|1296, 527963|1463, 527964|1497, 527964|1692, 527966|1706, 527966|2002, 527967|2014, 527967|2025, 527968|2043, 527968|2304, 527970|2337, 527971|2371, 527971|2624, 527974|2640, 527974|3232, 527975|3243, 527975|4002, com.sololearn.cplusplus, 
527982|1, 527982|4009, com.ted.android.conference, 
527982|1, 527982|1287, 527983|1354, 527983|1408, 527984|1449, 527984|1485, 527986|1513, 527986|1543, 527988|1578, 527988|1604, 527993|1641, 527998|1701, 527998|1787, 528000|1846, 528000|1874, 528002|1900, 528004|1943, 528005|1990, 528008|2024, 528008|2060, 528015|2145, 528015|2171, 528019|2208, 528019|2229, 528021|2280, 528022|2322, 528022|2395, 528023|2427, 528024|2458, 528025|2498, 528028|2534, 528029|2605, 528034|2672, 528034|2732, 528041|2965, 528041|3011, 528042|3036, 528047|3135, 528051|3182, 528055|3203, 528057|3234, 528058|3261, 528058|3402, 528059|3437, 528060|3457, 528060|3479, 528064|3495, 528071|3519, 528071|3556, 528072|3582, 528072|4011, com.ebay.mobile, 
528082|1, 528082|1730, 528084|1742, 528084|1765, 528087|1781, 528090|1807, 528090|1827, 528091|1837, 528091|2150, 528094|2161, 528094|4002, com.google.android.keep, 
528096|1, 528096|1039, 528103|1332, 528103|1927, 528104|2049, 528106|2085, 528113|2143, 528121|2247, 528121|2301, 528124|2368, 528125|2413, 528127|2439, 528127|4005, com.android.chrome, 
528129|1, 528129|4001, at.DiTronic.androidgroup.randomgallery, 
528169|1, 528169|544, 528171|611, 528173|641, 528177|762, 528181|901, 528181|931, 528188|977, 528188|1149, 528190|1249, 528190|1463, 528192|1489, 528192|1790, 528193|1810, 528194|1822, 528194|2097, 528197|2113, 528197|2280, 528199|2308, 528200|2332, 528200|2913, 528201|2926, 528201|4016, com.sololearn.cplusplus, 
528207|1, 528207|907, 528208|941, 528210|965, 528210|984, 528213|1001, 528213|1021, 528215|1042, 528216|1054, 528216|1095, 528217|1110, 528217|1190, 528218|1205, 528218|1232, 528219|1250, 528219|4016, com.ted.android.conference, 
528219|1, 528219|816, 528221|843, 528228|892, 528229|913, 528229|947, 528233|1003, 528233|1058, 528234|1097, 528234|1814, 528237|1848, 528237|2081, 528248|2138, 528250|2171, 528250|3218, 528251|3265, 528251|3304, 528253|3318, 528253|3339, 528258|3358, 528258|3376, 528259|3395, 528259|3470, 528260|3484, 528260|3498, 528262|3520, 528270|3560, 528276|3589, 528277|3609, 528277|3621, 528280|3632, 528281|3644, 528281|3658, 528286|3668, 528287|3682, 528287|3705, 528290|3719, 528291|3734, 528291|3750, 528292|3761, 528293|3785, 528293|3800, 528295|3816, 528295|3848, 528296|3860, 528297|3878, 528297|3900, 528298|3913, 528298|4002, com.mxtech.videoplayer.ad, 
528311|1, 528311|635, 528312|703, 528312|745, 528317|903, 528322|999, 528322|1109, 528325|1138, 528325|1406, 528332|1419, 528332|2005, 528333|2015, 528333|2045, 528334|2056, 528334|2625, 528336|2722, 528336|2942, 528337|2957, 528338|2975, 528338|3180, 528341|3197, 528341|3424, 528343|3434, 528344|3445, 528344|4007, com.sololearn.cplusplus, 
528351|1, 528351|3593, 528355|3684, 528358|3791, 528358|3819, 528359|3836, 528362|3976, 528362|4005, air.com.hypah.io.slither, 
528379|1, 528379|2900, 528382|2924, 528382|3137, 528392|3153, 528392|3547, 528394|3558, 528394|3592, 528402|3619, 528405|3630, 528405|3656, 528408|3669, 528408|3824, 528409|3859, 528410|3877, 528415|3920, 528417|3944, 528420|3971, 528422|3990, 528422|4002, at.DiTronic.androidgroup.randomgallery, 
528435|1, 528435|721, 528437|900, 528442|997, 528442|1063, 528445|1234, 528445|1639, 528446|1724, 528448|1847, 528448|3222, 528451|3324, 528456|3435, 528457|3469, 528460|3509, 528460|3594, 528461|3620, 528464|3656, 528464|4016, com.scb.breezebanking.hk, 
528467|1, 528467|4010, com.ted.android.conference, 
528467|1, 528467|2205, 528468|2221, 528468|4011, com.ted.android.conference, 
528469|1, 528469|4006, com.android.vending, 
528469|1, 528469|1189, 528472|1286, 528472|4006, com.whatsapp, 
528472|1, 528472|1818, 528473|1856, 528473|2032, 528475|2042, 528475|2166, 528477|2188, 528477|2372, 528479|2383, 528479|2583, 528482|2595, 528482|2786, 528484|2797, 528484|2993, 528485|3014, 528485|3033, 528486|3056, 528486|3191, 528489|3206, 528489|3916, 528490|3939, 528490|3957, 528492|3995, 528492|4021, com.bankofamerica.cashpromobile, 
528512|1, 528512|2084, 528514|2098, 528514|2284, 528515|2295, 528515|2493, 528517|2505, 528517|2695, 528522|2706, 528522|2899, 528523|2920, 528523|2933, 528524|2944, 528524|3108, 528527|3131, 528527|3720, 528529|3768, 528529|3927, 528532|3972, 528533|4000, 528533|4021, com.bankofamerica.cashpromobile, 
528551|1, 528551|705, 528552|791, 528552|4008, com.whatsapp, 
528552|1, 528552|2223, 528554|2290, 528554|2548, 528556|2642, 528556|4021, com.sometimeswefly.littlealchemy, 
528558|1, 528558|4005, com.google.android.gm, 
528558|1, 528558|1049, 528560|1164, 528560|1226, 528563|1267, 528567|1311, 528567|1346, 528570|1394, 528570|1431, 528573|1505, 528576|1534, 528577|1555, 528577|1637, 528580|1658, 528580|1944, 528585|1971, 528585|2249, 528589|2409, 528591|2577, 528613|2688, 528613|2872, 528618|2920, 528621|2954, 528621|2970, 528623|3011, 528623|3073, 528631|3128, 528635|3173, 528641|3201, 528651|3284, 528651|3941, 528652|3982, 528653|4022, com.android.vending, 
528702|1, 528702|107, 528703|120, 528703|1937, 528704|1949, 528704|1961, 528705|1977, 528705|1997, 528708|2009, 528708|2123, 528711|2134, 528711|2239, 528713|2309, 528718|2330, 528723|2389, 528738|2492, 528747|2527, 528763|2558, 528763|2803, 528765|2818, 528765|3048, 528767|3059, 528767|3085, 528778|3096, 528778|3185, 528780|3205, 528780|4003, com.google.android.keep, 
528785|1, 528785|1728, 528792|1808, 528795|1843, 528796|1861, 528802|1881, 528806|1900, 528809|1917, 528809|1929, 528811|1939, 528811|2020, 528821|2031, 528821|2042, 528822|2066, 528822|2916, 528825|2945, 528826|4043, com.google.android.music, 
528855|1, 528855|816, 528859|904, 528861|949, 528868|1015, 528871|1084, 528871|1205, 528872|1218, 528872|1806, 528875|1833, 528875|1954, 528888|2117, 528889|2170, 528889|2220, 528891|2282, 528891|2481, 528897|2492, 528897|2505, 528898|2516, 528898|2678, 528899|2689, 528900|2702, 528900|2891, 528901|2902, 528901|3021, 528903|3090, 528905|3127, 528905|3138, 528910|3157, 528910|3204, 528911|3222, 528911|3239, 528912|3251, 528914|3279, 528914|3291, 528919|3308, 528919|3350, 528920|3395, 528922|3418, 528922|3443, 528926|3457, 528927|3479, 528928|3491, 528928|3513, 528931|3526, 528931|3553, 528932|3572, 528933|3584, 528933|3609, 528935|3622, 528935|3734, 528936|3747, 528937|3762, 528937|3865, 528938|3883, 528938|4004, com.mxtech.videoplayer.ad, 
528951|1, 528951|758, 528958|915, 528961|992, 528961|1326, 528962|1454, 528965|1528, 528965|2690, 528968|2761, 528973|2792, 528974|2826, 528975|2848, 528978|2899, 528978|3005, 528979|3026, 528979|3047, 528982|3073, 528982|4012, com.scb.breezebanking.hk, 
528984|1, 528984|784, 528985|828, 528989|878, 528992|917, 528994|970, 528999|1020, 528999|1110, 529000|1127, 529000|1730, 529003|1770, 529003|1898, 529016|1946, 529016|2153, 529018|2195, 529018|2384, 529023|2395, 529023|2450, 529024|2461, 529024|2590, 529026|2605, 529026|2814, 529027|2833, 529027|2930, 529028|2986, 529030|3067, 529035|3092, 529035|3200, 529037|3248, 529038|3278, 529039|3304, 529039|3339, 529045|3367, 529046|3390, 529050|3401, 529051|3417, 529051|3431, 529052|3442, 529053|3457, 529053|3471, 529054|3491, 529054|3531, 529057|3551, 529057|3587, 529058|3599, 529060|3615, 529060|3641, 529061|3651, 529062|3663, 529062|3685, 529063|3697, 529063|4011, com.mxtech.videoplayer.ad, 
529074|1, 529074|2235, 529076|2321, 529076|2574, 529078|2588, 529078|4005, com.sometimeswefly.littlealchemy, 
529080|1, 529080|1303, 529082|1315, 529082|1504, 529087|1520, 529087|1600, 529088|1617, 529088|1737, 529090|1748, 529090|1868, 529091|1885, 529091|2447, 529092|2511, 529094|2552, 529094|2573, 529099|2618, 529101|2689, 529102|2723, 529102|2923, 529103|2950, 529103|4009, com.Slack, 
529110|1, 529110|1268, 529112|1413, 529112|1514, 529115|1541, 529116|1598, 529122|1745, 529124|1878, 529126|1929, 529126|2040, 529130|2066, 529133|2086, 529133|2111, 529134|2161, 529135|2218, 529145|2381, 529148|2550, 529153|2661, 529153|2860, 529157|2880, 529159|2914, 529159|3024, 529161|3153, 529161|4022, com.ebay.mobile, 
529181|1, 529181|1369, 529185|1444, 529185|1476, 529187|1525, 529196|1613, 529196|1658, 529202|1811, 529204|1878, 529206|1918, 529208|1965, 529210|2029, 529212|2061, 529216|2111, 529223|2233, 529227|2278, 529227|2335, 529231|2426, 529233|2619, 529235|2722, 529235|2839, 529236|2876, 529236|4002, com.ebay.mobile, 
529248|1, 529248|4003, com.android.vending, 
529248|1, 529248|4009, com.android.vending, 
529248|1, 529248|807, 529251|905, 529255|942, 529255|957, 529257|973, 529260|990, 529260|1005, 529262|1022, 529262|1041, 529272|1075, 529272|1101, 529273|1118, 529273|1183, 529281|1206, 529281|1240, 529282|1265, 529282|1315, 529283|1329, 529284|1342, 529284|1494, 529285|1505, 529285|2111, 529287|2165, 529287|2180, 529292|2205, 529292|2301, 529294|2312, 529294|2325, 529295|2338, 529295|2618, 529296|2630, 529296|4009, com.Slack, 
529304|1, 529304|707, 529307|777, 529310|850, 529315|931, 529318|1012, 529322|1040, 529322|1104, 529323|1117, 529323|1690, 529326|1722, 529326|1766, 529336|1830, 529337|1926, 529337|2129, 529338|2165, 529338|2192, 529344|2244, 529345|2255, 529345|2277, 529347|2289, 529347|2314, 529350|2326, 529350|2447, 529356|2468, 529356|2492, 529357|2503, 529357|2624, 529359|2639, 529359|2804, 529361|2833, 529361|2883, 529363|2916, 529363|2940, 529368|2969, 529368|2983, 529370|2993, 529370|3052, 529372|3068, 529372|3093, 529376|3112, 529376|3123, 529378|3135, 529378|3162, 529379|3179, 529379|3210, 529381|3222, 529382|3240, 529382|3255, 529383|3267, 529385|3282, 529385|3310, 529386|3329, 529386|4005, com.mxtech.videoplayer.ad, 
529398|1, 529398|4016, com.ted.android.conference, 
529398|1, 529398|1735, 529400|1803, 529402|1865, 529405|1938, 529411|2121, 529412|2152, 529412|2182, 529413|2200, 529413|2767, 529416|2797, 529416|3315, 529420|3394, 529422|3502, 529425|3570, 529445|3686, 529452|3733, 529452|4070, com.google.android.apps.docs, 
529456|1, 529456|4005, com.ted.android.conference, 
529459|1, 529459|668, 529465|767, 529468|881, 529468|945, 529470|980, 529471|1020, 529471|1223, 529473|1265, 529477|1292, 529477|1448, 529478|1488, 529478|1565, 529479|1595, 529479|1872, 529481|1885, 529481|2474, 529482|2500, 529482|2553, 529483|2588, 529483|2664, 529484|2711, 529485|2753, 529486|2779, 529488|2830, 529489|2876, 529489|2943, 529492|2989, 529502|3019, 529528|3043, 529528|3401, 529537|3413, 529537|3497, 529538|3508, 529538|3520, 529540|3531, 529541|3543, 529541|4009, com.sololearn.cplusplus, 
529548|1, 529548|1259, 529549|1285, 529549|1328, 529550|1354, 529550|4003, com.google.android.gm, 
529550|1, 529550|2604, 529551|2631, 529551|3178, 529552|3206, 529553|3230, 529553|3270, 529555|3300, 529560|3333, 529561|3378, 529567|3408, 529568|3432, 529568|3497, 529569|3517, 529569|3602, 529570|3635, 529570|3816, 529573|3836, 529573|3981, 529574|3996, 529574|4008, com.google.android.apps.photos, 
529577|1, 529577|4009, com.google.android.gm, 
529577|1, 529577|1753, 529579|1782, 529581|1795, 529581|1830, 529583|1843, 529583|1855, 529585|1874, 529585|1885, 529588|1899, 529591|1914, 529591|1933, 529600|1953, 529604|1976, 529607|1997, 529609|2016, 529609|2048, 529619|2081, 529620|2123, 529620|3051, 529622|3062, 529623|3091, 529623|3845, 529624|3949, 529626|4006, com.google.android.music, 
529653|1, 529653|2598, 529654|2648, 529654|3039, 529656|3053, 529656|3083, 529661|3095, 529662|3108, 529662|3119, 529668|3133, 529671|3145, 529671|3171, 529672|3181, 529672|3425, 529675|3437, 529675|3635, 529676|3644, 529676|4005, com.google.android.apps.photos, 
529679|1, 529679|773, 529680|884, 529688|947, 529690|987, 529690|1002, 529691|1019, 529691|1057, 529693|1071, 529693|1147, 529694|1171, 529694|1186, 529699|1205, 529700|1215, 529700|1350, 529701|1363, 529702|1374, 529702|1554, 529703|1566, 529703|4008, com.Slack, 
529709|1, 529709|1322, 529710|1440, 529710|1518, 529715|1596, 529715|1702, 529726|1911, 529731|2062, 529731|2125, 529735|2181, 529737|2242, 529737|2344, 529744|2379, 529749|2480, 529752|2591, 529756|2665, 529760|2790, 529760|2949, 529761|2991, 529763|3024, 529763|3192, 529764|3271, 529764|4016, com.ebay.mobile, 
529791|1, 529791|4008, com.google.android.gm, 
529791|1, 529791|3356, 529793|3479, 529803|3800, 529803|3886, 529805|3908, 529805|3954, 529807|3984, 529808|4009, air.com.hypah.io.slither, 
529868|1, 529868|4004, com.google.android.gm, 
529868|1, 529868|4007, com.google.android.gm, 
529868|1, 529868|1184, 529872|1338, 529875|1422, 529878|1474, 529878|1594, 529879|1608, 529879|4025, org.catrobat.catroid, 
529881|1, 529881|829, 529882|914, 529883|968, 529885|1078, 529890|1138, 529892|1167, 529897|1232, 529897|1330, 529898|1344, 529898|1988, 529901|2005, 529901|2226, 529902|2247, 529911|2322, 529915|2433, 529915|2537, 529917|2558, 529917|2729, 529922|2767, 529922|2814, 529923|2836, 529923|2951, 529924|2962, 529925|2980, 529925|3164, 529926|3183, 529926|3260, 529927|3338, 529929|3375, 529929|3390, 529933|3407, 529933|3439, 529934|3457, 529934|3469, 529937|3500, 529941|3527, 529941|3551, 529942|3562, 529942|3626, 529944|3636, 529945|3649, 529949|3666, 529951|3678, 529951|3700, 529953|3725, 529954|3736, 529955|3748, 529955|3770, 529956|3781, 529956|3810, 529958|3823, 529958|3844, 529959|3856, 529959|3896, 529960|3918, 529962|3934, 529962|3956, 529963|3972, 529965|4004, com.mxtech.videoplayer.ad, 
529977|1, 529977|2980, 529980|2994, 529980|3202, 529981|3212, 529990|3239, 529990|4002, at.DiTronic.androidgroup.randomgallery, 
530021|1, 530021|1875, 530025|1895, 530025|1919, 530026|1931, 530031|1960, 530031|1971, 530033|1982, 530041|2001, 530043|2014, 530045|2026, 530047|2039, 530048|2050, 530049|2059, 530049|2093, 530059|2113, 530060|2126, 530060|3016, 530063|3036, 530063|4033, com.google.android.music, 
530092|1, 530092|2009, 530093|2024, 530095|2043, 530095|2062, 530096|2079, 530098|2102, 530101|2118, 530101|2139, 530102|2158, 530102|2340, 530104|2372, 530104|4001, com.google.android.keep, 
530106|1, 530106|1201, 530107|1375, 530108|1416, 530111|1522, 530119|1618, 530119|1983, 530123|2070, 530123|3408, 530125|3418, 530125|3468, 530126|3480, 530127|3492, 530127|3513, 530130|3527, 530135|3541, 530135|3553, 530137|3563, 530138|3576, 530138|3588, 530139|3598, 530141|3609, 530142|3621, 530142|3633, 530145|3645, 530145|4016, com.google.android.apps.docs, 
530153|1, 530153|1951, 530154|1962, 530157|1973, 530157|2003, 530163|2014, 530163|2049, 530167|2060, 530173|2073, 530176|2088, 530179|2099, 530179|2110, 530180|2121, 530181|2133, 530181|2168, 530191|2179, 530192|2190, 530192|2986, 530194|2997, 530195|3013, 530195|4009, com.google.android.music, 
530225|1, 530225|755, 530227|831, 530232|928, 530234|959, 530235|974, 530235|1016, 530237|1063, 530238|1147, 530244|1232, 530244|1400, 530245|1463, 530245|1609, 530246|1637, 530246|1837, 530248|1863, 530248|2139, 530249|2150, 530249|2171, 530250|2188, 530250|2441, 530252|2463, 530253|2488, 530253|2647, 530256|2670, 530256|3159, 530257|3174, 530257|4001, com.sololearn.cplusplus, 
530263|1, 530263|2544, 530264|2583, 530264|2670, 530266|2682, 530266|2716, 530271|2729, 530272|2745, 530272|2758, 530279|2773, 530279|2884, 530280|2895, 530280|3143, 530283|3195, 530283|3543, 530284|3558, 530284|4008, com.google.android.apps.photos, 
530287|1, 530287|1792, 530288|1803, 530288|1834, 530289|1846, 530289|1992, 530291|2004, 530291|2117, 530293|2156, 530293|2326, 530295|2338, 530295|2537, 530298|2548, 530298|2743, 530300|2756, 530300|2940, 530301|2952, 530301|2974, 530302|2984, 530302|3144, 530305|3158, 530305|3906, 530306|3931, 530306|3952, 530307|3976, 530309|4014, com.bankofamerica.cashpromobile, 
530330|1, 530330|810, 530331|883, 530337|959, 530342|1040, 530342|1106, 530345|1124, 530345|1158, 530346|1178, 530346|1832, 530349|1845, 530349|1955, 530363|2032, 530363|2193, 530364|2227, 530365|2262, 530365|2399, 530370|2412, 530370|2447, 530371|2461, 530371|2598, 530373|2612, 530373|2804, 530374|2815, 530374|2917, 530375|3003, 530376|3059, 530382|3107, 530382|3226, 530383|3244, 530386|3286, 530386|3301, 530390|3312, 530390|3332, 530391|3351, 530394|3393, 530394|3419, 530399|3431, 530399|3454, 530400|3477, 530400|3488, 530402|3499, 530402|3512, 530403|3524, 530404|3547, 530405|3562, 530405|3577, 530406|3590, 530407|3604, 530407|3626, 530408|3637, 530408|3649, 530409|3673, 530410|3694, 530410|4009, com.mxtech.videoplayer.ad, 
530423|1, 530423|753, 530424|774, 530428|830, 530433|957, 530433|973, 530436|988, 530436|1056, 530437|1100, 530437|1618, 530440|1666, 530440|1716, 530441|1833, 530441|1868, 530453|1933, 530453|2321, 530455|2338, 530455|2520, 530462|2531, 530462|2564, 530463|2574, 530463|2745, 530468|2805, 530472|2844, 530472|2887, 530474|2906, 530474|2926, 530475|2936, 530477|2977, 530477|3004, 530481|3027, 530481|3062, 530482|3078, 530482|3094, 530484|3113, 530484|3133, 530488|3145, 530489|3158, 530489|3170, 530490|3184, 530491|3200, 530491|3212, 530493|3234, 530494|3248, 530494|3277, 530495|3289, 530496|3308, 530496|3337, 530497|3351, 530498|3370, 530498|3394, 530499|3404, 530499|4002, com.mxtech.videoplayer.ad, 
530511|1, 530511|1309, 530513|1404, 530513|1501, 530515|1526, 530515|1543, 530521|1613, 530527|1687, 530538|1737, 530539|1779, 530559|1928, 530567|2018, 530569|2049, 530570|2070, 530570|2146, 530571|2179, 530574|2216, 530578|2240, 530580|2269, 530583|2294, 530586|2341, 530589|2399, 530589|2499, 530591|2518, 530593|2536, 530596|2567, 530596|2592, 530598|2604, 530598|2630, 530599|2643, 530601|2658, 530601|2675, 530603|2726, 530604|2739, 530604|2808, 530606|2821, 530606|2849, 530607|2864, 530607|2878, 530608|2905, 530609|2918, 530609|2950, 530611|2966, 530613|2979, 530613|2993, 530615|3006, 530615|3031, 530617|3047, 530617|3061, 530618|3073, 530618|3107, 530620|3124, 530622|3137, 530622|3345, 530629|3379, 530629|3404, 530631|3416, 530633|3434, 530633|3645, 530634|3657, 530634|3734, 530637|3753, 530639|3764, 530639|4001, com.dropbox.android, 
530668|1, 530668|1101, 530671|1344, 530671|1453, 530674|1486, 530675|1521, 530675|1563, 530686|1657, 530687|1742, 530688|1790, 530688|1824, 530691|1858, 530691|1926, 530692|1961, 530693|1988, 530697|2006, 530697|2026, 530698|2061, 530702|2139, 530705|2225, 530710|2299, 530711|2347, 530714|2403, 530718|2442, 530721|2492, 530727|2566, 530731|2617, 530735|2762, 530735|2812, 530736|2840, 530736|2986, 530739|3030, 530740|3107, 530740|3199, 530741|3254, 530741|3726, 530742|3737, 530742|4010, com.ebay.mobile, 
530757|1, 530757|1634, 530759|1648, 530759|1663, 530762|1679, 530762|1706, 530763|1718, 530765|1736, 530765|1746, 530766|1757, 530766|2028, 530768|2038, 530768|4002, com.google.android.keep, 
530770|1, 530770|1222, 530772|1328, 530772|1458, 530779|1494, 530779|1574, 530784|1687, 530784|1767, 530787|1845, 530796|2020, 530799|2114, 530802|2214, 530802|2256, 530812|2438, 530816|2565, 530818|2679, 530818|2756, 530820|2780, 530820|4024, com.ebay.mobile, 
530832|1, 530832|2714, 530840|2931, 530840|3111, 530841|3142, 530844|3186, 530844|3843, 530845|3865, 530845|4014, air.com.hypah.io.slither, 
530861|1, 530861|2084, 530863|2105, 530863|2141, 530867|2152, 530867|2186, 530870|2199, 530873|2210, 530882|2224, 530886|2248, 530889|2260, 530889|2270, 530890|2283, 530891|2296, 530891|2331, 530902|2348, 530902|3390, 530905|3408, 530905|4017, com.google.android.music, 
530946|1, 530946|4007, com.android.vending, 
530948|1, 530948|745, 530955|877, 530956|1054, 530957|1195, 530959|1272, 530959|2515, 530962|2593, 530962|3273, 530963|3332, 530965|3379, 530970|3416, 530971|3449, 530971|3473, 530972|3512, 530975|3569, 530975|3662, 530976|3676, 530976|3694, 530979|3721, 530979|4001, com.scb.breezebanking.hk, 
530981|1, 530981|2271, 530983|2334, 530985|2381, 530985|2582, 530987|2657, 530987|3043, 530988|3093, 530989|3119, 530989|3139, 530993|3167, 530993|3186, 530994|3214, 530995|3320, 530995|4016, com.sometimeswefly.littlealchemy, 
531001|1, 531001|715, 531002|786, 531004|849, 531012|932, 531013|947, 531013|978, 531018|1003, 531018|1078, 531019|1095, 531019|1618, 531022|1675, 531022|1839, 531035|1925, 531035|2243, 531036|2264, 531037|2286, 531037|2422, 531039|2435, 531039|2634, 531045|2646, 531045|2681, 531046|2694, 531046|2784, 531047|2812, 531049|2850, 531051|2899, 531052|2914, 531052|2927, 531057|2940, 531057|3005, 531058|3019, 531060|3045, 531060|3066, 531062|3082, 531062|3096, 531066|3117, 531066|3180, 531068|3215, 531068|3235, 531070|3280, 531076|3300, 531077|3314, 531077|3333, 531080|3346, 531080|3370, 531081|3395, 531082|3423, 531082|3434, 531083|3449, 531085|3474, 531085|3505, 531086|3517, 531087|3529, 531087|3542, 531088|3578, 531088|4011, com.mxtech.videoplayer.ad, 
531101|1, 531101|1365, 531102|1482, 531107|1628, 531115|1776, 531117|1802, 531117|2220, 531120|2259, 531120|2773, 531124|2867, 531129|2936, 531135|2970, 531135|2995, 531141|3173, 531141|4006, com.google.android.apps.docs, 
531145|1, 531145|618, 531146|647, 531146|676, 531151|743, 531151|864, 531154|905, 531156|946, 531156|974, 531164|1129, 531164|1289, 531165|1417, 531166|1523, 531166|1796, 531167|1807, 531168|1820, 531168|2107, 531169|2118, 531170|2139, 531170|2400, 531171|2419, 531173|2438, 531173|2612, 531176|2639, 531176|3128, 531177|3149, 531177|4012, com.sololearn.cplusplus, 
531183|1, 531183|1935, 531184|1948, 531184|2114, 531186|2126, 531186|2540, 531188|2552, 531188|2846, 531190|2859, 531190|3145, 531196|3160, 531196|3456, 531197|3471, 531197|3567, 531198|3598, 531198|3777, 531201|3796, 531201|4002, com.bankofamerica.cashpromobile, 
531227|1, 531227|1132, 531231|1224, 531237|1363, 531237|1450, 531238|1526, 531238|4005, org.catrobat.catroid, 
531240|1, 531240|1249, 531242|1350, 531243|1376, 531243|4007, com.whatsapp, 
531243|1, 531243|743, 531245|842, 531245|1044, 531246|1096, 531247|1111, 531247|1275, 531252|1287, 531253|1309, 531253|1475, 531255|1486, 531255|1681, 531256|1691, 531257|1721, 531257|1888, 531259|1901, 531259|2087, 531264|2098, 531264|2173, 531265|2192, 531265|2341, 531267|2396, 531270|2466, 531272|2507, 531278|2592, 531279|2638, 531279|2911, 531280|2941, 531280|4003, com.Slack, 
531296|1, 531296|676, 531297|752, 531297|4008, com.whatsapp, 
531297|1, 531297|630, 531301|745, 531306|833, 531308|900, 531309|922, 531312|942, 531312|1052, 531313|1067, 531313|1542, 531316|1599, 531316|1803, 531329|1933, 531329|2332, 531330|2343, 531331|2356, 531331|2530, 531337|2545, 531337|2597, 531338|2606, 531338|2738, 531340|2771, 531340|2823, 531341|2895, 531343|2923, 531348|2958, 531348|3008, 531350|3034, 531350|3063, 531352|3076, 531352|3100, 531356|3110, 531356|3177, 531359|3192, 531359|3210, 531364|3226, 531365|3245, 531366|3259, 531366|3273, 531368|3284, 531368|3320, 531369|3332, 531370|3344, 531370|3377, 531371|3389, 531372|3401, 531372|3425, 531374|3442, 531374|3469, 531377|3486, 531377|3509, 531378|3526, 531378|4005, com.mxtech.videoplayer.ad, 
531391|1, 531391|4011, com.ted.android.conference, 
531391|1, 531391|4005, com.google.android.gm, 
531391|1, 531391|1345, 531404|1808, 531404|2157, 531409|2375, 531431|2507, 531438|2587, 531438|2611, 531443|2639, 531454|2673, 531462|2745, 531462|4001, com.android.chrome, 
531474|1, 531474|612, 531477|689, 531479|717, 531479|734, 531482|787, 531482|850, 531486|986, 531495|1205, 531495|1317, 531496|1385, 531496|1572, 531497|1592, 531497|1833, 531499|1848, 531499|2132, 531500|2163, 531501|2175, 531501|2441, 531504|2468, 531504|2655, 531507|2750, 531507|3273, 531508|3317, 531508|4007, com.sololearn.cplusplus, 
531514|1, 531514|704, 531515|722, 531519|754, 531519|874, 531524|978, 531532|1143, 531532|1308, 531533|1361, 531533|1471, 531534|1514, 531534|1749, 531535|1764, 531536|1777, 531536|2065, 531537|2079, 531537|2089, 531538|2111, 531538|2378, 531541|2398, 531541|2568, 531542|2584, 531544|2608, 531544|3091, 531545|3100, 531545|4001, com.sololearn.cplusplus, 
531552|1, 531552|918, 531553|1024, 531554|1057, 531554|4004, com.whatsapp, 
531554|1, 531554|4005, com.google.android.gm, 
531554|1, 531554|1750, 531555|1777, 531555|1928, 531556|1938, 531557|1950, 531557|2140, 531558|2166, 531558|2338, 531560|2349, 531560|2550, 531563|2562, 531563|2751, 531565|2762, 531565|2955, 531566|2965, 531566|2989, 531567|3002, 531567|3167, 531570|3179, 531570|3920, 531571|3944, 531573|3972, 531573|4016, com.bankofamerica.cashpromobile, 
531594|1, 531594|2035, 531596|2048, 531596|2068, 531599|2079, 531602|2103, 531602|2121, 531603|2142, 531603|2366, 531605|2377, 531605|4006, com.google.android.keep, 
531618|1, 531618|2054, 531619|2098, 531621|2155, 531621|2456, 531623|2476, 531623|4042, com.sometimeswefly.littlealchemy, 
531625|1, 531625|1737, 531627|1748, 531627|1768, 531630|1783, 531631|1794, 531633|1813, 531634|1830, 531634|1875, 531635|1886, 531635|2138, 531637|2148, 531637|4002, com.google.android.keep, 
531639|1, 531639|1502, 531641|1581, 531644|1593, 531647|1605, 531647|1617, 531652|1674, 531652|2330, 531655|2353, 531655|3529, 531657|3563, 531657|3600, 531659|3611, 531659|3632, 531662|3643, 531662|3653, 531667|3666, 531667|3694, 531670|3705, 531670|3726, 531671|3736, 531673|3747, 531674|3762, 531674|3779, 531677|3794, 531677|4003, com.google.android.apps.docs, 
531681|1, 531681|4010, at.DiTronic.androidgroup.randomgallery, 
531718|1, 531718|4003, com.android.vending, 
531718|1, 531718|3122, 531719|3176, 531719|3415, 531721|3488, 531723|3557, 531728|3604, 531729|3627, 531736|3658, 531736|3775, 531737|3804, 531740|4014, com.google.android.apps.photos, 
531743|1, 531743|1439, 531750|1598, 531750|2138, 531752|2264, 531763|2336, 531773|2394, 531775|2458, 531785|2480, 531794|2548, 531804|2618, 531804|4002, com.android.chrome, 
531816|1, 531816|1407, 531821|1582, 531822|1653, 531828|1686, 531829|1750, 531830|1783, 531830|2068, 531833|2093, 531833|3427, 531837|3472, 531840|3506, 531845|3535, 531845|3545, 531848|3560, 531848|3576, 531849|3585, 531852|3600, 531852|3695, 531855|3706, 531855|4005, com.google.android.apps.docs, 
531859|1, 531859|1823, 531860|1834, 531861|1847, 531861|1860, 531864|1884, 531867|1905, 531868|1920, 531868|2195, 531870|2210, 531870|4008, com.google.android.keep, 
531872|1, 531872|1807, 531873|1831, 531873|1974, 531875|2045, 531875|2211, 531877|2225, 531877|2405, 531879|2420, 531879|2603, 531882|2623, 531882|2817, 531883|2828, 531884|2840, 531884|3026, 531885|3037, 531885|3062, 531886|3076, 531886|3231, 531889|3251, 531889|3912, 531890|3930, 531890|3954, 531892|3985, 531892|4009, com.bankofamerica.cashpromobile, 
531914|1, 531914|1252, 531915|1398, 531915|1554, 531917|1594, 531917|1737, 531922|1856, 531923|1925, 531923|2034, 531927|2085, 531927|2260, 531932|2354, 531933|2450, 531933|2569, 531938|2611, 531938|2774, 531945|2952, 531945|3198, 531946|3257, 531950|3303, 531950|3341, 531952|3376, 531957|3508, 531957|3741, 531958|3762, 531958|3910, 531960|3920, 531960|4004, com.ebay.mobile, 
531971|1, 531971|4009, com.google.android.gm, 
531971|1, 531971|758, 531972|871, 531972|4006, com.whatsapp, 
531972|1, 531972|993, 531973|1054, 531973|1083, 531975|1108, 531975|1120, 531982|1136, 531982|1156, 531984|1168, 531984|1196, 531985|1209, 531985|1223, 531987|1240, 531987|1340, 531995|1364, 531995|1375, 531996|1386, 531996|1510, 531997|1522, 531998|1533, 531998|1716, 531999|1729, 531999|2229, 532000|2302, 532002|2340, 532002|2357, 532007|2384, 532007|2509, 532009|2539, 532010|2558, 532010|3049, 532011|3076, 532011|4002, com.Slack, 
532018|1, 532018|2904, 532020|2954, 532024|3036, 532026|3157, 532026|3219, 532027|3248, 532027|4003, air.com.hypah.io.slither, 
532045|1, 532045|36, 532047|70, 532047|323, 532049|345, 532052|408, 532057|464, 532057|654, 532066|686, 532066|1236, 532068|1310, 532068|1371, 532069|1430, 532069|1446, 532070|1466, 532074|1510, 532074|1608, 532075|1619, 532075|1632, 532076|1648, 532076|1719, 532087|1777, 532088|1803, 532089|1822, 532093|1860, 532093|1956, 532100|2013, 532108|2115, 532119|2167, 532120|2201, 532134|2318, 532137|2383, 532143|2423, 532143|2523, 532147|2538, 532147|2570, 532149|2648, 532155|2719, 532160|2744, 532161|2765, 532161|2935, 532163|2946, 532163|2998, 532165|3016, 532167|3036, 532169|3055, 532171|3070, 532172|3093, 532174|3105, 532174|3121, 532178|3133, 532178|3172, 532179|3187, 532180|3200, 532180|3436, 532181|3449, 532187|3470, 532187|3482, 532188|3504, 532189|3519, 532189|3811, 532191|3823, 532191|3864, 532193|3885, 532195|3897, 532195|4004, com.dropbox.android, 
532215|1, 532215|2327, 532217|2433, 532217|2475, 532222|2635, 532225|2686, 532225|2889, 532226|2905, 532228|2933, 532229|2991, 532229|4004, com.sometimeswefly.littlealchemy, 
532231|1, 532231|1420, 532233|1483, 532236|1583, 532243|1631, 532244|1662, 532245|1674, 532245|1914, 532248|1956, 532248|2883, 532250|3095, 532254|3184, 532260|3243, 532263|3313, 532263|3397, 532265|3408, 532265|3678, 532268|3690, 532268|4002, com.google.android.apps.docs, 
532273|1, 532273|890, 532275|1026, 532281|1185, 532281|1470, 532283|1494, 532284|1541, 532284|1930, 532286|1978, 532287|2039, 532287|2990, 532288|3025, 532290|3077, 532295|3108, 532296|3147, 532300|3247, 532300|3288, 532301|3370, 532304|3442, 532304|4031, com.scb.breezebanking.hk, 
532306|1, 532306|1858, 532307|1878, 532307|2057, 532309|2068, 532309|2222, 532311|2238, 532311|2433, 532313|2444, 532313|2604, 532314|2644, 532318|2668, 532318|2844, 532319|2858, 532319|2876, 532320|2887, 532320|3054, 532323|3087, 532323|3518, 532327|3725, 532327|3870, 532330|3914, 532331|4029, com.bankofamerica.cashpromobile, 
532352|1, 532352|2000, 532355|2089, 532355|2120, 532359|2143, 532370|2194, 532370|2213, 532378|2237, 532378|2247, 532382|2258, 532382|2280, 532383|2292, 532383|2304, 532390|2315, 532395|2328, 532395|3341, 532397|3352, 532398|3374, 532398|4004, com.google.android.music, 
532429|1, 532429|1306, 532430|1355, 532430|1399, 532436|1556, 532443|1610, 532444|1637, 532444|1940, 532447|1977, 532447|2878, 532450|2930, 532450|2954, 532452|2971, 532452|2984, 532455|3001, 532456|3018, 532460|3036, 532463|3050, 532463|3071, 532466|3089, 532467|3106, 532467|3163, 532470|3181, 532470|4020, com.google.android.apps.docs, 
532474|1, 532474|2871, 532477|2881, 532477|3118, 532487|3131, 532487|3593, 532488|3643, 532489|3668, 532490|3706, 532493|3731, 532493|3745, 532496|3758, 532498|3777, 532500|3788, 532500|3800, 532505|3811, 532509|3823, 532509|3841, 532513|3856, 532515|3875, 532516|3888, 532516|4001, at.DiTronic.androidgroup.randomgallery, 
532526|1, 532526|1050, 532527|1093, 532528|1118, 532529|1193, 532530|1240, 532534|1277, 532544|1361, 532550|1423, 532554|1439, 532554|1472, 532556|1508, 532563|1577, 532563|1605, 532567|1623, 532568|1637, 532577|1704, 532583|1728, 532585|1802, 532586|1813, 532588|1836, 532588|1850, 532590|1874, 532591|1899, 532591|1911, 532594|1937, 532595|1949, 532595|1964, 532597|1982, 532599|2010, 532599|2067, 532601|2094, 532601|2126, 532602|2161, 532602|2191, 532604|2217, 532612|2234, 532612|2302, 532613|2339, 532613|2408, 532615|2449, 532615|2544, 532617|2556, 532617|2595, 532619|2609, 532619|2637, 532625|2653, 532626|2665, 532626|2709, 532628|2723, 532628|2891, 532631|2904, 532633|2917, 532633|2928, 532635|2949, 532635|2960, 532637|2982, 532637|3015, 532639|3030, 532639|3085, 532641|3114, 532641|3153, 532642|3171, 532642|3407, 532644|3420, 532646|3443, 532646|3481, 532648|3502, 532648|3818, 532650|3830, 532652|3843, 532652|3860, 532654|3873, 532654|4006, com.dropbox.android, 
532683|1, 532683|2927, 532685|3086, 532692|3294, 532694|3325, 532695|3417, 532697|3496, 532697|3517, 532698|3547, 532699|3559, 532700|3574, 532701|3590, 532701|3666, 532703|3688, 532703|3721, 532704|3734, 532705|3756, 532705|4023, air.com.hypah.io.slither, 
532744|1, 532744|808, 532751|939, 532751|1109, 532754|1264, 532754|1567, 532757|1634, 532757|2810, 532764|2876, 532766|2968, 532770|3053, 532770|3105, 532771|3119, 532771|3145, 532774|3165, 532774|4010, com.scb.breezebanking.hk, 
532776|1, 532776|1863, 532778|1911, 532778|1947, 532781|1957, 532782|1969, 532782|1995, 532785|2007, 532788|2019, 532788|2031, 532796|2043, 532798|2055, 532801|2071, 532804|2083, 532804|2094, 532806|2106, 532806|2168, 532811|2179, 532817|2194, 532817|3027, 532820|3040, 532820|4017, com.google.android.music, 
532849|1, 532849|2814, 532852|2827, 532852|3064, 532862|3078, 532862|3648, 532864|3672, 532866|3689, 532869|3716, 532877|3737, 532877|3751, 532882|3763, 532882|3786, 532887|3800, 532887|3821, 532888|3843, 532888|4001, at.DiTronic.androidgroup.randomgallery, 
532901|1, 532901|924, 532902|963, 532902|977, 532904|1051, 532904|1160, 532905|1189, 532908|1231, 532908|1663, 532911|1869, 532911|1977, 532914|2001, 532914|4011, com.android.vending, 
532916|1, 532916|1981, 532917|2027, 532919|2058, 532919|2327, 532921|2380, 532921|4005, com.sometimeswefly.littlealchemy, 
532923|1, 532923|2888, 532927|3071, 532929|3153, 532929|3239, 532931|3330, 532934|3347, 532934|4008, air.com.hypah.io.slither, 
532952|1, 532952|1742, 532954|1773, 532954|1807, 532955|1857, 532956|1893, 532956|1928, 532958|1960, 532960|1987, 532960|2053, 532965|2073, 532971|2173, 532971|2206, 532972|2224, 532977|2319, 532980|2347, 532982|2400, 532982|2421, 532984|2462, 532990|2525, 532990|2620, 532995|2710, 533003|2765, 533003|2809, 533005|2930, 533007|2997, 533007|3030, 533009|3065, 533013|3247, 533013|3392, 533015|3609, 533017|3721, 533017|3858, 533018|3872, 533019|3885, 533019|4002, com.ebay.mobile, 
533043|1, 533043|975, 533047|1108, 533053|1276, 533053|1364, 533054|1390, 533054|4005, org.catrobat.catroid, 
533058|1, 533058|1244, 533060|1278, 533060|1383, 533075|1431, 533080|1462, 533093|1544, 533095|1572, 533096|1596, 533100|1624, 533100|1650, 533102|1666, 533104|1696, 533108|1712, 533112|1727, 533112|2071, 533116|2122, 533124|2162, 533124|2310, 533125|2329, 533127|2347, 533128|2365, 533133|2413, 533134|2431, 533136|2446, 533139|2463, 533141|2486, 533142|2514, 533142|2554, 533144|2567, 533144|2594, 533146|2604, 533146|2658, 533148|2671, 533148|2714, 533152|2747, 533154|2783, 533154|2831, 533156|2844, 533157|2859, 533157|2916, 533161|2939, 533163|2962, 533165|2989, 533165|3000, 533167|3018, 533167|3159, 533172|3170, 533172|3186, 533173|3197, 533173|3234, 533175|3250, 533175|3274, 533177|3289, 533177|3306, 533179|3317, 533179|3355, 533181|3372, 533181|3418, 533182|3429, 533182|3443, 533184|3455, 533184|3685, 533186|3698, 533188|3718, 533188|3734, 533190|3755, 533190|4010, com.dropbox.android, 
533223|1, 533223|781, 533232|1102, 533233|1179, 533233|4002, org.catrobat.catroid, 
533235|1, 533235|1320, 533236|1435, 533236|1523, 533240|1591, 533240|1627, 533252|1684, 533252|1729, 533253|1808, 533254|1835, 533258|1910, 533260|1971, 533260|1998, 533261|2046, 533268|2105, 533268|2193, 533270|2257, 533274|2314, 533278|2369, 533280|2442, 533296|2998, 533296|3132, 533297|3271, 533297|4006, com.ebay.mobile, 
533308|1, 533308|3041, 533311|3052, 533311|3281, 533321|3305, 533321|3703, 533323|3749, 533323|3769, 533324|3808, 533325|3834, 533325|3847, 533327|3858, 533330|3871, 533330|3883, 533334|3902, 533338|3915, 533341|3927, 533341|3938, 533343|3952, 533343|3964, 533347|3976, 533348|3993, 533348|4006, at.DiTronic.androidgroup.randomgallery, 
533354|1, 533354|1143, 533363|1593, 533363|1866, 533365|2168, 533374|2277, 533383|2353, 533386|2396, 533398|2447, 533402|2500, 533405|2571, 533407|2627, 533407|4006, com.android.chrome, 
533419|1, 533419|2839, 533425|3059, 533425|3177, 533426|3242, 533426|3273, 533429|3296, 533429|4007, air.com.hypah.io.slither, 
533450|1, 533450|251, 533451|280, 533452|291, 533452|323, 533455|336, 533455|392, 533460|442, 533460|573, 533469|737, 533469|1065, 533471|1160, 533475|1206, 533475|1271, 533478|1373, 533478|1503, 533479|1557, 533479|4011, org.catrobat.catroid, 
533481|1, 533481|1045, 533482|1088, 533483|1158, 533483|1201, 533484|1212, 533491|1276, 533492|1324, 533516|1398, 533516|1413, 533528|1429, 533530|1481, 533534|1572, 533536|1622, 533539|1654, 533546|1712, 533547|1746, 533548|1778, 533553|1840, 533554|1866, 533555|1902, 533556|1938, 533557|1972, 533558|2006, 533558|2699, 533560|2711, 533560|3007, 533562|3019, 533562|3108, 533565|3131, 533565|3156, 533567|3178, 533567|3212, 533570|3229, 533572|3239, 533572|3330, 533574|3345, 533574|3364, 533578|3391, 533578|3414, 533581|3455, 533581|3531, 533583|3544, 533583|3558, 533587|3570, 533587|3581, 533591|3606, 533593|3619, 533593|3730, 533595|3741, 533595|3753, 533596|3774, 533597|3788, 533597|4007, com.dropbox.android, 
533627|1, 533627|2905, 533629|2956, 533629|2983, 533630|2997, 533630|3047, 533631|3060, 533632|3071, 533632|3091, 533633|3104, 533638|3117, 533642|3132, 533644|3144, 533646|3157, 533646|3182, 533647|3192, 533647|3455, 533649|3468, 533650|3481, 533650|3935, 533651|3952, 533651|4006, com.google.android.apps.photos, 
533654|1, 533654|783, 533655|859, 533661|1047, 533661|1132, 533664|1240, 533664|1556, 533667|1693, 533667|2898, 533668|2940, 533675|3067, 533676|3149, 533679|3189, 533679|3294, 533680|3318, 533680|3341, 533683|3360, 533683|4044, com.scb.breezebanking.hk, 
533685|1, 533685|1527, 533694|1694, 533694|2058, 533703|2319, 533708|2334, 533715|2378, 533724|2465, 533727|2497, 533745|2609, 533745|4012, com.android.chrome, 
533755|1, 533755|1103, 533756|1147, 533756|1323, 533758|1334, 533758|1514, 533763|1550, 533763|1601, 533764|1614, 533764|1837, 533766|1846, 533766|2039, 533767|2051, 533767|2302, 533768|2403, 533770|2435, 533776|2484, 533778|2530, 533779|2557, 533779|2844, 533780|2866, 533780|4008, com.Slack, 
533799|1, 533799|939, 533801|1058, 533802|1142, 533802|4010, com.whatsapp, 
533802|1, 533802|4011, com.android.vending, 
533802|1, 533802|2836, 533805|2852, 533805|2883, 533811|2894, 533811|2917, 533815|2927, 533818|2938, 533819|2949, 533819|2971, 533820|2981, 533820|3262, 533823|3276, 533823|3844, 533824|3861, 533824|4009, com.google.android.apps.photos, 
533827|1, 533827|729, 533828|784, 533828|801, 533830|818, 533830|842, 533832|858, 533836|879, 533838|907, 533841|926, 533841|1031, 533847|1046, 533847|1058, 533848|1073, 533848|1145, 533849|1157, 533849|1361, 533851|1375, 533851|1561, 533852|1570, 533852|1968, 533853|2010, 533853|2042, 533855|2054, 533855|2072, 533860|2093, 533860|2173, 533862|2191, 533863|2218, 533863|2774, 533864|2798, 533864|4007, com.Slack, 
533870|1, 533870|951, 533872|1057, 533877|1136, 533879|1158, 533880|1178, 533880|1269, 533881|1279, 533882|1290, 533882|1422, 533888|1433, 533888|1454, 533889|1467, 533889|1480, 533890|1489, 533890|1629, 533892|1645, 533892|1828, 533893|1846, 533893|2304, 533895|2324, 533895|2349, 533900|2397, 533903|2539, 533903|2643, 533904|2684, 533904|4004, com.Slack, 
533910|1, 533910|2440, 533918|2757, 533918|3090, 533920|3143, 533920|3227, 533922|3251, 533925|3262, 533925|3403, 533926|3422, 533931|3482, 533931|3544, 533934|3566, 533934|4001, air.com.hypah.io.slither, 
533938|1, 533938|402, 533939|426, 533939|533, 533941|546, 533941|575, 533945|599, 533949|631, 533949|705, 533952|723, 533952|848, 533956|907, 533956|979, 533957|1057, 533958|1094, 533958|1193, 533959|1209, 533965|1245, 533965|1442, 533968|1555, 533983|1655, 533994|1726, 534001|1788, 534003|1832, 534006|1863, 534006|1889, 534012|1935, 534029|2056, 534032|2067, 534032|2078, 534035|2095, 534040|2128, 534043|2167, 534047|2244, 534047|2332, 534048|2353, 534048|2370, 534052|2395, 534057|2436, 534057|2474, 534061|2525, 534061|2562, 534063|2586, 534064|2628, 534066|2644, 534066|2675, 534067|2687, 534067|2726, 534068|2755, 534069|2767, 534069|2810, 534071|2820, 534071|2867, 534073|2880, 534073|2893, 534075|2931, 534080|2962, 534082|2977, 534082|3253, 534089|3270, 534089|3318, 534093|3337, 534093|3552, 534094|3565, 534094|3654, 534098|3672, 534099|3685, 534100|3696, 534100|4002, com.dropbox.android, 
534139|1, 534139|2815, 534145|2980, 534145|3110, 534149|3158, 534149|4017, air.com.hypah.io.slither, 
534166|1, 534166|1107, 534174|1214, 534174|1258, 534177|1307, 534177|1328, 534179|1338, 534179|1441, 534180|1451, 534185|1465, 534185|1522, 534186|1534, 534186|1663, 534188|1674, 534188|1872, 534189|1881, 534189|2318, 534197|2391, 534197|2532, 534199|2557, 534200|2578, 534200|3302, 534201|3337, 534201|4003, com.Slack, 
534207|1, 534207|1007, 534210|1080, 534218|1153, 534224|1182, 534224|1206, 534234|1328, 534236|1364, 534240|1421, 534262|1541, 534268|1600, 534272|1747, 534273|1805, 534280|1894, 534282|1933, 534282|1969, 534283|1987, 534287|2031, 534289|2071, 534289|2158, 534291|2169, 534293|2187, 534294|2224, 534294|2278, 534296|2298, 534296|2319, 534297|2334, 534297|2389, 534300|2404, 534300|2441, 534301|2454, 534302|2467, 534302|2501, 534304|2512, 534305|2525, 534306|2538, 534307|2551, 534307|2582, 534309|2594, 534309|2807, 534316|2825, 534318|2861, 534319|2885, 534320|2907, 534320|3118, 534321|3132, 534321|4010, com.dropbox.android, 
534349|1, 534349|2922, 534352|2937, 534352|3082, 534362|3097, 534362|3671, 534363|3715, 534365|3741, 534365|3753, 534367|3772, 534370|3795, 534370|3807, 534374|3818, 534383|3846, 534383|3863, 534384|3875, 534388|3889, 534389|3915, 534389|4005, at.DiTronic.androidgroup.randomgallery, 
534397|1, 534397|2535, 534398|2567, 534398|3046, 534400|3072, 534408|3181, 534414|3257, 534414|3334, 534415|3357, 534415|3552, 534416|3573, 534416|3593, 534420|3618, 534420|4002, com.google.android.apps.photos, 
534423|1, 534423|936, 534424|1041, 534424|4006, com.whatsapp, 
534424|1, 534424|1103, 534426|1177, 534431|1253, 534431|1289, 534433|1336, 534434|1394, 534434|1490, 534435|1556, 534435|4003, org.catrobat.catroid, 
534437|1, 534437|2865, 534440|2890, 534440|3018, 534445|3030, 534451|3045, 534451|3507, 534452|3574, 534453|3605, 534455|3621, 534457|3633, 534457|3645, 534460|3667, 534470|3688, 534470|3698, 534474|3710, 534474|3736, 534478|3757, 534478|4013, at.DiTronic.androidgroup.randomgallery, 
534488|1, 534488|4001, com.android.vending, 
534490|1, 534490|739, 534491|792, 534497|958, 534497|1223, 534499|1508, 534500|1580, 534500|1997, 534504|2188, 534504|3233, 534513|3316, 534514|3374, 534514|3394, 534515|3440, 534518|3497, 534518|3556, 534519|3575, 534522|3614, 534522|4002, com.scb.breezebanking.hk, 
534524|1, 534524|819, 534526|950, 534527|1050, 534527|1075, 534530|1099, 534531|1114, 534531|1127, 534538|1157, 534539|1170, 534540|1182, 534540|1215, 534543|1231, 534545|1244, 534545|1256, 534546|1266, 534546|1311, 534547|1326, 534547|1381, 534549|1392, 534549|1533, 534550|1543, 534550|2261, 534551|2358, 534551|2377, 534553|2388, 534553|2414, 534558|2424, 534558|2526, 534560|2539, 534560|2557, 534561|2594, 534561|3070, 534562|3094, 534562|4011, com.Slack, 
534568|1, 534568|3317, 534574|3385, 534574|3427, 534576|3462, 534579|3486, 534579|3544, 534581|3604, 534581|3620, 534583|3669, 534585|3694, 534585|3728, 534586|3752, 534586|3775, 534587|3807, 534589|3846, 534590|3865, 534590|4005, air.com.hypah.io.slither, 
534630|1, 534630|1657, 534633|1759, 534636|1815, 534636|1862, 534644|1958, 534645|1978, 534645|2389, 534648|2429, 534648|3683, 534650|3733, 534651|3759, 534652|3770, 534652|3806, 534654|3820, 534654|3845, 534655|3856, 534657|3867, 534662|3880, 534662|3892, 534665|3904, 534665|3930, 534666|3941, 534669|3953, 534669|3965, 534672|3986, 534672|4012, com.google.android.apps.docs, 
534676|1, 534676|1319, 534678|1399, 534689|1528, 534690|1636, 534690|1892, 534693|1923, 534693|3119, 534695|3183, 534700|3251, 534705|3276, 534708|3303, 534709|3330, 534712|3342, 534712|3393, 534715|3405, 534715|4004, com.google.android.apps.docs, 
534719|1, 534719|744, 534720|797, 534722|862, 534727|995, 534730|1115, 534730|1521, 534733|1590, 534733|2769, 534734|2834, 534736|2861, 534736|2887, 534741|2902, 534742|2924, 534742|2970, 534743|2999, 534746|3047, 534746|3075, 534747|3099, 534747|3112, 534750|3130, 534750|4019, com.scb.breezebanking.hk, 
534752|1, 534752|1787, 534754|1849, 534756|1863, 534756|1904, 534760|1915, 534760|1950, 534766|1962, 534766|1973, 534767|1984, 534768|1995, 534776|2008, 534776|2199, 534779|2214, 534781|2228, 534781|2277, 534783|2286, 534787|2298, 534787|2425, 534793|2436, 534794|2452, 534794|3609, 534796|3631, 534797|3664, 534797|4064, com.google.android.music, 
534822|1, 534822|950, 534829|1167, 534832|1205, 534832|1330, 534833|1394, 534833|4003, org.catrobat.catroid, 
534835|1, 534835|763, 534840|881, 534843|941, 534843|1015, 534844|1089, 534844|4007, org.catrobat.catroid, 
534847|1, 534847|4008, com.android.vending, 
534847|1, 534847|884, 534852|970, 534855|1067, 534855|1244, 534856|1328, 534856|4006, org.catrobat.catroid, 
534858|1, 534858|794, 534859|864, 534861|906, 534864|1083, 534864|1165, 534867|1246, 534867|1632, 534869|1644, 534870|1677, 534870|2421, 534871|2438, 534871|2469, 534873|2486, 534877|2504, 534877|2523, 534878|2535, 534878|2551, 534879|2575, 534879|2600, 534881|2620, 534881|2790, 534882|2825, 534885|3032, 534885|4011, com.scb.breezebanking.hk, 
534887|1, 534887|2764, 534888|2786, 534888|2897, 534890|2917, 534890|2970, 534891|2981, 534892|3002, 534898|3051, 534903|3071, 534906|3084, 534906|3108, 534907|3120, 534907|3466, 534910|3477, 534910|3776, 534911|3792, 534911|4010, com.google.android.apps.photos, 
534914|1, 534914|2266, 534915|2291, 534916|2334, 534918|2355, 534918|2554, 534920|2606, 534920|4014, com.sometimeswefly.littlealchemy, 
534922|1, 534922|1950, 534923|1962, 534923|1977, 534929|2089, 534929|2142, 534931|2222, 534932|2283, 534932|2310, 534933|2322, 534933|2393, 534935|2446, 534935|2645, 534937|2670, 534937|4040, com.sometimeswefly.littlealchemy, 
534939|1, 534939|2172, 534940|2222, 534940|2892, 534941|2907, 534942|2942, 534947|2954, 534948|2981, 534953|2992, 534953|3001, 534954|3014, 534955|3031, 534955|3043, 534956|3058, 534956|3143, 534957|3155, 534957|3371, 534961|3389, 534961|4005, com.google.android.apps.photos, 
534964|1, 534964|1049, 534965|1107, 534965|4005, com.whatsapp, 
534965|1, 534965|1279, 534966|1349, 534966|1411, 534967|1446, 534971|1519, 534980|1675, 534980|1859, 534983|1904, 534983|3031, 534985|3094, 534988|3139, 534993|3173, 534993|3185, 534998|3202, 534998|3218, 534999|3229, 535001|3246, 535001|3527, 535004|3537, 535004|4011, com.google.android.apps.docs, 
535008|1, 535008|1453, 535017|1595, 535017|2135, 535021|2426, 535038|2559, 535052|2659, 535055|2725, 535059|2810, 535059|2856, 535061|2879, 535061|4010, com.android.chrome, 
535071|1, 535071|1194, 535076|1380, 535076|1936, 535078|1992, 535087|2056, 535094|2109, 535105|2210, 535128|2338, 535128|4012, com.android.chrome, 
535134|1, 535134|713, 535135|840, 535135|4001, com.whatsapp, 
