1888|1, 1888|853, 1889|857, 1889|4005, org.telegram.messenger, 
1366|1, 1366|1383, 1367|1389, 1367|1415, 1370|1419, 1370|1444, 1371|1448, 1371|1476, 1405|1481, 1405|4009, com.paypal.android.p2pmobile, 
1366|1, 1366|798, 1367|806, 1367|1202, 1368|1206, 1368|1318, 1367|1322, 1367|1347, 1369|1351, 1369|1397, 1368|1404, 1368|2245, 1367|2257, 1367|4008, com.google.android.music, 
1366|1, 1366|564, 1363|569, 1363|622, 1365|629, 1365|654, 1363|659, 1363|680, 1373|684, 1373|708, 1380|716, 1380|1262, 1377|1277, 1377|1531, 1368|1535, 1368|1653, 1378|1657, 1378|1739, 1390|1746, 1390|1849, 1402|1855, 1402|1863, 1405|1867, 1405|2624, 1390|2639, 1390|2700, 1400|2709, 1403|2718, 1412|2726, 1412|3063, 1406|3077, 1406|3646, 1397|3657, 1397|3698, 1402|3707, 1405|3715, 1405|4004, com.google.android.gm, 
1690|1, 1690|251, 1691|256, 1691|490, 1856|503, 1856|668, 1691|676, 1691|952, 1700|964, 1700|1103, 1688|1107, 1688|1134, 1689|1139, 1689|1161, 1690|1173, 1690|1191, 1692|1198, 1692|1222, 1691|1228, 1691|1808, 1692|1813, 1692|2147, 1691|2156, 1691|2226, 1693|2235, 1693|3193, 1698|3201, 1698|3218, 1697|3227, 1697|3463, 1693|3472, 1693|4007, com.google.android.apps.photos, 
1366|1, 1366|371, 1367|376, 1367|1160, 1422|1164, 1422|1169, 1477|1173, 1461|1179, 1516|1183, 1571|1188, 1571|1205, 1626|1212, 1681|1218, 1736|1223, 1736|1246, 1791|1250, 1791|1297, 1351|1301, 1351|1313, 1349|1321, 1349|1325, 1363|1328, 1363|1372, 1367|1377, 1367|1384, 1377|1391, 1377|1441, 1393|1452, 1393|4003, com.whatsapp, 
1690|1, 1690|460, 1800|464, 1800|769, 1768|779, 1768|824, 1779|852, 1782|868, 1782|894, 1800|898, 1800|927, 1804|935, 1804|1019, 1914|1025, 2024|1031, 2024|1346, 2020|1355, 2020|1744, 2043|1752, 2043|1885, 2041|1889, 2041|1936, 2036|1942, 2040|1949, 2040|3497, 2038|3505, 2038|4001, com.android.chrome, 
1690|1, 1690|707, 1711|711, 1711|739, 1690|747, 1690|4003, com.android.vending, 
1690|1, 1690|452, 1712|457, 1712|483, 1688|486, 1688|514, 1695|522, 1695|966, 1750|970, 1750|980, 2245|984, 2355|989, 2465|993, 2520|1000, 2520|1032, 2575|1037, 2575|1062, 2630|1066, 2630|1098, 2685|1102, 2685|1131, 2740|1137, 2740|1164, 2795|1169, 2795|1183, 2905|1190, 2960|1194, 2960|1203, 3015|1207, 3015|1362, 3039|1369, 3039|1422, 3054|1427, 3054|1453, 3038|1458, 3038|1484, 3043|1492, 3043|1516, 3032|1520, 3032|2325, 3039|2340, 3039|2374, 3094|2392, 3094|2430, 3149|2442, 3043|2461, 3043|2482, 3023|2498, 3023|4003, com.snapchat.android, 
1689|1, 1689|648, 1691|654, 1691|709, 1688|714, 1688|1630, 1689|1636, 1689|1690, 1687|1695, 1687|1721, 1690|1727, 1690|1746, 1691|1752, 1691|1875, 1690|1886, 1690|2247, 1745|2256, 1745|2698, 1719|2706, 1726|2715, 1726|2738, 1728|2747, 1728|4012, com.lenovo.anyshare.gps, 
1702|1, 1702|491, 1867|496, 1867|521, 1854|525, 1854|534, 1799|538, 1744|542, 1744|549, 1743|555, 1743|579, 1777|586, 1777|881, 2052|887, 2052|1125, 2107|1130, 2107|1142, 2162|1148, 2162|1164, 2272|1168, 2327|1172, 2327|1200, 2052|1207, 2052|1255, 2107|1259, 2107|1342, 2052|1347, 2052|1431, 2035|1438, 2035|1461, 2010|1472, 2010|1489, 2019|1496, 2019|1542, 2022|1546, 2022|1563, 2037|1567, 2037|1582, 2028|1588, 2028|1658, 1918|1664, 1918|2041, 1917|2054, 1917|2450, 1883|2463, 1883|2485, 1897|2496, 1897|2523, 1915|2535, 1915|2582, 1960|2590, 1960|3350, 2015|3362, 2015|3491, 2023|3504, 2023|3514, 2028|3525, 2028|3534, 2031|3545, 2049|3557, 2049|3578, 2060|3592, 2060|4005, com.sometimeswefly.littlealchemy, 
1365|1, 1365|184, 1420|193, 1420|416, 1475|424, 1530|428, 1530|443, 1533|447, 1533|474, 1567|478, 1567|502, 1598|507, 1543|511, 1433|516, 1433|728, 1488|732, 1543|737, 1543|762, 1598|768, 1763|773, 1763|787, 1928|791, 1928|924, 1983|929, 2038|933, 2038|992, 1983|998, 1983|1233, 1873|1240, 1873|1295, 1853|1299, 1853|1323, 1847|1327, 1847|1340, 1902|1345, 1902|1408, 1884|1420, 1884|1455, 1914|1459, 1914|1504, 1889|1509, 1889|1857, 1944|1862, 1944|2024, 1946|2042, 1946|2417, 1951|2428, 1971|2447, 1971|2470, 1979|2482, 1979|2504, 1985|2517, 1985|2550, 2040|2562, 2040|2828, 2022|2840, 2022|3415, 2043|3423, 2043|3505, 2054|3513, 2059|3522, 2059|3842, 2065|3852, 2065|4009, com.sometimeswefly.littlealchemy, 
1689|1, 1689|628, 1693|643, 1693|690, 1697|695, 1697|719, 1694|724, 1694|781, 1749|786, 1749|798, 2354|803, 2464|807, 2464|815, 2519|819, 2519|846, 2574|851, 2574|879, 2629|884, 2629|912, 2684|917, 2684|950, 2762|956, 2762|982, 2817|987, 2817|994, 2982|1007, 2982|1542, 2993|1547, 2993|1630, 3013|1635, 3013|1659, 3009|1663, 3009|1691, 3018|1696, 3018|1722, 3023|1726, 3023|2106, 3024|2126, 3024|4009, com.snapchat.android, 
1365|1, 1365|748, 1397|755, 1397|895, 1398|899, 1398|923, 1430|938, 1430|957, 1398|963, 1398|1849, 1402|1855, 1402|1867, 1405|1874, 1405|1929, 1402|1938, 1402|1958, 1404|1971, 1404|2888, 1403|2896, 1403|2913, 1404|2925, 1404|4004, com.paypal.android.p2pmobile, 
1365|1, 1365|478, 1366|486, 1366|1423, 1368|1430, 1368|1543, 1365|1548, 1365|1575, 1366|1580, 1366|1699, 1365|1708, 1365|1735, 1364|1739, 1364|1930, 1419|1941, 1419|2409, 1406|2417, 1406|2505, 1430|2522, 1430|2552, 1434|2561, 1434|2570, 1435|2578, 1435|3483, 1404|3494, 1404|4005, com.lenovo.anyshare.gps, 
1378|1, 1378|346, 1380|355, 1380|376, 1412|380, 1412|408, 1414|415, 1414|755, 1524|764, 1524|1166, 1414|1170, 1414|1195, 1440|1201, 1440|1346, 1439|1351, 1439|1416, 1441|1422, 1441|1466, 1439|1472, 1439|2514, 1411|2523, 1411|4009, com.ted.android, 
1702|1, 1702|310, 1703|315, 1703|1290, 1704|1295, 1704|1310, 1708|1314, 1708|1369, 1705|1375, 1705|2087, 1735|2097, 1735|2126, 1680|2137, 1680|2306, 1695|2317, 1695|2341, 1711|2351, 1711|4004, com.lenovo.anyshare.gps, 
1702|1, 1702|331, 1703|336, 1703|359, 1737|365, 1737|426, 1792|429, 1792|463, 1847|473, 1847|499, 1902|503, 1902|548, 1792|553, 1792|577, 2012|584, 2012|768, 2067|776, 2177|786, 2122|793, 2122|810, 2177|816, 2287|825, 2287|891, 2342|896, 2342|943, 2313|950, 2313|985, 2258|996, 2258|1060, 1983|1065, 1983|1270, 1970|1275, 1970|1298, 1860|1304, 1881|1309, 1881|1329, 1897|1333, 1897|1362, 1919|1367, 1919|1726, 1974|1731, 1974|1745, 2029|1750, 2029|2020, 2039|2032, 2039|2303, 2049|2317, 2066|2338, 2066|2355, 2080|2367, 2080|3269, 2084|3281, 2084|3294, 2100|3307, 2100|3329, 2111|3336, 2111|3386, 2115|3394, 2115|4008, com.sometimeswefly.littlealchemy, 
1364|1, 1364|681, 1368|685, 1368|693, 1366|699, 1366|711, 1365|716, 1365|4002, com.whatsapp, 
1688|1, 1688|739, 1743|743, 1798|748, 1798|932, 1830|992, 1830|1098, 1814|1128, 1873|1150, 2038|1157, 2038|1577, 2041|1584, 2041|2015, 2044|2022, 2044|2147, 2033|2151, 2033|2176, 2038|2183, 2038|2255, 2041|2262, 2041|4009, com.android.chrome, 
1688|1, 1688|807, 1908|812, 2458|817, 2458|826, 2513|831, 2513|859, 2568|865, 2568|895, 2623|900, 2623|927, 2678|931, 2678|963, 2727|968, 2727|996, 2804|1003, 2804|1021, 2859|1025, 2949|1030, 2949|1053, 2959|1060, 2959|1082, 2978|1089, 2978|1116, 3001|1121, 3001|2043, 3023|2065, 3023|2077, 3022|2089, 3022|4004, com.snapchat.android, 
1688|1, 1688|4004, com.android.vending, 
1688|1, 1688|623, 1689|630, 1689|1403, 1687|1412, 1687|1512, 1689|1519, 1689|1597, 1690|1606, 1691|1611, 1691|1623, 1689|1630, 1689|2055, 1744|2068, 1744|2512, 1749|2521, 1749|2564, 1718|2576, 1718|2588, 1720|2599, 1720|2624, 1742|2632, 1742|3534, 1727|3543, 1727|4010, com.lenovo.anyshare.gps, 
1701|1, 1702|28, 1702|709, 1757|713, 1757|721, 2197|728, 2472|733, 2527|737, 2527|741, 2582|746, 2582|811, 2637|816, 2637|825, 2658|829, 2658|842, 2713|848, 2713|852, 2746|857, 2746|909, 2801|913, 2801|944, 2823|952, 2823|972, 2826|976, 2826|1002, 2819|1008, 2819|1033, 2852|1038, 2852|1197, 2839|1208, 2839|1593, 3004|1602, 3004|1854, 3008|1860, 3008|3020, 3035|3032, 3035|4002, com.snapchat.android, 
1701|1, 1701|452, 1722|457, 1722|1770, 1701|1775, 1701|4007, com.android.vending, 
1688|1, 1688|418, 1689|422, 1689|718, 1799|723, 1799|779, 1524|786, 1524|1205, 1527|1210, 1527|1236, 1530|1240, 1530|1318, 1805|1323, 1805|1327, 1794|1331, 1794|1354, 1777|1363, 1777|1387, 1746|1396, 1746|1418, 1714|1423, 1714|1437, 1716|1445, 1716|2237, 1715|2242, 1715|2448, 1713|2460, 1713|4001, com.android.chrome, 
1364|1, 1364|351, 1367|355, 1367|384, 1364|389, 1364|408, 1371|415, 1371|832, 1426|840, 1426|845, 1701|850, 2086|854, 2196|858, 2196|867, 2251|871, 2251|931, 2306|936, 2306|966, 2361|971, 2361|1000, 2416|1009, 2416|1201, 2424|1205, 2424|1233, 2446|1237, 2446|1334, 2444|1338, 2444|1372, 2471|1379, 2471|1384, 2504|1393, 2504|1414, 2506|1419, 2506|1652, 2671|1656, 2671|2315, 2698|2328, 2698|4002, com.snapchat.android, 
1688|1, 1688|303, 1689|307, 1689|607, 1799|611, 1799|1111, 1909|1116, 2019|1121, 2019|1142, 2020|1159, 2020|1185, 2029|1192, 2029|1245, 2054|1253, 2054|1276, 2027|1283, 2027|1304, 2029|1309, 2029|1335, 2038|1342, 2038|1475, 2037|1483, 2037|2302, 2038|2311, 2038|2353, 2036|2365, 2036|4003, com.android.chrome, 
1688|1, 1688|734, 1853|739, 1853|786, 1837|792, 1837|818, 1846|842, 1847|853, 1847|1320, 2067|1325, 2067|1668, 2060|1673, 2060|1740, 2063|1745, 2063|1819, 2037|1823, 2037|1847, 2039|1853, 2039|2844, 2037|2855, 2037|4004, com.android.chrome, 
1688|1, 1688|588, 1714|598, 1714|616, 1707|625, 1707|651, 1713|656, 1713|788, 1878|792, 2373|797, 2483|801, 2483|805, 2538|809, 2538|843, 2593|847, 2593|875, 2648|879, 2648|940, 2703|946, 2703|974, 2758|979, 2758|1210, 2791|1216, 2791|1440, 2792|1444, 2792|1559, 2818|1564, 2818|1591, 2819|1597, 2819|1621, 2846|1639, 2846|1652, 2830|1659, 2995|4009, com.snapchat.android, 
1688|1, 1688|500, 1690|508, 1690|1409, 1689|1417, 1689|4004, io.silvrr.silvrrwallet.hk, 
1688|1, 1688|1344, 1689|1353, 1689|1493, 1690|1498, 1690|1556, 1689|1562, 1689|4005, com.instagram.android, 
1688|1, 1688|440, 1798|444, 1798|453, 1804|464, 1804|481, 1838|486, 1838|511, 1848|520, 1848|1068, 2068|1078, 2068|1393, 2066|1399, 2066|1421, 2034|1426, 2034|1455, 2045|1460, 2045|1511, 2039|1517, 2039|2483, 2037|2493, 2037|4006, com.android.chrome, 
1688|1, 1688|884, 1687|891, 1687|1004, 1688|1009, 1688|1023, 1689|1029, 1689|4002, com.whatsapp, 
1688|1, 1688|959, 1743|963, 1743|1067, 1742|1073, 1742|1094, 1730|1099, 1730|1128, 1732|1132, 1732|1189, 1740|1193, 1740|1219, 1743|1227, 1743|1675, 1798|1680, 1798|2014, 1766|2025, 1766|2123, 1769|2131, 1769|2178, 1771|2187, 1762|2198, 1762|2216, 1770|2230, 1770|3128, 1763|3137, 1763|3168, 1787|3178, 1787|3220, 1792|3234, 1792|4007, com.dropbox.android, 
1688|1, 1688|450, 1853|454, 1853|500, 1852|507, 1852|561, 1865|565, 1865|622, 1700|629, 1700|924, 1687|939, 1687|1441, 1689|1445, 1689|1470, 1691|1476, 1691|1501, 1689|1506, 1689|1532, 1693|1536, 1693|1562, 1686|1569, 1686|2481, 1687|2493, 1687|2554, 1690|2566, 1690|2612, 1693|2622, 1693|3473, 1690|3483, 1690|3530, 1689|3542, 1689|4007, com.google.android.apps.photos, 
1688|1, 1688|482, 1686|489, 1686|897, 1687|903, 1687|946, 1688|952, 1688|1530, 1689|1533, 1689|4005, com.whatsapp, 
1688|1, 1688|295, 1689|299, 1689|324, 1692|330, 1692|1056, 1691|1062, 1691|1327, 1692|1333, 1692|1337, 1690|1341, 1690|1465, 1689|1469, 1689|4006, com.facebook.orca, 
1711|1, 1712|9, 1712|52, 1689|60, 1688|68, 1688|94, 1689|102, 1689|170, 1689|944, 1718|948, 1718|987, 1773|991, 1773|1001, 2253|1006, 2418|1011, 2528|1015, 2528|1032, 2496|1037, 2496|1056, 2551|1061, 2551|1066, 2587|1072, 2587|1084, 2642|1090, 2655|1096, 2655|1120, 2710|1125, 2710|1153, 2765|1158, 2765|1189, 2820|1194, 2820|1203, 2875|1208, 3040|1213, 3040|1944, 3044|1949, 3044|1972, 3026|1978, 3026|2002, 3020|2007, 3020|2094, 3022|2099, 3022|3913, 3023|3925, 3023|4177, com.snapchat.android, 
1688|1, 1688|227, 1693|231, 1693|288, 1694|291, 1694|319, 1692|324, 1692|766, 1747|776, 1747|785, 1857|790, 2352|794, 2517|799, 2517|802, 2572|808, 2572|867, 2627|873, 2627|906, 2737|911, 2737|936, 2792|941, 2792|1178, 2807|1184, 2807|1199, 2837|1204, 2837|1225, 2855|1231, 2855|1259, 2841|1264, 2841|1286, 2837|1294, 2837|1319, 2830|1322, 2830|2084, 2829|2100, 2829|2340, 2830|2353, 2830|3793, 2995|3806, 2995|4002, com.snapchat.android, 
1688|1, 1688|366, 1743|372, 1798|377, 1853|381, 1853|399, 1798|403, 1743|407, 1688|412, 1688|507, 1908|512, 1908|669, 1963|674, 1963|697, 1975|701, 1975|705, 2030|709, 2030|718, 2058|723, 2113|727, 2100|732, 2045|736, 2045|753, 2151|760, 2206|765, 2261|769, 2261|928, 1986|935, 1986|1013, 1931|1017, 1931|1080, 1821|1085, 1821|1393, 1876|1398, 1876|1609, 1886|1615, 1886|1624, 1941|1629, 1941|1639, 1957|1644, 1957|1705, 1942|1714, 1942|1727, 1969|1733, 1969|1756, 1986|1762, 1986|1890, 1979|1901, 1979|1981, 1982|1998, 1982|2667, 1986|2679, 1986|2691, 1995|2702, 1995|2723, 2000|2734, 2000|2767, 2004|2778, 2004|2919, 2009|2938, 2009|3664, 2013|3675, 2013|3704, 2025|3735, 2025|3807, 2030|3815, 2030|4004, com.sometimeswefly.littlealchemy, 
1688|1, 1688|590, 1689|598, 1689|1072, 1690|1076, 1690|1101, 1689|1105, 1689|3070, 1688|3080, 1689|3091, 1689|4001, tv.danmaku.bili, 
1688|1, 1688|4008, com.android.vending, 
1364|1, 1364|217, 1366|224, 1366|246, 1367|255, 1367|277, 1370|287, 1370|312, 1367|323, 1367|359, 1365|367, 1365|1156, 1368|1161, 1368|1257, 1365|1263, 1365|1267, 1364|1272, 1364|1276, 1362|1282, 1362|1309, 1364|1314, 1364|2022, 1395|2048, 1395|2245, 1376|2254, 1376|2273, 1366|2283, 1366|2311, 1371|2320, 1371|4003, com.lenovo.anyshare.gps, 
1701|1, 1701|608, 1702|612, 1702|4003, org.telegram.messenger, 
1701|1, 1701|802, 1703|807, 1703|831, 1702|836, 1702|2418, 1372|2427, 1372|2729, 1365|2748, 1365|4001, com.whatsapp, 
1364|1, 1364|4005, com.android.vending, 
1688|1, 1688|4007, com.android.vending, 
1688|1, 1688|360, 1853|370, 1853|420, 1854|429, 1854|487, 1858|493, 1858|553, 1693|563, 1693|821, 1692|828, 1692|1274, 1684|1278, 1684|1420, 1682|1425, 1682|1474, 1691|1479, 1691|1483, 1688|1486, 1688|1490, 1682|1496, 1682|2450, 1683|2462, 1683|2481, 1681|2491, 1681|2602, 1688|2612, 1688|3453, 1689|3461, 1689|4003, com.google.android.apps.photos, 
1688|1, 1686|27, 1686|37, 1685|44, 1685|359, 1740|363, 1740|799, 1795|810, 1795|818, 2015|826, 2345|832, 2455|837, 2565|841, 2565|867, 2620|872, 2620|885, 2627|889, 2627|901, 2682|905, 2682|936, 2737|942, 2737|970, 2792|974, 2787|979, 2787|984, 2792|993, 2792|1003, 2847|1006, 2839|1012, 2839|1026, 3004|1033, 3004|1038, 3002|1042, 3002|1886, 3016|1893, 3016|1916, 3000|1922, 3000|1943, 3035|1954, 3035|1969, 3022|1984, 3022|4003, com.snapchat.android, 
1683|1, 1683|465, 1628|469, 1628|523, 1638|528, 1638|642, 1645|647, 1645|734, 1672|738, 1672|742, 1727|747, 1727|758, 1837|762, 2442|771, 2552|782, 2552|843, 2607|848, 2607|880, 2662|884, 2662|908, 2717|913, 2717|945, 2772|950, 2772|960, 2827|966, 2992|972, 2992|977, 3047|981, 3047|1520, 3051|1526, 3051|1553, 3033|1560, 3033|1642, 3034|1649, 3034|1682, 3043|1687, 3043|1701, 3035|1708, 3035|1735, 3017|1742, 3017|4001, com.snapchat.android, 
1359|1, 1359|1066, 1360|1070, 1360|1135, 1359|1140, 1359|1146, 1360|1151, 1360|1965, 1415|1980, 1415|2122, 1416|2135, 1416|2150, 1432|2163, 1432|2633, 1487|2645, 1487|2767, 1542|2783, 1542|2791, 1487|2800, 1487|2989, 1461|3002, 1461|3094, 1459|3105, 1459|3126, 1475|3138, 1475|3151, 1470|3165, 1470|3176, 1482|3189, 1482|4005, at.DiTronic.androidgroup.randomgallery, 
1683|1, 1683|709, 1684|715, 1684|750, 1681|754, 1681|838, 1682|843, 1682|883, 1683|894, 1683|900, 1684|904, 1684|4009, com.whatsapp, 
1683|1, 1683|183, 1692|189, 1692|246, 1708|250, 1708|310, 1763|316, 1763|603, 1779|610, 1779|664, 1834|667, 1834|670, 1889|673, 1889|751, 1944|754, 1944|1123, 1953|1128, 1953|1174, 1961|1179, 1961|1183, 1952|1186, 1952|1243, 1975|1249, 1975|1423, 1645|1428, 1645|1536, 1651|1543, 1651|4007, com.isis_papyrus.raiffeisen_pay_eyewdg, 
1359|1, 1359|292, 1360|299, 1360|1332, 1359|1338, 1359|1478, 1360|1485, 1360|2328, 1359|2337, 1359|2419, 1358|2431, 1358|2479, 1360|2492, 1360|4007, tv.danmaku.bili, 
1683|1, 1683|350, 1738|355, 1793|360, 1793|562, 1628|567, 1628|734, 1644|739, 1644|823, 1645|829, 1645|843, 1647|849, 1647|931, 1652|937, 1652|992, 1651|997, 1651|1522, 1683|1536, 1683|1851, 1685|1857, 1685|1870, 1682|1876, 1682|1984, 1688|1993, 1688|2809, 1686|2817, 1686|2839, 1685|2847, 1685|2870, 1688|2878, 1688|3750, 1684|3759, 1684|4006, com.google.android.apps.photos, 
1683|1, 1683|57, 1682|61, 1682|87, 1685|91, 1685|970, 1686|974, 1686|1028, 1698|1033, 1698|1077, 1706|1082, 1706|1090, 1694|1095, 1694|1329, 1704|1333, 1704|1978, 1722|1988, 1722|2065, 1721|2073, 1721|2091, 1722|2101, 1722|3005, 1726|3015, 1726|3055, 1722|3063, 1722|3089, 1724|3099, 1724|3117, 1718|3126, 1722|3138, 1722|4002, com.google.android.gm, 
1359|1, 1359|394, 1361|402, 1361|419, 1526|428, 1526|451, 1527|457, 1527|462, 1528|470, 1528|488, 1527|492, 1527|621, 1362|630, 1362|852, 1361|859, 1361|1394, 1358|1402, 1358|1424, 1365|1428, 1365|1452, 1364|1456, 1364|1484, 1359|1488, 1359|2417, 1360|2426, 1360|2472, 1361|2486, 1357|2497, 1357|2638, 1361|2647, 1361|3467, 1360|3477, 1359|3487, 1359|4002, com.google.android.apps.photos, 
1683|1, 1683|212, 1685|217, 1685|1062, 1683|1068, 1683|1161, 1682|1166, 1682|1211, 1684|1216, 1684|2056, 1689|2072, 1689|2128, 1686|2137, 1686|2212, 1685|2220, 1685|2229, 1684|2237, 1684|2987, 1685|3011, 1685|3176, 1684|3186, 1684|4002, com.google.android.music, 
1359|1, 1359|247, 1360|251, 1360|377, 1361|382, 1361|398, 1360|402, 1360|4006, io.silvrr.silvrrwallet.hk, 
1354|1, 1360|9, 1360|61, 1359|68, 1359|468, 1359|4470, com.android.vending, 
1683|1, 1683|259, 1738|264, 1738|492, 1848|497, 1848|706, 1847|713, 1847|739, 1851|746, 1851|800, 1824|804, 1824|821, 1714|829, 1714|1357, 1737|1364, 1737|1648, 1709|1653, 1709|1740, 1713|1744, 1713|1810, 1717|1817, 1717|1826, 1716|1832, 1716|4005, com.ted.android, 
1683|1, 1683|1503, 1684|1508, 1684|1536, 1683|1541, 1683|1598, 1684|1602, 1684|1855, 1739|1861, 1739|2032, 1726|2043, 1726|2483, 1703|2492, 1703|2501, 1712|2512, 1712|2537, 1719|2552, 1719|2564, 1729|2574, 1729|2591, 1758|2600, 1758|2646, 1703|2656, 1703|2893, 1707|2907, 1707|3532, 1739|3541, 1739|3550, 1749|3573, 1785|3583, 1785|3593, 1797|3603, 1797|4009, at.DiTronic.androidgroup.randomgallery, 
1683|1, 1683|415, 1738|423, 1793|427, 1848|432, 1848|454, 1903|459, 1903|467, 1911|472, 1911|495, 1938|499, 1828|508, 1828|517, 2048|523, 2048|528, 2035|533, 2035|564, 2039|569, 2039|746, 2094|753, 2039|757, 2039|769, 2149|774, 2149|778, 2204|785, 2204|795, 2369|800, 2369|926, 2424|932, 2424|979, 2479|983, 2479|996, 2424|1001, 2424|1233, 2314|1239, 2314|1288, 2369|1292, 2369|1333, 2314|1337, 2314|1407, 2330|1412, 2330|1437, 2333|1443, 2333|1503, 2326|1510, 2326|1518, 2341|1527, 2341|1555, 2320|1562, 2320|1566, 2349|1572, 2349|1617, 2404|1623, 2404|2034, 2414|2050, 2414|2467, 2415|2478, 2415|2490, 2420|2502, 2420|2523, 2423|2535, 2423|2556, 2428|2568, 2428|2625, 2432|2637, 2432|3471, 2437|3481, 2437|3521, 2448|3530, 2448|3538, 2453|3546, 2453|3554, 2461|3563, 2461|4001, com.sometimeswefly.littlealchemy, 
1359|1, 1359|621, 1358|626, 1358|681, 1357|685, 1357|709, 1358|714, 1358|741, 1357|750, 1357|770, 1358|786, 1358|1315, 1363|1327, 1363|1631, 1359|1636, 1359|1711, 1360|1715, 1360|1943, 1365|1957, 1365|2710, 1344|2718, 1344|2742, 1377|2750, 1377|2798, 1399|2806, 1399|4007, com.lenovo.anyshare.gps, 
1696|1, 1696|537, 1806|543, 1806|1057, 1861|1062, 2026|1066, 2026|1139, 2027|1143, 2027|1167, 2021|1171, 2021|1198, 2018|1204, 2018|1228, 2039|1234, 2039|1257, 2040|1262, 2040|1288, 2046|1293, 2046|2329, 2044|2340, 2044|4006, com.android.chrome, 
1696|1, 1696|674, 1702|679, 1702|733, 1722|738, 1722|760, 1736|767, 1736|1141, 1726|1147, 1726|1344, 1396|1349, 1396|1763, 1399|1766, 1399|1784, 1386|1788, 1386|1804, 1392|1812, 1392|2022, 1398|2037, 1398|2760, 1404|2775, 1404|2823, 1398|2843, 1398|3671, 1399|3681, 1399|3702, 1400|3713, 1400|3731, 1395|3740, 1395|3787, 1398|3795, 1398|4007, com.google.android.gm, 
1359|1, 1359|417, 1469|425, 1469|517, 1471|528, 1471|547, 1480|551, 1480|607, 1478|610, 1478|996, 1497|1012, 1497|1468, 1490|1472, 1490|1608, 1494|1614, 1494|2610, 1492|2621, 1492|4007, org.telegram.messenger, 
1815|1, 1815|498, 1817|503, 1817|532, 1821|542, 1821|562, 1825|568, 1825|619, 1880|623, 2045|629, 2045|1451, 2039|1455, 2039|1562, 2032|1567, 2032|1617, 2036|1624, 2036|4005, com.android.chrome, 
1683|1, 1683|631, 1685|638, 1685|938, 1683|943, 1683|969, 1682|973, 1682|1029, 1684|1037, 1684|1456, 1683|1463, 1683|1919, 1685|1923, 1685|1950, 1686|1958, 1686|1973, 1684|1982, 1684|4001, com.facebook.orca, 
1738|1, 1683|9, 1683|493, 1683|563, 1666|569, 1666|594, 1683|597, 1683|943, 1738|946, 1738|964, 1793|971, 1793|976, 1848|979, 1848|1083, 1793|1092, 1793|1317, 1848|1322, 1903|1327, 1848|1337, 1848|1352, 1903|1363, 2068|1372, 2233|1381, 2233|1443, 2248|1447, 2248|1504, 2273|1508, 2273|1534, 2276|1543, 2276|1564, 2295|1569, 2295|1578, 2350|1582, 2350|1591, 2332|1600, 2277|1608, 2277|1773, 2295|1780, 2295|1849, 2185|1857, 2185|2459, 2245|2473, 2245|2497, 2260|2509, 2260|2523, 2275|2539, 2275|2564, 2281|2576, 2281|3503, 2301|3514, 2305|3526, 2342|3540, 2342|3563, 2375|3574, 2375|3586, 2377|3598, 2377|4500, com.sometimeswefly.littlealchemy, 
1683|1, 1683|962, 1661|967, 1661|989, 1695|993, 1695|1021, 1696|1026, 1696|1078, 1749|1083, 1749|1110, 1755|1115, 1755|1226, 1810|1231, 1810|1237, 1755|1241, 1755|1722, 1760|1731, 1760|2079, 1769|2091, 1769|2106, 1770|2114, 1770|3050, 1774|3060, 1774|3080, 1777|3090, 1777|3110, 1787|3119, 1787|4009, com.dropbox.android, 
1359|1, 1359|856, 1360|862, 1360|4004, com.instagram.android, 
1359|1, 1359|655, 1357|661, 1357|877, 1360|884, 1360|1826, 1359|1831, 1359|1846, 1356|1850, 1356|1876, 1363|1882, 1363|1894, 1360|1899, 1360|2784, 1361|2793, 1361|2814, 1358|2823, 1358|2842, 1359|2850, 1359|4007, com.google.android.music, 
1688|1, 1683|10, 1683|109, 1683|946, 1684|950, 1684|1003, 1683|1010, 1683|1064, 1684|1071, 1684|3085, 1683|3097, 1683|3973, 1684|3982, 1684|4115, tv.danmaku.bili, 
1683|1, 1683|238, 1682|244, 1682|303, 1683|307, 1683|323, 1684|327, 1684|438, 1794|443, 1794|1020, 1849|1029, 1959|1034, 1959|1126, 2014|1130, 2014|1190, 1995|1195, 1995|1202, 1991|1207, 1991|1261, 2002|1266, 2002|1293, 2030|1299, 2030|1324, 2033|1330, 2033|1348, 2034|1355, 2034|2318, 2032|2327, 2032|4001, com.android.chrome, 
1683|1, 1683|111, 1688|116, 1688|140, 1702|146, 1702|499, 1757|503, 1757|611, 1789|618, 1789|645, 1844|649, 1844|704, 1899|712, 1899|728, 1954|737, 1954|812, 2009|815, 2009|1023, 2000|1028, 2000|1128, 1983|1136, 1983|1146, 1975|1150, 1975|4001, com.isis_papyrus.raiffeisen_pay_eyewdg, 
1683|1, 1683|193, 1682|205, 1682|224, 1683|231, 1683|253, 1682|264, 1682|289, 1684|293, 1684|1161, 1680|1169, 1680|1223, 1682|1230, 1682|1266, 1684|1269, 1684|1830, 1739|1834, 1739|2095, 1743|2110, 1743|2247, 1765|2255, 1734|2264, 1734|2280, 1735|2291, 1735|2324, 1736|2332, 1736|4009, com.lenovo.anyshare.gps, 
1372|1, 1372|421, 1371|427, 1371|470, 1373|477, 1373|2421, 1372|2429, 1372|2446, 1373|2460, 1373|4001, tv.danmaku.bili, 
1695|1, 1696|8, 1696|464, 1696|1065, 1695|1071, 1695|1085, 1696|1089, 1696|4466, com.android.vending, 
1683|1, 1683|1570, 1687|1575, 1687|1705, 1686|1711, 1686|1719, 1684|1724, 1684|2652, 1685|2662, 1685|2691, 1684|2700, 1684|3727, 1682|3737, 1682|4007, com.google.android.music, 
1683|1, 1682|10, 1683|26, 1683|206, 1683|855, 1682|860, 1682|1007, 1683|1012, 1683|1885, 1684|1891, 1684|2942, 1685|2954, 1685|2977, 1684|2987, 1684|4213, com.google.android.music, 
1683|1, 1684|18, 1684|34, 1683|45, 1683|89, 1683|538, 1793|542, 1848|547, 1848|866, 1738|871, 1738|893, 1735|898, 1735|922, 1742|932, 1742|984, 1743|990, 1743|1015, 1722|1020, 1722|1041, 1720|1046, 1720|1352, 1719|1360, 1719|1935, 1716|1939, 1716|4092, com.ted.android, 
1683|1, 1683|149, 1684|155, 1684|858, 1685|864, 1685|999, 1681|1007, 1681|1057, 1682|1065, 1682|1151, 1684|1159, 1684|1995, 1682|2003, 1682|2085, 1684|2094, 1684|4006, com.facebook.orca, 
1683|1, 1683|260, 1684|264, 1684|288, 1667|293, 1667|304, 1683|312, 1683|679, 1738|684, 1738|957, 1793|961, 1793|1167, 1788|1172, 1788|1195, 1768|1201, 1768|1250, 1823|1254, 1823|1259, 1787|1264, 1787|1316, 1764|1322, 1764|2018, 1769|2037, 1769|2263, 1773|2273, 1773|2282, 1766|2295, 1766|2313, 1779|2323, 1779|4004, com.dropbox.android, 
1683|1, 1683|1066, 1684|1070, 1684|4001, io.silvrr.silvrrwallet.hk, 
1683|1, 1683|457, 1738|462, 1793|466, 1793|552, 1683|557, 1683|762, 1738|769, 1793|779, 1903|784, 1903|815, 2068|820, 2178|824, 2178|834, 2220|838, 2330|842, 2330|924, 2334|929, 2334|944, 2369|948, 2369|956, 2353|962, 2353|985, 2344|990, 2344|1055, 2289|1062, 2289|1142, 2179|1147, 2014|1152, 2014|1270, 1983|1286, 1983|1314, 1873|1317, 1873|1831, 1983|1836, 1974|1841, 1974|1910, 1999|1919, 2020|1929, 2020|1950, 2010|1967, 2010|1983, 2011|2006, 2012|2019, 2012|2882, 2030|2899, 2030|2932, 2038|2945, 2038|2955, 2042|2966, 2042|2985, 2066|2996, 2066|3940, 2070|3955, 2076|3971, 2076|3986, 2084|3996, 2084|4015, com.sometimeswefly.littlealchemy, 
1683|1, 1683|88, 1684|93, 1684|118, 1685|122, 1685|1136, 1684|1142, 1684|4007, tv.danmaku.bili, 
1683|1, 1683|191, 1353|196, 1353|410, 1463|414, 1518|420, 1518|586, 1353|592, 1353|834, 1352|842, 1352|867, 1353|874, 1353|955, 1354|960, 1354|1011, 1360|1021, 1360|1865, 1364|1869, 1364|1962, 1365|1969, 1365|2022, 1363|2030, 1363|2079, 1360|2087, 1360|2982, 1361|2997, 1361|3012, 1360|3020, 1360|4002, com.google.android.apps.photos, 
1359|1, 1359|73, 1368|77, 1368|101, 1371|106, 1371|438, 1426|446, 1426|541, 1481|545, 1536|549, 1536|631, 1591|635, 1591|840, 1621|846, 1621|992, 1636|1002, 1636|1072, 1638|1075, 1638|1099, 1619|1104, 1619|1122, 1616|1125, 1616|1172, 1651|1177, 1651|4005, com.isis_papyrus.raiffeisen_pay_eyewdg, 
1683|1, 1683|447, 1685|450, 1685|476, 1684|480, 1684|4004, com.whatsapp, 
1359|1, 1359|446, 1469|455, 1469|1014, 1470|1021, 1470|1075, 1503|1081, 1503|1194, 1473|1199, 1473|1214, 1476|1221, 1476|1764, 1494|1769, 1494|2319, 1492|2329, 1492|4007, org.telegram.messenger, 
1491|1, 1491|315, 1489|321, 1489|346, 1491|351, 1491|1227, 1492|1231, 1492|4006, com.facebook.orca, 
1815|1, 1815|493, 1808|497, 1808|580, 1816|587, 1816|602, 1818|607, 1818|1421, 1825|1424, 1825|1452, 1816|1458, 1816|1503, 1817|1508, 1817|1540, 1816|1546, 1816|2020, 1871|2030, 1871|2516, 1840|2526, 1840|2544, 1850|2553, 1850|2564, 1862|2573, 1854|2581, 1854|2981, 1909|2994, 1854|3005, 1854|3171, 1860|3189, 1860|3483, 1852|3495, 1852|3506, 1854|3516, 1854|3568, 1874|3576, 1874|3584, 1896|3592, 1896|4006, at.DiTronic.androidgroup.randomgallery, 
1815|1, 1815|517, 1816|521, 1816|4003, com.whatsapp, 
1491|1, 1491|1351, 1492|1356, 1492|2456, 1493|2468, 1493|2488, 1492|2499, 1492|4002, tv.danmaku.bili, 
1491|1, 1491|115, 1492|118, 1492|4004, com.instagram.android, 
1815|1, 1815|371, 1870|378, 1980|382, 1980|570, 1815|574, 1815|742, 1803|746, 1803|830, 1813|834, 1813|887, 1814|893, 1814|919, 1815|925, 1815|1012, 1816|1022, 1816|1772, 1814|1775, 1814|1801, 1815|1805, 1815|1851, 1817|1858, 1817|4008, com.google.android.apps.photos, 
1815|1, 1815|322, 1816|327, 1816|352, 1813|358, 1813|380, 1817|384, 1817|1291, 1816|1299, 1816|1442, 1817|1446, 1817|1520, 1816|1524, 1816|4008, com.facebook.orca, 
1479|1, 1486|9, 1486|470, 1486|867, 1485|873, 1485|915, 1490|921, 1490|956, 1492|962, 1492|1555, 1490|1562, 1490|1975, 1491|1984, 1491|2005, 1492|2011, 1492|2066, 1501|2080, 1501|3121, 1492|3133, 1492|4472, com.google.android.music, 
1492|1, 1493|47, 1493|65, 1491|75, 1491|979, 1523|987, 1523|1035, 1524|1040, 1524|1062, 1557|1067, 1557|1092, 1528|1100, 1528|1229, 1530|1236, 1530|2051, 1534|2061, 1528|2070, 1528|2220, 1530|2237, 1530|4002, com.paypal.android.p2pmobile, 
1491|1, 1491|521, 1546|532, 1546|544, 1656|556, 1766|566, 1601|576, 1601|670, 1602|682, 1602|740, 1637|750, 1637|759, 1642|770, 1642|789, 1630|798, 1630|818, 1658|826, 1658|953, 1548|964, 1548|1670, 1529|1679, 1529|1762, 1531|1771, 1531|1790, 1532|1799, 1532|1818, 1533|1827, 1533|1946, 1643|1956, 1643|2024, 1533|2033, 1533|2087, 1588|2096, 1588|2104, 2028|2113, 2028|2129, 2743|2137, 2743|2145, 2798|2153, 2798|2200, 3733|2208, 3733|2234, 3513|2243, 4228|2256, 4228|2335, 5218|2343, 7198|2352, 6758|2360, 8628|2369, 9288|2378, 9288|2418, 4558|2426, 4558|2528, 4548|2545, 4548|2739, 4535|2750, 4535|2793, 4537|2801, 4537|2810, 4562|2818, 4562|2842, 4553|2850, 4553|3654, 1528|3662, 1528|3841, 1522|3851, 1522|4012, com.scb.breezebanking.hk, 
1491|1, 1491|116, 1492|124, 1492|866, 1495|873, 1495|1114, 1498|1118, 1498|1145, 1495|1148, 1495|1177, 1492|1182, 1492|2055, 1524|2064, 1524|2081, 1525|2089, 1525|2127, 1524|2139, 1492|2152, 1492|3082, 1496|3091, 1496|3146, 1506|3157, 1507|3167, 1507|3176, 1500|3187, 1500|3334, 1530|3344, 1530|4001, com.lenovo.anyshare.gps, 
1504|1, 1504|1092, 1505|1097, 1505|1126, 1504|1131, 1504|1242, 1505|1246, 1505|1894, 1538|1903, 1538|2162, 1541|2170, 1541|2200, 1552|2209, 1553|2217, 1553|2240, 1556|2248, 1556|2390, 1611|2394, 1611|2498, 1556|2510, 1556|3163, 1586|3171, 1586|3214, 1594|3224, 1594|3233, 1607|3244, 1610|3254, 1610|4010, at.DiTronic.androidgroup.randomgallery, 
1828|1, 1828|423, 1993|428, 1993|460, 1994|469, 1994|490, 1979|500, 1979|520, 1970|524, 1970|551, 1984|560, 1984|598, 1819|606, 1819|851, 1829|858, 1829|1432, 1837|1436, 1837|1457, 1823|1466, 1823|1530, 1831|1536, 1831|1672, 1827|1679, 1827|2515, 1826|2526, 1826|2665, 1828|2673, 1828|3482, 1829|3492, 1829|4003, com.google.android.apps.photos, 
1815|1, 1815|1011, 1816|1015, 1816|1041, 1815|1046, 1815|1102, 1816|1106, 1816|1905, 1871|1909, 1871|2042, 1887|2050, 1887|2066, 1892|2079, 1892|2120, 1874|2134, 1874|2215, 1929|2234, 1929|2304, 1874|2314, 1874|2480, 1863|2498, 1863|2648, 1918|2659, 1918|3066, 1921|3076, 1921|3132, 1904|3142, 1904|3152, 1940|3166, 1944|3182, 1944|4006, at.DiTronic.androidgroup.randomgallery, 
1491|1, 1491|270, 1546|279, 1546|340, 1514|350, 1514|433, 1515|442, 1515|522, 1625|539, 1845|556, 1845|566, 1625|576, 1625|925, 1515|934, 1515|1310, 1513|1319, 1513|1374, 1502|1384, 1502|1391, 1513|1399, 1535|1409, 1535|1433, 1534|1442, 1534|1694, 1533|1709, 1533|1891, 1588|1901, 1588|1954, 1478|1963, 1478|1991, 1533|2002, 1533|2012, 1973|2042, 1973|2058, 2633|2067, 2688|2074, 2688|2125, 3678|2134, 3678|2158, 4173|2166, 4173|2200, 4228|2209, 4228|2351, 4248|2359, 4248|2374, 4266|2382, 4266|2390, 4376|2400, 6865|2411, 6590|2421, 8570|2429, 9230|2438, 9220|2448, 9220|2575, 9247|2594, 9247|3402, 9249|3410, 9249|3608, 6224|3617, 6224|4009, com.scb.breezebanking.hk, 
1491|1, 1491|330, 1656|336, 1656|513, 1491|518, 1491|569, 1492|574, 1492|601, 1493|605, 1493|669, 1495|674, 1495|707, 1496|712, 1496|800, 1486|806, 1486|1507, 1492|1515, 1492|1621, 1496|1626, 1496|1628, 1497|1632, 1497|1658, 1496|1664, 1496|1667, 1495|1676, 1495|2531, 1491|2545, 1491|2597, 1492|2604, 1492|4003, com.google.android.apps.photos, 
1815|1, 1815|482, 1870|486, 1870|556, 1925|561, 1925|594, 1980|598, 1980|659, 2014|663, 2014|674, 2069|678, 2069|707, 2055|713, 2055|750, 2061|754, 2061|946, 2081|957, 2081|1638, 2098|1643, 2098|1729, 2102|1733, 2102|2317, 2107|2327, 2107|4007, com.isis_papyrus.raiffeisen_pay_eyewdg, 
1491|1, 1491|347, 1492|350, 1492|405, 1493|410, 1493|510, 1658|516, 1658|836, 1548|846, 1548|1256, 1520|1261, 1520|1286, 1518|1292, 1518|1325, 1520|1331, 1520|1376, 1523|1381, 1523|1408, 1524|1413, 1524|4007, com.ted.android, 
1815|1, 1815|315, 1814|319, 1814|346, 1817|350, 1817|1144, 1819|1152, 1819|1224, 1811|1230, 1811|1257, 1823|1260, 1823|1295, 1831|1299, 1831|1347, 1849|1351, 1849|1545, 1859|1550, 1859|2260, 1854|2274, 1854|2284, 1855|2298, 1855|2309, 1858|2318, 1858|2336, 1855|2349, 1855|3242, 1846|3258, 1839|3271, 1839|3282, 1840|3292, 1840|3328, 1852|3338, 1854|3348, 1854|4005, com.google.android.gm, 
1815|1, 1815|292, 1816|297, 1816|392, 1815|396, 1815|422, 1816|426, 1816|4009, io.silvrr.silvrrwallet.hk, 
1491|1, 1491|1155, 1492|1160, 1492|4010, io.silvrr.silvrrwallet.hk, 
1491|1, 1491|354, 1523|365, 1523|389, 1491|402, 1491|524, 1656|536, 1711|549, 1821|562, 1766|574, 1656|586, 1656|917, 1546|926, 1546|1267, 1517|1276, 1517|1361, 1518|1369, 1518|1392, 1535|1402, 1535|1419, 1560|1427, 1560|1488, 1534|1496, 1534|1930, 1589|1941, 1589|1979, 1534|1988, 1534|2053, 1974|2062, 1974|2072, 2359|2083, 2744|2099, 2744|2145, 2799|2153, 3734|2161, 3734|2186, 4009|2194, 4229|2203, 4229|2269, 4224|2277, 4224|2295, 5984|2303, 7194|2313, 6314|2323, 7799|2334, 9220|2344, 9220|2354, 9203|2366, 9203|2393, 9239|2400, 9239|2419, 9259|2434, 9259|2542, 9270|2558, 9270|3655, 7345|3677, 6245|3689, 6245|4008, com.scb.breezebanking.hk, 
1491|1, 1491|440, 1546|445, 1546|457, 1656|465, 1656|473, 1711|476, 1711|507, 1656|513, 1601|518, 1601|611, 1821|616, 1821|778, 1794|786, 1794|816, 1849|822, 1904|829, 1904|838, 1903|842, 1903|851, 1958|858, 1958|862, 2068|867, 2095|871, 2095|897, 2106|902, 2106|927, 2161|932, 2161|1014, 2106|1018, 2106|1345, 2051|1350, 2051|1383, 2106|1388, 2106|1749, 2108|1754, 2108|1776, 2081|1783, 2081|1858, 2067|1865, 2067|1877, 2094|1882, 2094|1897, 2070|1902, 2070|1907, 2056|1913, 2056|2047, 2058|2073, 2058|2772, 2060|2784, 2060|2807, 2063|2817, 2063|2839, 2069|2850, 2069|2862, 2075|2874, 2075|2896, 2084|2908, 2084|3810, 2090|3821, 2090|3886, 2092|3897, 2097|3906, 2097|3918, 2100|3934, 2100|4007, com.sometimeswefly.littlealchemy, 
1491|1, 1491|475, 1490|481, 1490|532, 1495|536, 1495|837, 1715|842, 1715|1258, 1718|1266, 1718|1385, 1705|1389, 1705|1534, 1714|1537, 1714|3543, 1712|3554, 1712|4003, com.android.chrome, 
1683|1, 1683|284, 1738|294, 1738|530, 1903|542, 2013|554, 1848|564, 1848|893, 1738|903, 1738|1222, 1710|1230, 1710|1318, 1726|1327, 1726|1335, 1708|1344, 1726|1354, 1726|1825, 1671|1834, 1671|1878, 2111|1889, 2166|1900, 2166|1910, 2881|1922, 2936|1932, 2936|1977, 3101|1986, 3926|1995, 3926|2020, 4366|2030, 4476|2039, 4476|2148, 4806|2159, 7006|2168, 7556|2177, 8271|2185, 9426|2194, 9426|2254, 9425|2263, 9425|2282, 9459|2291, 9459|2307, 9425|2321, 9425|2339, 9421|2349, 9421|2374, 9443|2384, 9443|3519, 6418|3529, 6418|4004, com.scb.breezebanking.hk, 
1683|1, 1683|394, 1684|399, 1684|1305, 1687|1310, 1687|1336, 1685|1340, 1685|1424, 1683|1429, 1683|1462, 1684|1469, 1684|1873, 1739|1884, 1739|1967, 1748|1980, 1748|2390, 1749|2399, 1749|2424, 1752|2432, 1752|2451, 1724|2462, 1724|4007, com.lenovo.anyshare.gps, 
1696|1, 1696|4007, com.android.vending, 
1696|1, 1696|617, 1697|625, 1697|4009, io.silvrr.silvrrwallet.hk, 
1359|1, 1359|71, 1360|75, 1360|2972, 1359|2984, 1358|2995, 1358|3013, 1359|3028, 1359|3038, 1360|3047, 1360|4006, tv.danmaku.bili, 
1683|1, 1683|1042, 1684|1049, 1684|1917, 1685|1923, 1685|1944, 1684|1954, 1684|2853, 1685|2866, 1684|2879, 1684|4002, io.silvrr.silvrrwallet.hk, 
1683|1, 1683|558, 1684|562, 1684|586, 1685|590, 1685|1257, 1656|1264, 1656|1466, 1687|1470, 1687|1600, 1720|1605, 1720|1620, 1722|1623, 1722|2548, 1726|2561, 1726|2582, 1727|2594, 1727|2614, 1724|2626, 1724|2680, 1722|2692, 1722|4003, com.paypal.android.p2pmobile, 
1683|1, 1683|733, 1738|737, 1738|955, 1747|961, 1747|985, 1732|990, 1732|1015, 1715|1019, 1715|1075, 1747|1079, 1747|1108, 1756|1115, 1756|1134, 1758|1139, 1758|1317, 1813|1321, 1813|1326, 1758|1333, 1758|1832, 1770|1836, 1770|1956, 1772|1965, 1772|2055, 1773|2064, 1773|2073, 1771|2084, 1771|2102, 1774|2110, 1774|3022, 1779|3033, 1779|3042, 1784|3051, 1784|3104, 1787|3114, 1787|4011, com.dropbox.android, 
1683|1, 1683|323, 1738|334, 1738|566, 1848|581, 2013|594, 2013|616, 1903|627, 1903|948, 1876|957, 1876|984, 1766|995, 1766|1015, 1768|1024, 1768|1056, 1775|1063, 1775|1070, 1742|1078, 1742|1907, 1687|1917, 1687|1952, 1676|1963, 1731|1974, 1731|1984, 2206|2000, 2206|2011, 2721|2029, 2982|2038, 2970|2047, 2970|2070, 2971|2079, 2971|2086, 3906|2094, 3906|2117, 3851|2126, 4456|2137, 4456|2171, 2751|2179, 2751|2292, 3026|2300, 3026|2426, 4126|2434, 5996|2444, 5941|2453, 7206|2462, 7976|2472, 7976|2485, 4755|2496, 4755|2989, 4754|2999, 4754|3031, 4776|3041, 4776|3050, 4787|3058, 4787|3074, 4772|3083, 4772|3632, 1747|3643, 1747|4005, com.scb.breezebanking.hk, 
1682|1, 1682|965, 1676|971, 1676|996, 1689|1000, 1689|1026, 1710|1032, 1710|1067, 1717|1072, 1717|1086, 1725|1095, 1725|1126, 1723|1132, 1723|1942, 1721|1951, 1721|2044, 1718|2053, 1714|2064, 1714|2097, 1718|2113, 1718|2157, 1721|2167, 1721|2997, 1724|3005, 1724|3044, 1726|3053, 1720|3063, 1720|3274, 1718|3285, 1718|4003, com.google.android.gm, 
1682|1, 1682|1597, 1683|1601, 1683|4015, com.instagram.android, 
1682|1, 1682|341, 1737|344, 1737|367, 1792|371, 1792|437, 1847|441, 1847|561, 1838|565, 1838|591, 1841|597, 1841|620, 1847|624, 1847|650, 1876|655, 1876|772, 1931|778, 1931|1017, 1601|1026, 1601|1540, 1611|1543, 1611|1650, 1609|1657, 1609|1857, 1619|1864, 1619|2010, 1650|2020, 1650|4005, com.isis_papyrus.raiffeisen_pay_eyewdg, 
1358|1, 1358|909, 1359|914, 1359|4009, com.whatsapp, 
1682|1, 1682|814, 1683|822, 1683|4007, com.instagram.android, 
1682|1, 1682|383, 1792|387, 1847|391, 1847|751, 1850|757, 1850|769, 1740|773, 1740|781, 1727|790, 1727|808, 1725|814, 1725|852, 1728|857, 1728|871, 1755|877, 1755|899, 1746|907, 1746|1258, 1715|1266, 1715|4009, com.ted.android, 
1682|1, 1682|901, 1698|905, 1698|962, 1710|967, 1710|971, 1765|976, 1765|986, 1750|994, 1750|1110, 1756|1116, 1756|1360, 1811|1367, 1811|1371, 1756|1377, 1756|1841, 1762|1844, 1762|1900, 1764|1904, 1764|1943, 1773|1948, 1773|1958, 1767|1965, 1767|1988, 1776|1997, 1776|2924, 1774|2934, 1774|2961, 1778|2973, 1778|2991, 1786|3003, 1786|3925, 1787|3935, 1787|4001, com.dropbox.android, 
1682|1, 1682|932, 1678|945, 1678|993, 1681|998, 1681|1020, 1683|1026, 1683|1054, 1682|1060, 1682|1084, 1683|1093, 1683|1404, 1682|1411, 1682|1959, 1684|1969, 1684|1991, 1654|2002, 1654|2051, 1689|2060, 1689|4008, com.lenovo.anyshare.gps, 
1695|1, 1695|1162, 1696|1171, 1696|4008, io.silvrr.silvrrwallet.hk, 
1695|1, 1695|638, 1696|644, 1696|686, 1697|690, 1697|715, 1698|719, 1698|807, 1699|813, 1699|1324, 1369|1331, 1369|1567, 1362|1571, 1362|1895, 1358|1902, 1358|1986, 1359|1997, 1359|4006, com.google.android.music, 
1358|1, 1358|496, 1468|500, 1468|567, 1523|571, 1523|730, 1521|743, 1521|768, 1519|774, 1519|817, 1520|822, 1520|829, 1503|834, 1503|850, 1393|855, 1393|1096, 1394|1104, 1394|1708, 1423|1714, 1423|1828, 1391|1834, 1391|4001, com.ted.android, 
1682|1, 1682|844, 1715|850, 1715|1753, 1712|1758, 1712|1784, 1720|1791, 1720|1843, 1723|1852, 1723|1883, 1721|1887, 1721|2754, 1720|2766, 1720|4002, com.paypal.android.p2pmobile, 
1682|1, 1682|828, 1685|834, 1685|930, 1684|934, 1684|949, 1681|955, 1681|996, 1682|1002, 1682|1009, 1683|1015, 1683|1920, 1685|1924, 1685|1979, 1683|1988, 1683|2719, 1681|2734, 1681|2951, 1682|2959, 1682|2980, 1683|2989, 1683|4004, com.google.android.music, 
1682|1, 1682|718, 1661|724, 1661|819, 1682|824, 1682|4001, com.android.vending, 
1682|1, 1682|61, 1683|67, 1683|121, 1682|126, 1682|1085, 1680|1092, 1680|1108, 1678|1113, 1678|1121, 1676|1125, 1676|1168, 1679|1173, 1679|2070, 1678|2079, 1678|4005, com.facebook.orca, 
1678|1, 1678|250, 1733|257, 1733|387, 1742|393, 1742|417, 1750|422, 1750|439, 1805|444, 1805|448, 1880|453, 1825|459, 1825|469, 1770|474, 1684|484, 1684|509, 1706|513, 1706|562, 1981|569, 1981|760, 2036|771, 2036|776, 2091|780, 2091|801, 2146|805, 2256|809, 2256|843, 1981|850, 1981|879, 2036|884, 2036|976, 1981|981, 1981|1227, 1926|1232, 1926|1276, 1871|1282, 1871|1358, 1854|1364, 1854|1390, 1862|1395, 1862|1417, 1917|1426, 1917|1449, 1932|1456, 1932|1479, 1930|1484, 1930|1493, 1912|1497, 1912|1507, 1905|1516, 1905|1867, 1960|1872, 1960|1885, 2015|1890, 2015|2047, 2020|2062, 2020|2418, 2023|2429, 2023|2450, 2026|2462, 2026|2473, 2040|2483, 2040|2508, 2049|2519, 2049|2599, 2038|2610, 2038|3431, 2051|3441, 2051|3450, 2057|3462, 2057|3510, 2066|3519, 2066|4001, com.sometimeswefly.littlealchemy, 
1677|1, 1677|314, 1678|321, 1678|4005, io.silvrr.silvrrwallet.hk, 
1677|1, 1677|242, 1676|247, 1676|1092, 1691|1096, 1691|1119, 1740|1123, 1740|1152, 1745|1157, 1745|1181, 1778|1187, 1778|1243, 1782|1250, 1782|2172, 1775|2182, 1780|2195, 1780|2213, 1783|2221, 1783|2240, 1807|2250, 1807|3546, 1781|3561, 1781|4001, com.dropbox.android, 
1353|1, 1353|881, 1355|893, 1355|933, 1352|939, 1352|1011, 1355|1017, 1355|1044, 1352|1051, 1352|1193, 1354|1198, 1354|2012, 1353|2020, 1353|2047, 1354|2060, 1354|2945, 1353|2957, 1353|3014, 1354|3029, 1354|4004, com.google.android.music, 
1678|1, 1679|9, 1677|17, 1677|355, 1677|973, 1682|978, 1682|991, 1676|996, 1676|1023, 1677|1027, 1677|1322, 1678|1328, 1678|1882, 1677|1888, 1677|2003, 1678|2009, 1679|2017, 1679|2102, 1678|2106, 1678|4357, com.google.android.music, 
1677|1, 1677|536, 1676|540, 1676|594, 1685|598, 1685|635, 1689|639, 1689|650, 1699|660, 1699|686, 1710|691, 1710|1115, 1708|1123, 1708|1566, 1710|1574, 1710|1654, 1708|1658, 1708|1683, 1716|1687, 1716|2570, 1714|2579, 1714|2591, 1718|2602, 1718|2626, 1713|2635, 1713|2671, 1710|2684, 1717|2692, 1717|3627, 1718|3636, 1718|3667, 1722|3675, 1722|3683, 1715|3693, 1715|4007, com.google.android.gm, 
1677|1, 1677|432, 1732|436, 1787|441, 1787|467, 1732|471, 1732|475, 1677|480, 1677|553, 1952|561, 1952|760, 2007|764, 2062|769, 2117|774, 2117|779, 2062|784, 2062|788, 2056|792, 2056|797, 2111|802, 2111|806, 2221|810, 2221|856, 2254|863, 2254|876, 2309|880, 2309|889, 2312|893, 2312|910, 2333|916, 2333|939, 2356|944, 2356|966, 2301|971, 2301|1265, 2191|1270, 2191|1703, 2246|1707, 2246|1789, 2238|1795, 2238|1818, 2236|1824, 2236|1849, 2247|1856, 2247|1888, 2250|1893, 2250|1910, 2283|1916, 2283|1938, 2296|1946, 2296|2064, 2300|2083, 2300|2811, 2312|2826, 2312|2839, 2317|2853, 2317|2873, 2322|2884, 2322|2906, 2327|2916, 2327|2936, 2330|2946, 2330|3849, 2338|3857, 2338|3884, 2340|3894, 2340|3904, 2342|3914, 2342|3942, 2344|3952, 2344|4004, com.sometimeswefly.littlealchemy, 
1353|1, 1353|342, 1354|350, 1354|382, 1353|388, 1353|400, 1354|405, 1354|2381, 1353|2389, 1353|3293, 1354|3305, 1354|4005, tv.danmaku.bili, 
1677|1, 1677|224, 1676|235, 1676|268, 1709|277, 1709|509, 1764|520, 1874|534, 1984|546, 1819|554, 1819|881, 1709|902, 1709|1081, 1706|1088, 1706|1136, 1737|1145, 1737|1162, 1730|1172, 1730|1196, 1700|1205, 1700|1223, 1719|1235, 1719|1848, 1774|1859, 1774|1936, 1719|1945, 1719|1996, 1774|2005, 2214|2014, 2214|2026, 2929|2046, 2984|2054, 2984|2100, 3974|2110, 3958|2119, 3958|2127, 4008|2138, 4442|2148, 4442|2170, 4463|2182, 4463|2192, 4470|2203, 4470|2231, 4463|2239, 4463|2275, 4683|2283, 6498|2291, 7433|2299, 7653|2308, 9468|2316, 9468|2325, 8698|2336, 4793|2347, 4793|2498, 4800|2515, 4800|3199, 4776|3210, 4776|3446, 4749|3458, 4749|3560, 1724|3570, 1724|4001, com.scb.breezebanking.hk, 
1677|1, 1677|1148, 1675|1152, 1675|1176, 1674|1180, 1674|1210, 1677|1215, 1677|1259, 1678|1263, 1678|1267, 1677|1274, 1677|1317, 1678|1323, 1678|2145, 1683|2156, 1683|2270, 1701|2281, 1701|2299, 1722|2307, 1707|2316, 1707|2514, 1762|2526, 1762|2548, 1707|2558, 1707|3216, 1711|3228, 1712|3244, 1712|3265, 1738|3273, 1738|3299, 1759|3308, 1759|4002, at.DiTronic.androidgroup.randomgallery, 
1677|1, 1677|514, 1678|519, 1678|4003, com.instagram.android, 
1677|1, 1677|559, 1732|565, 1732|1018, 1708|1024, 1708|1129, 1710|1135, 1710|1159, 1712|1163, 1712|1171, 1713|1174, 1713|1192, 1709|1198, 1709|2038, 1819|2048, 1819|2056, 1820|2066, 1820|2187, 1850|2194, 1850|2269, 1740|2276, 1740|3199, 1710|3207, 1710|4005, com.ted.android, 
1677|1, 1677|262, 1842|266, 1842|434, 1677|438, 1677|787, 1686|792, 1686|981, 1676|993, 1676|1044, 1677|1055, 1677|1076, 1674|1081, 1674|1104, 1681|1108, 1681|1136, 1678|1142, 1678|1344, 1681|1351, 1681|2031, 1680|2040, 1680|2082, 1677|2096, 1677|2145, 1675|2155, 1677|2164, 1677|2482, 1678|2491, 1678|4001, com.google.android.apps.photos, 
1677|1, 1677|87, 1676|91, 1676|236, 1678|242, 1678|350, 1348|354, 1348|1055, 1354|1058, 1354|4004, tv.danmaku.bili, 
1353|1, 1353|352, 1352|357, 1352|385, 1353|389, 1353|415, 1356|420, 1356|443, 1366|448, 1366|1045, 1364|1052, 1364|1294, 1361|1301, 1361|1384, 1374|1389, 1374|1454, 1380|1461, 1384|1468, 1384|1672, 1392|1676, 1392|2325, 1393|2335, 1393|2380, 1395|2392, 1395|2459, 1394|2467, 1394|3364, 1391|3372, 1391|3380, 1392|3391, 1392|3416, 1387|3424, 1387|3441, 1394|3456, 1394|3593, 1397|3609, 1397|4005, com.google.android.gm, 
1677|1, 1677|483, 1678|491, 1678|504, 1679|511, 1679|1355, 1678|1360, 1678|2487, 1679|2495, 1679|3414, 1678|3423, 1678|4008, tv.danmaku.bili, 
1677|1, 1677|304, 1347|309, 1347|412, 1353|419, 1353|925, 1352|932, 1352|983, 1354|991, 1354|3922, 1353|3934, 1353|3982, 1354|3992, 1354|4003, io.silvrr.silvrrwallet.hk, 
1353|1, 1353|259, 1408|269, 1408|338, 1386|348, 1386|464, 1388|475, 1388|485, 1390|496, 1390|522, 1555|535, 1665|547, 1555|558, 1445|569, 1445|1035, 1335|1049, 1335|1336, 1326|1348, 1326|1445, 1382|1454, 1382|1461, 1395|1469, 1395|2284, 1450|2293, 1450|2335, 1505|2343, 1505|2353, 1504|2362, 1504|2392, 1449|2402, 1387|2411, 1387|2429, 1377|2438, 1377|2448, 1408|2470, 1408|2488, 1878|2496, 1878|2521, 2373|2530, 2593|2539, 2593|2547, 2648|2554, 2648|2623, 3308|2631, 3638|2642, 3638|2671, 3418|2680, 4133|2690, 4133|2827, 5288|2835, 6718|2844, 6718|2855, 7048|2866, 8148|2876, 9138|2885, 9136|2903, 9136|3407, 9157|3420, 9158|3438, 9158|3518, 9127|3529, 9127|3703, 9128|3712, 9128|3857, 9141|3866, 9141|3901, 6226|3909, 6116|3918, 6116|4003, com.scb.breezebanking.hk, 
1353|1, 1353|983, 1356|992, 1356|1011, 1354|1018, 1354|1042, 1369|1051, 1369|1077, 1376|1084, 1376|1103, 1392|1109, 1392|1134, 1399|1141, 1399|2018, 1389|2025, 1389|2042, 1385|2051, 1385|2102, 1392|2110, 1392|2135, 1393|2149, 1393|2201, 1389|2212, 1389|3075, 1396|3083, 1396|3101, 1393|3112, 1393|3132, 1395|3141, 1386|3150, 1386|3264, 1392|3273, 1392|4011, com.google.android.gm, 
1353|1, 1353|675, 1354|682, 1354|796, 1352|802, 1352|1121, 1354|1131, 1354|4004, com.whatsapp, 
1677|1, 1677|147, 1732|153, 1732|283, 1787|289, 1787|317, 1810|325, 1810|352, 1793|358, 1793|376, 1779|384, 1779|406, 1793|413, 1848|421, 1848|690, 1903|697, 1903|1223, 1900|1238, 1900|1301, 1919|1310, 1919|1361, 1938|1368, 1938|1389, 1927|1396, 1927|1411, 1951|1418, 1951|1506, 1969|1512, 1969|4014, com.isis_papyrus.raiffeisen_pay_eyewdg, 
1677|1, 1677|1662, 1678|1668, 1678|4010, com.instagram.android, 
1353|1, 1353|1314, 1408|1322, 1408|1495, 1463|1503, 1408|1510, 1408|1771, 1409|1777, 1409|1800, 1391|1806, 1391|1831, 1398|1838, 1398|1862, 1419|1870, 1419|1889, 1423|1896, 1423|1922, 1431|1929, 1431|2063, 1432|2074, 1432|2859, 1445|2868, 1445|2886, 1459|2898, 1459|2924, 1464|2933, 1464|4002, com.dropbox.android, 
1353|1, 1353|984, 1360|991, 1360|1003, 1356|1009, 1356|1037, 1376|1044, 1376|1066, 1387|1074, 1387|1094, 1396|1103, 1396|1125, 1406|1137, 1406|1635, 1395|1645, 1395|1975, 1392|1986, 1392|2074, 1390|2082, 1390|2097, 1395|2105, 1395|2145, 1392|2153, 1392|3031, 1390|3039, 1390|3091, 1394|3100, 1394|3127, 1390|3137, 1390|3158, 1392|3167, 1392|4005, com.google.android.gm, 
1677|1, 1677|800, 1679|806, 1679|856, 1678|869, 1678|919, 1676|932, 1676|941, 1677|952, 1677|1796, 1678|1805, 1678|1825, 1677|1835, 1677|1940, 1676|1948, 1678|1955, 1678|4005, com.facebook.orca, 
1347|1, 1354|10, 1354|34, 1353|43, 1353|252, 1353|818, 1463|832, 1463|898, 1518|905, 1518|943, 1514|950, 1514|957, 1569|965, 1569|1000, 1548|1009, 1548|1035, 1529|1042, 1529|1064, 1553|1069, 1553|1094, 1523|1101, 1523|1305, 1413|1313, 1413|1944, 1379|1951, 1379|1974, 1382|1980, 1382|2107, 1387|2113, 1385|2120, 1385|2185, 1386|2193, 1386|4254, com.ted.android, 
1353|1, 1353|834, 1408|844, 1408|871, 1393|887, 1393|1432, 1448|1439, 1448|1449, 1393|1456, 1393|1602, 1391|1608, 1391|1635, 1393|1641, 1393|1661, 1394|1669, 1394|1693, 1412|1701, 1412|1723, 1431|1729, 1431|1978, 1432|1993, 1432|2601, 1425|2610, 1425|2662, 1435|2672, 1435|2692, 1450|2701, 1450|2718, 1457|2727, 1457|4002, com.dropbox.android, 
1677|1, 1677|1229, 1678|1236, 1678|4009, com.instagram.android, 
1677|1, 1677|452, 1687|460, 1687|1281, 1677|1288, 1677|1434, 1678|1441, 1678|2662, 1733|2673, 1733|2799, 1709|2806, 1709|3155, 1764|3166, 1764|3195, 1709|3204, 1709|3305, 1720|3316, 1720|3343, 1746|3363, 1746|3371, 1728|3381, 1728|3401, 1752|3412, 1752|3430, 1758|3438, 1758|4007, at.DiTronic.androidgroup.randomgallery, 
1677|1, 1677|460, 1787|466, 1787|631, 1842|636, 1842|643, 1897|649, 1897|697, 1890|703, 1890|755, 1882|762, 1882|779, 1937|785, 1933|793, 1933|815, 1916|823, 1916|1445, 1919|1454, 1919|1724, 1945|1731, 1945|1826, 1950|1831, 1950|1836, 1963|1845, 1969|1853, 1969|4001, com.isis_papyrus.raiffeisen_pay_eyewdg, 
1353|1, 1353|215, 1408|224, 1408|377, 1409|387, 1409|441, 1574|454, 1684|463, 1519|475, 1519|956, 1409|967, 1409|1220, 1374|1228, 1374|1310, 1360|1318, 1360|1341, 1396|1360, 1398|1374, 1395|1383, 1395|2202, 1450|2211, 1450|2226, 1449|2234, 1449|2285, 1454|2294, 1454|2311, 1399|2321, 1399|2343, 1434|2351, 1434|2384, 1489|2394, 1520|2403, 1465|2411, 1465|2419, 1905|2427, 1960|2435, 1960|2452, 2565|2461, 2620|2469, 2620|2484, 2675|2493, 2675|2555, 3610|2564, 3601|2574, 3601|2607, 4096|2617, 4096|2760, 4866|2768, 6241|2778, 6626|2790, 6681|2800, 6981|2812, 7091|2820, 6816|2828, 8081|2836, 9126|2844, 6486|2858, 4451|2869, 4451|3284, 4452|3292, 4452|3316, 4464|3324, 4464|3382, 4445|3390, 4445|3406, 4432|3427, 4432|4007, com.scb.breezebanking.hk, 
1353|1, 1353|163, 1364|171, 1364|190, 1381|197, 1381|475, 1436|482, 1436|651, 1491|658, 1491|801, 1546|806, 1546|871, 1601|876, 1601|1051, 1617|1063, 1617|1071, 1607|1082, 1607|1174, 1584|1182, 1584|1193, 1615|1202, 1645|1212, 1645|4005, com.isis_papyrus.raiffeisen_pay_eyewdg, 
1677|1, 1677|443, 1678|453, 1678|4009, com.instagram.android, 
1677|1, 1677|269, 1679|279, 1679|301, 1676|309, 1676|370, 1731|377, 1731|559, 1841|568, 1841|1006, 1731|1013, 1731|1147, 1700|1153, 1700|1160, 1370|1166, 1370|1178, 1358|1184, 1358|1208, 1360|1215, 1360|1240, 1359|1247, 1359|1268, 1369|1274, 1369|1302, 1386|1309, 1386|4001, com.ted.android, 
1353|1, 1353|516, 1354|523, 1354|546, 1357|552, 1357|577, 1361|587, 1471|596, 1471|610, 1466|617, 1466|743, 1521|751, 1521|991, 1411|1000, 1411|1459, 1399|1466, 1399|1488, 1388|1496, 1388|1611, 1384|1623, 1384|1896, 1387|1909, 1387|2023, 1386|2036, 1386|4008, com.ted.android, 
1677|1, 1677|579, 1678|585, 1678|611, 1680|618, 1680|1491, 1681|1497, 1681|1520, 1680|1526, 1680|1581, 1679|1587, 1679|1612, 1680|1618, 1680|1641, 1679|1647, 1679|1664, 1678|1671, 1678|4005, com.facebook.orca, 
1678|1, 1678|302, 1677|310, 1677|1268, 1680|1274, 1680|1298, 1716|1308, 1716|1328, 1733|1335, 1733|1359, 1737|1366, 1737|1389, 1754|1394, 1754|1425, 1767|1431, 1767|2112, 1742|2121, 1742|2285, 1797|2293, 1797|2353, 1801|2364, 1801|2387, 1818|2400, 1818|2421, 1806|2431, 1806|3226, 1773|3245, 1773|3349, 1778|3365, 1778|3413, 1781|3429, 1781|4005, com.dropbox.android, 
1677|1, 1677|225, 1701|235, 1701|263, 1727|274, 1727|292, 1741|300, 1796|308, 1796|316, 1778|326, 1778|547, 1833|555, 1833|728, 1888|735, 1888|834, 1943|840, 1943|1200, 1955|1209, 1955|1240, 1983|1247, 1983|1280, 1965|1289, 1965|1297, 1982|1306, 1982|1320, 1969|1330, 1969|4009, com.isis_papyrus.raiffeisen_pay_eyewdg, 
1677|1, 1677|426, 1787|433, 1787|477, 1790|490, 1790|511, 1791|518, 1791|567, 1809|574, 1809|852, 1813|862, 1813|1420, 1806|1426, 1806|1571, 1810|1580, 1810|1698, 1812|1704, 1812|2539, 1810|2548, 1810|4001, org.telegram.messenger, 
1485|1, 1485|999, 1488|1006, 1488|1030, 1487|1038, 1487|1098, 1489|1108, 1489|1191, 1486|1198, 1486|2028, 1485|2037, 1485|2151, 1486|2165, 1486|4004, com.facebook.orca, 
1485|1, 1485|301, 1540|314, 1540|528, 1760|542, 1813|550, 1648|561, 1648|570, 1637|578, 1637|596, 1638|606, 1638|914, 1621|927, 1621|1049, 1511|1062, 1511|1477, 1493|1484, 1493|1542, 1524|1554, 1524|1568, 1527|1581, 1527|2284, 1637|2293, 1637|2392, 1619|2418, 1619|2428, 1564|2436, 1564|2509, 1995|2517, 1995|2548, 2610|2556, 2665|2564, 2665|2571, 2720|2578, 2720|2602, 2749|2610, 2749|2618, 2772|2626, 2772|2642, 2992|2651, 3707|2668, 3719|2677, 3719|2699, 3829|2707, 4269|2718, 4269|2748, 2784|2759, 2509|2770, 2509|2871, 3169|2880, 4104|2889, 5479|2898, 4819|2909, 6579|2918, 7514|2926, 7789|2940, 7789|3081, 7790|3099, 7790|3505, 7802|3515, 7802|3541, 7819|3551, 7819|3591, 7821|3600, 7821|4012, com.scb.breezebanking.hk, 
1485|1, 1485|960, 1486|968, 1485|981, 1486|999, 1486|1884, 1484|1896, 1484|1946, 1485|1954, 1485|1978, 1486|1990, 1486|4004, com.facebook.orca, 
1479|1, 1466|9, 1466|52, 1469|61, 1469|97, 1477|105, 1477|240, 1485|249, 1485|281, 1485|1071, 1484|1080, 1484|1087, 1485|1094, 1485|1974, 1486|1985, 1486|4283, org.telegram.messenger, 
1485|1, 1485|265, 1540|274, 1540|403, 1595|410, 1595|527, 1650|534, 1650|557, 1705|565, 1705|647, 1704|654, 1704|676, 1707|684, 1707|707, 1715|716, 1715|731, 1734|738, 1734|766, 1730|774, 1730|1643, 1733|1654, 1733|1719, 1751|1730, 1751|1771, 1747|1780, 1747|1904, 1762|1918, 1762|1944, 1777|1953, 1777|4008, com.isis_papyrus.raiffeisen_pay_eyewdg, 
1809|1, 1809|841, 1810|851, 1810|4002, org.telegram.messenger, 
1485|1, 1485|941, 1493|948, 1493|1001, 1498|1007, 1498|1023, 1500|1039, 1500|1057, 1510|1069, 1510|1088, 1535|1096, 1535|1940, 1528|1949, 1528|2011, 1518|2020, 1516|2036, 1516|2077, 1519|2085, 1519|2118, 1523|2133, 1523|2244, 1524|2252, 1524|2984, 1516|2990, 1516|3002, 1514|3013, 1514|3031, 1517|3046, 1517|3056, 1520|3066, 1520|3090, 1522|3098, 1522|4004, com.google.android.gm, 
1485|1, 1485|962, 1486|972, 1486|4004, org.telegram.messenger, 
1809|1, 1809|346, 1810|355, 1810|4005, com.instagram.android, 
1809|1, 1809|918, 1810|924, 1810|1860, 1814|1866, 1814|1937, 1844|1947, 1813|1956, 1813|1982, 1848|1992, 1848|2933, 1849|2941, 1849|2978, 1848|2986, 1848|4005, com.paypal.android.p2pmobile, 
1809|1, 1809|1065, 1810|1070, 1810|1130, 1811|1136, 1811|1159, 1810|1165, 1810|2206, 1865|2215, 1865|2364, 1810|2376, 1810|2848, 1865|2859, 1865|2916, 1920|2926, 1865|2937, 1865|3067, 1880|3075, 1880|3094, 1890|3105, 1890|3127, 1912|3139, 1911|3152, 1921|3163, 1921|3184, 1928|3195, 1928|3370, 1930|3385, 1930|4005, at.DiTronic.androidgroup.randomgallery, 
1809|1, 1809|1103, 1864|1115, 1864|1271, 1919|1280, 1919|1524, 1920|1531, 1920|1581, 1902|1588, 1886|1596, 1886|1610, 1859|1618, 1859|1644, 1887|1652, 1887|2211, 1942|2225, 1942|2264, 1887|2273, 1887|2520, 1866|2531, 1866|2549, 1850|2558, 1850|2582, 1854|2593, 1854|2611, 1875|2620, 1875|2637, 1910|2648, 1910|3547, 1917|3555, 1917|3605, 1920|3616, 1920|3641, 1913|3652, 1913|4009, com.dropbox.android, 
1485|1, 1485|580, 1595|592, 1815|605, 1815|627, 1650|640, 1650|702, 1615|712, 1615|746, 1617|756, 1616|770, 1616|794, 1649|804, 1649|817, 1652|828, 1652|1317, 1542|1329, 1542|1698, 1524|1709, 1524|1759, 1527|1771, 1527|2702, 1526|2710, 1526|2798, 1527|2808, 1527|2818, 1529|2829, 1529|2937, 1584|2947, 1584|3004, 1639|3012, 1639|3082, 1529|3091, 1529|3184, 1584|3194, 1584|3219, 2024|3230, 2024|3263, 2464|3275, 2464|3285, 2739|3294, 2739|3437, 3124|3446, 3729|3454, 3729|3503, 4224|3513, 4224|3704, 4931|3715, 6031|3724, 7076|3733, 7215|3742, 6995|3752, 8150|3761, 9255|3770, 9255|3780, 9270|3804, 9270|3821, 9262|3829, 9262|4001, com.scb.breezebanking.hk, 
1485|1, 1485|324, 1486|332, 1486|4005, org.telegram.messenger, 
1485|1, 1485|1369, 1486|1379, 1486|1430, 1519|1440, 1519|1458, 1520|1467, 1520|1492, 1524|1500, 1524|2463, 1522|2474, 1522|2483, 1524|2499, 1524|4007, com.paypal.android.p2pmobile, 
1485|1, 1485|1159, 1486|1168, 1486|1218, 1518|1226, 1518|1981, 1573|1994, 1573|2164, 1574|2174, 1574|2191, 1576|2201, 1576|2228, 1558|2240, 1558|2249, 1530|2257, 1530|2708, 1526|2716, 1526|3174, 1524|3183, 1524|3226, 1525|3235, 1525|3245, 1524|3260, 1524|4009, com.paypal.android.p2pmobile, 
1485|1, 1485|2120, 1486|2129, 1486|2958, 1431|2966, 1431|3038, 1447|3048, 1502|3061, 1502|3070, 1503|3080, 1503|3091, 1538|3104, 1538|3116, 1522|3131, 1522|3148, 1531|3166, 1531|3370, 1476|3380, 1476|4006, at.DiTronic.androidgroup.randomgallery, 
1485|1, 1485|899, 1486|907, 1486|4006, org.telegram.messenger, 
1809|1, 1809|1559, 1810|1568, 1810|2191, 1865|2202, 1865|2467, 1867|2484, 1867|2495, 1852|2510, 1847|2521, 1848|2533, 1848|3201, 1958|3221, 1903|3234, 1903|3459, 1891|3468, 1901|3476, 1901|3492, 1909|3502, 1909|3549, 1897|3558, 1904|3567, 1904|4004, at.DiTronic.androidgroup.randomgallery, 
1809|1, 1809|695, 1810|722, 1810|1646, 1844|1655, 1844|1678, 1846|1687, 1846|1707, 1814|1716, 1814|1739, 1848|1746, 1848|2694, 1846|2718, 1846|2730, 1848|2745, 1848|4007, com.paypal.android.p2pmobile, 
1485|1, 1485|1119, 1517|1132, 1517|1157, 1518|1164, 1518|2133, 1521|2142, 1521|2151, 1553|2160, 1553|2204, 1550|2217, 1524|2228, 1524|3115, 1523|3127, 1523|3209, 1524|3219, 1524|4006, com.paypal.android.p2pmobile, 
