52|1, 52|576, 53|602, 53|677, 54|704, 54|793, 57|964, 57|1008, 59|1243, 60|1278, 59|1299, 59|1327, 61|1360, 61|1397, 60|1426, 60|1655, 59|1683, 59|1928, 62|1995, 62|2142, 60|2213, 60|2267, 61|2317, 61|2714, 62|2747, 62|2790, 64|2823, 64|3116, 65|3142, 65|4005, http://www.linkedin.com, 
4|1, 4|2321, 5|2371, 5|2398, 7|2733, 7|2978, 9|3066, 10|4119, http://www.linkedin.com, 
3|1, 3|2486, 4|2565, 6|2720, 6|3108, 8|3232, 8|3638, 12|3734, 17|3774, 17|4069, http://www.yahoo.com, 
3|1, 3|1988, 4|2012, 4|2063, 6|2091, 6|2748, 8|2800, 8|3567, 11|3617, 10|3670, 10|3916, 11|3994, 11|4023, http://www.live.com, 
2|1, 2|2626, 5|2752, 5|3458, 7|3507, 7|3685, 8|3772, 7|3795, 7|4018, http://www.360.cn, 
3|1, 3|236, 2|264, 2|2450, 3|2551, 3|2616, 7|3052, 7|3205, 16|3461, 16|4076, http://www.facebook.com, 
2|1, 2|2490, 3|2585, 5|2756, 5|3356, 8|3511, 8|3643, 9|3692, 9|3753, 10|3779, 10|3912, 11|3935, 11|4004, http://www.qq.com, 
2|1, 2|2494, 3|2541, 5|2774, 5|3308, 6|3376, 6|3825, 7|3912, 7|4002, http://www.qq.com, 
2|1, 2|2425, 3|2480, 3|2537, 5|2831, 5|3049, 7|3243, 7|3574, 13|3650, 16|3694, 16|4148, http://www.yahoo.com, 
3|1, 3|1978, 4|2013, 4|2065, 6|2175, 6|2642, 8|2739, 8|2934, 10|2971, 10|3156, 12|3183, 12|3619, 13|3802, 14|3948, 14|4015, http://www.vk.com, 
3|1, 3|2624, 4|2650, 4|3013, 6|3196, 6|3351, 8|3496, 9|4056, http://www.instagram.com, 
3|1, 3|2403, 4|2441, 3|2535, 6|2647, 6|3489, 7|3517, 7|3853, 8|3880, 9|4012, http://www.jd.com, 
3|1, 3|2444, 4|2502, 4|2532, 6|2828, 6|2981, 8|3155, 8|3297, 10|3326, 10|4008, http://www.taobao.com, 
3|1, 3|2490, 4|2614, 4|2644, 6|2754, 6|3472, 8|3504, 8|3705, 9|3744, 9|4004, http://www.baidu.com, 
4|1, 4|2477, 5|2504, 5|2619, 7|2659, 7|3131, 9|3278, 9|3872, 8|3893, 8|4021, http://www.netflix.com, 
3|1, 3|2505, 4|2529, 4|2565, 6|2723, 6|3068, 8|3192, 8|4005, http://www.tmall.com, 
2|1, 2|2326, 3|2411, 3|2446, 5|2624, 5|3301, 7|3337, 7|3515, 8|3568, 8|4006, http://www.baidu.com, 
2|1, 2|2462, 3|2508, 3|2535, 2|2573, 5|2627, 5|3227, 7|3277, 6|3303, 6|3397, 8|3431, 7|3457, 7|3529, 9|3572, 8|3599, 8|3722, 11|3801, 12|4220, http://www.imgur.com, 
2|1, 2|2436, 3|2485, 3|2525, 5|2761, 5|3172, 8|3567, 8|3698, 9|3740, 9|4010, http://www.sina.com.cn, 
2|1, 2|2368, 3|2479, 5|2682, 5|3363, 7|3396, 10|4061, http://www.live.com, 
2|1, 2|2446, 3|2524, 5|2831, 5|3699, 6|3767, 7|3810, 7|3935, 8|3977, 9|4014, http://www.sina.com.cn, 
2|1, 2|2437, 3|2498, 3|2582, 5|2808, 5|3168, 7|3193, 7|3651, 10|3762, 10|3970, 11|3999, 11|4072, http://www.amazon.com, 
3|1, 3|2388, 4|2466, 4|2593, 6|2772, 6|3109, 8|3246, 7|3304, 8|4115, http://www.reddit.com, 
3|1, 3|2570, 6|2879, 6|3302, 10|3733, 12|3795, 12|3872, 13|3928, 13|4021, http://www.360.cn, 
4|1, 3|80, 3|1179, 2|1205, 2|2690, 3|2743, 5|2778, 5|3746, 7|3769, 7|3793, 8|3814, 8|3957, 10|3983, 10|4013, http://www.taobao.com, 
3|1, 3|2463, 4|2513, 4|2627, 6|2912, 6|3115, 8|3197, 8|3806, 9|3879, 9|4024, http://www.instagram.com, 
3|1, 3|2442, 4|2520, 6|2831, 6|3458, 8|3480, 8|3681, 9|3722, 9|4006, http://www.baidu.com, 
3|1, 3|2437, 4|2493, 4|2523, 6|2581, 6|3545, 8|3579, 8|3765, 9|3791, 9|4021, http://www.sohu.com, 
2|1, 2|2472, 3|2552, 3|2790, 5|2885, 5|3114, 7|3238, 7|3783, 8|3866, 8|4079, http://www.instagram.com, 
3|1, 3|2579, 6|2945, 6|3334, 8|3460, 8|3580, 10|3647, 10|3802, 12|3864, 12|4030, http://www.vk.com, 
3|1, 3|2523, 4|2622, 4|2653, 6|2879, 6|3299, 8|3475, 8|3797, 13|3884, 17|3918, 19|4586, http://www.yahoo.com, 
3|1, 3|2582, 4|2733, 6|2869, 6|3619, 8|3649, 8|3810, 10|3845, 10|4045, http://www.vk.com, 
3|1, 3|2488, 4|2664, 6|2736, 6|3298, 8|3359, 8|4342, http://www.reddit.com, 
2|1, 2|2598, 3|2671, 5|2831, 5|3278, 7|3472, 10|4306, http://www.amazon.com, 
3|1, 3|2485, 4|2628, 4|2713, 6|2871, 6|3281, 7|3571, 8|3733, 8|3872, 9|3995, 8|4115, http://www.sina.com.cn, 
3|1, 3|482, 2|503, 2|2573, 5|2940, 5|3404, 7|3541, 7|3593, 8|3648, 18|4040, http://www.360.cn, 
2|1, 2|2124, 3|2173, 3|2243, 5|2369, 5|2851, 7|2979, 7|3109, 9|3137, 9|3278, 11|3336, 11|3639, 12|3689, 13|4180, http://www.vk.com, 
2|1, 2|2584, 3|2690, 5|2913, 5|3422, 7|3488, 17|4409, http://www.yahoo.com, 
2|1, 2|2065, 5|2430, 5|2931, 7|3067, 7|4003, http://www.tmall.com, 
2|1, 2|2639, 3|2667, 3|2731, 5|3173, 5|3626, 6|3776, 10|4010, http://www.qq.com, 
2|1, 2|2612, 3|2745, 2|2774, 5|2814, 5|3751, 6|3882, 7|4097, http://www.jd.com, 
2|1, 2|2556, 5|2885, 5|3273, 7|3455, 7|4009, http://www.amazon.com, 
1|1, 1|2569, 2|2610, 2|2661, 1|2712, 4|2848, 4|3303, 6|3342, 6|3831, 7|3943, 7|4025, http://www.linkedin.com, 
2|1, 2|2639, 3|2696, 3|2749, 2|2847, 5|3055, 5|3647, 7|3676, 7|3792, 8|3855, 8|4017, http://www.sohu.com, 
2|1, 2|2596, 3|2663, 5|2865, 5|3343, 7|3397, 7|4007, http://www.linkedin.com, 
2|1, 2|2625, 3|2775, 3|2813, 5|3254, 5|3491, 7|3644, 7|3827, 8|3910, 8|4065, http://www.instagram.com, 
2|1, 2|2575, 5|2837, 5|3369, 6|3558, 7|3600, 7|3684, 9|3717, 8|3801, 8|4141, http://www.imgur.com, 
2|1, 2|2583, 3|2713, 5|3178, 5|3471, 7|3499, 7|3651, 9|3687, 9|4003, http://www.taobao.com, 
2|1, 2|2558, 3|2596, 3|2677, 5|2914, 5|3661, 6|3705, 7|4110, http://www.qq.com, 
2|1, 2|2803, 5|3056, 5|4003, http://www.sina.com.cn, 
2|1, 2|2635, 3|2681, 3|2741, 5|2802, 5|3589, 7|3620, 7|4015, http://www.live.com, 
2|1, 2|2609, 3|2701, 5|3035, 5|3572, 7|3600, 7|4012, http://www.live.com, 
2|1, 2|2566, 3|2632, 3|2701, 5|3015, 5|3631, 7|3659, 7|3853, 8|3873, 8|4022, http://www.baidu.com, 
2|1, 2|2613, 3|2669, 3|2749, 5|2803, 5|3413, 6|3503, 7|3562, 7|3635, 9|3799, 9|3926, 10|3957, 10|4013, http://www.qq.com, 
2|1, 2|2567, 3|2694, 5|3055, 5|3354, 7|3426, 7|3948, 9|3995, 9|4017, http://www.netflix.com, 
2|1, 2|2648, 3|2681, 6|2898, 6|3367, 8|3598, 9|3672, 9|4158, http://www.360.cn, 
3|1, 3|2442, 4|2617, 4|2668, 6|2873, 6|3343, 8|3414, 8|4008, http://www.tmall.com, 
3|1, 3|2577, 4|2698, 4|2751, 6|2972, 6|3416, 8|3469, 8|4023, http://www.amazon.com, 
3|1, 3|2543, 4|2590, 4|2617, 6|3003, 6|3174, 8|3256, 8|4026, http://www.amazon.com, 
3|1, 3|2022, 4|2159, 4|2198, 6|2599, 6|2804, 8|2877, 8|3446, 9|3582, 10|4045, http://www.instagram.com, 
3|1, 3|2651, 4|2706, 4|2752, 6|3131, 6|3285, 8|3413, 8|3889, 9|3973, 9|4031, http://www.linkedin.com, 
3|1, 3|2425, 4|2647, 6|2991, 6|3122, 8|3294, 8|4221, http://www.linkedin.com, 
2|1, 2|2608, 3|2708, 5|2998, 5|3406, 7|3518, 7|3693, 9|3719, 9|3885, 11|3936, 11|4008, http://www.vk.com, 
2|1, 2|2568, 3|2669, 5|2823, 5|3314, 9|3601, 11|3937, 11|4150, http://www.360.cn, 
2|1, 2|2080, 3|2183, 5|2504, 5|2950, 7|2976, 7|3667, 6|3817, 6|4072, http://www.live.com, 
2|1, 2|2583, 3|2684, 3|2793, 5|3028, 5|3699, 7|3727, 7|3852, 8|3874, 8|4003, http://www.sohu.com, 
2|1, 2|2672, 3|2722, 3|2755, 7|2847, 7|3457, 16|3600, 16|4127, http://www.facebook.com, 
3|1, 3|2160, 4|2204, 4|2267, 6|2485, 6|2790, 8|3085, 8|3672, 9|3717, 9|4032, http://www.wikipedia.org, 
3|1, 3|2548, 4|2584, 4|2708, 6|3024, 6|3852, 7|3948, 7|4001, http://www.jd.com, 
3|1, 3|2635, 4|2662, 6|3077, 6|3243, 8|3463, 8|3594, 10|3639, 10|3828, 12|3865, 12|4005, http://www.vk.com, 
3|1, 3|2549, 4|2666, 6|2806, 6|3322, 8|3455, 8|3538, 9|3844, 9|4095, http://www.sohu.com, 
3|1, 3|2542, 8|2977, 8|3325, 17|3505, 18|4376, http://www.facebook.com, 
3|1, 3|2610, 4|2664, 4|2691, 6|2885, 6|3358, 8|3485, 8|3818, 17|3935, 17|4018, http://www.yahoo.com, 
3|1, 3|2094, 4|2166, 4|2202, 3|2286, 6|2586, 6|2886, 7|2929, 7|2986, 8|3061, 8|3150, 9|3235, 9|4023, http://www.imgur.com, 
1|1, 1|2519, 2|2573, 2|2678, 4|2920, 4|3595, 6|3618, 6|3825, 7|3855, 7|4001, http://www.baidu.com, 
4|1, 4|2592, 5|2674, 5|2756, 7|2813, 7|3461, 10|3804, 12|4039, http://www.qq.com, 
2|1, 2|2594, 3|2671, 3|2701, 5|2823, 5|3497, 7|3521, 7|3547, 9|3663, 9|4037, http://www.taobao.com, 
2|1, 2|2529, 3|2663, 5|2925, 5|3278, 6|3725, 6|3853, 7|3944, 7|4001, http://www.sina.com.cn, 
1|1, 1|2618, 2|2688, 4|2917, 4|3224, 6|3379, 6|3781, 12|3835, 15|3877, 16|4307, http://www.yahoo.com, 
2|1, 2|2662, 3|2702, 3|2780, 5|3195, 5|3355, 7|3443, 8|4039, http://www.amazon.com, 
2|1, 2|2037, 3|2084, 3|2133, 5|2209, 5|2723, 7|2991, 7|4001, http://www.reddit.com, 
2|1, 2|2551, 3|2681, 5|2778, 5|3485, 7|3581, 7|4021, http://www.tmall.com, 
2|1, 2|2022, 3|2184, 3|2213, 5|2501, 5|3004, 7|3077, 8|3108, 8|3166, 10|3201, 10|4022, http://www.taobao.com, 
2|1, 2|2510, 3|2664, 3|2701, 5|3152, 5|3351, 7|3533, 7|3833, 16|3985, 17|4737, http://www.yahoo.com, 
1|1, 1|2576, 2|2618, 2|2666, 3|2808, 3|2938, 7|3042, 7|3378, 16|3524, 16|4061, http://www.facebook.com, 
2|1, 2|2594, 3|2651, 3|2737, 5|2909, 5|3341, 7|3411, 7|4201, http://www.wikipedia.org, 
2|1, 2|2626, 3|2680, 2|2768, 5|3055, 5|3416, 7|3451, 7|3490, 25|3527, 25|4020, http://www.google.com, 
2|1, 2|2687, 3|2717, 3|2780, 2|2805, 2|2846, 5|3146, 5|3336, 25|3683, 25|4023, http://www.google.com, 
2|1, 2|2534, 3|2576, 3|2667, 5|2857, 5|3401, 7|3497, 7|4018, http://www.tmall.com, 
2|1, 2|2616, 5|3142, 5|3368, 7|3456, 7|4002, http://www.tmall.com, 
2|1, 2|2469, 3|2617, 3|2677, 2|2717, 2|2747, 5|2820, 5|3329, 7|3408, 7|3570, 9|3614, 9|3762, 11|3841, 11|4052, http://www.vk.com, 
2|1, 2|2673, 3|2742, 8|3197, 8|3308, 17|3416, 17|4138, http://www.facebook.com, 
1|1, 1|2575, 2|2656, 2|2762, 4|3043, 4|3274, 5|3362, 5|3532, 7|3591, 6|3633, 6|3760, 7|3801, 7|3873, 9|3899, 9|3922, 8|3946, 8|4023, http://www.imgur.com, 
2|1, 2|2646, 3|2719, 3|2987, 5|3116, 5|3273, 6|3306, 6|3352, 8|3512, 8|3737, 9|3852, 9|4045, http://www.instagram.com, 
2|1, 2|2665, 5|2919, 5|3324, 6|3359, 6|4035, http://www.jd.com, 
2|1, 2|2502, 3|2632, 3|2663, 5|3025, 6|3152, 6|3316, 8|3362, 8|3573, 9|3606, 9|4076, http://www.sohu.com, 
2|1, 2|2589, 3|2643, 5|2995, 5|3154, 6|3263, 8|3340, 8|3626, 9|3769, 9|4098, http://www.instagram.com, 
2|1, 2|2567, 3|2604, 3|2636, 5|2950, 5|3066, 6|3131, 6|3317, 7|3616, 7|3677, 8|3749, 9|3822, 9|4041, http://www.jd.com, 
1|1, 1|2646, 2|2679, 2|2779, 4|2988, 4|3258, 5|3345, 6|3564, 7|3624, 7|3676, 9|3714, 8|3738, 8|4099, http://www.imgur.com, 
2|1, 2|2623, 3|2659, 3|2774, 5|3118, 5|3291, 6|3337, 8|3594, 8|3651, 9|3845, 9|4384, http://www.sohu.com, 
2|1, 2|2558, 3|2639, 3|2771, 5|3070, 5|3197, 6|3233, 6|3346, 8|3411, 9|4219, http://www.instagram.com, 
2|1, 2|2558, 5|2773, 5|3184, 6|3247, 6|3373, 8|3418, 9|4290, http://www.wikipedia.org, 
3|1, 3|2574, 4|2648, 6|2862, 6|3126, 7|3181, 9|3378, 9|4170, http://www.wikipedia.org, 
3|1, 3|2188, 4|2219, 4|2335, 6|2373, 6|2690, 7|2769, 9|2962, 9|3480, 10|3552, 11|4011, http://www.amazon.com, 
3|1, 3|2613, 6|3019, 6|3121, 7|3163, 7|3361, 9|3433, 9|3848, 18|3985, 18|4099, http://www.yahoo.com, 
2|1, 2|2529, 3|2654, 3|2715, 5|2848, 5|3219, 6|3250, 6|3566, 7|3644, 7|3827, 8|3871, 8|4033, http://www.sina.com.cn, 
2|1, 2|2528, 3|2656, 2|2736, 5|2983, 5|3181, 6|3219, 6|3324, 8|3383, 8|3589, 9|3618, 9|4021, http://www.sohu.com, 
3|1, 3|2703, 4|2755, 4|2851, 5|2935, 6|3019, 6|3451, 7|3527, 9|3682, 9|3784, 11|3820, 11|4060, http://www.taobao.com, 
2|1, 2|2584, 3|2615, 3|2665, 2|2716, 5|2747, 5|3162, 6|3280, 6|3369, 8|3520, 8|3551, 10|3577, 10|4040, http://www.taobao.com, 
2|1, 2|2632, 3|2810, 5|2929, 5|3173, 6|3200, 6|3370, 8|3492, 8|4012, http://www.netflix.com, 
2|1, 2|2504, 3|2574, 3|2625, 5|2714, 5|3189, 6|3217, 6|3253, 8|3440, 8|4030, http://www.reddit.com, 
1|1, 1|2614, 2|2669, 2|2700, 4|3043, 4|3264, 5|3550, 5|3905, 6|3935, 8|3972, 9|3998, 9|4034, http://www.qq.com, 
2|1, 2|2528, 5|2885, 6|3199, 6|3335, 8|3401, 8|3596, 9|3637, 9|4043, http://www.sohu.com, 
2|1, 2|2577, 3|2643, 3|2733, 5|3003, 5|3191, 6|3241, 6|3304, 7|3630, 9|3941, 9|4028, http://www.sina.com.cn, 
1|1, 1|2594, 2|2653, 2|2682, 4|3035, 4|3178, 5|3202, 5|3370, 8|3766, 9|4025, http://www.360.cn, 
2|1, 2|2670, 3|2759, 5|2958, 5|3400, 6|3431, 8|3737, 9|3881, 10|4253, http://www.360.cn, 
2|1, 2|2654, 3|2683, 3|3070, 6|3153, 6|4039, http://www.jd.com, 
2|1, 2|2630, 3|2764, 3|2796, 5|3029, 5|3373, 6|3401, 6|3448, 8|3611, 8|4037, http://www.netflix.com, 
2|1, 2|2567, 3|2688, 3|2748, 5|3171, 5|3234, 6|3259, 6|3515, 8|3547, 8|4016, http://www.live.com, 
2|1, 2|2560, 3|2658, 5|2914, 5|3217, 6|3243, 8|3390, 8|4053, http://www.wikipedia.org, 
2|1, 2|2586, 3|2655, 7|2909, 7|3253, 8|3356, 8|3415, 17|3542, 17|4038, http://www.facebook.com, 
1|1, 1|2608, 2|2688, 2|2747, 4|2777, 4|3349, 5|3397, 7|3423, 7|3448, 16|3516, 25|3547, 25|4009, http://www.google.com, 
2|1, 2|2634, 3|2686, 3|2835, 5|3015, 5|3258, 6|3328, 6|3693, 8|3718, 8|3926, 9|3950, 9|4019, http://www.baidu.com, 
2|1, 2|2559, 3|2683, 5|3025, 5|3088, 6|3182, 6|3774, 7|3845, 7|3887, 6|3933, 7|3961, 7|4051, http://www.baidu.com, 
4|1, 4|2440, 5|2588, 5|2638, 7|2739, 7|3080, 8|3115, 8|3315, 10|3350, 11|4130, http://www.wikipedia.org, 
1|1, 1|2589, 2|2648, 2|2706, 4|2759, 4|3126, 5|3169, 5|3474, 7|3692, 7|3787, 8|3813, 8|3864, 9|3900, 9|4026, http://www.qq.com, 
1|1, 1|2630, 2|2708, 4|3108, 4|3184, 5|3212, 5|3298, 7|3337, 25|3429, 25|4066, http://www.google.com, 
1|1, 1|2709, 2|2740, 4|3040, 4|3288, 5|3322, 5|3370, 7|3469, 7|3526, 9|3552, 9|4015, http://www.taobao.com, 
1|1, 1|2675, 2|2706, 4|2879, 4|3124, 5|3227, 5|3425, 7|3455, 7|4059, http://www.reddit.com, 
1|1, 1|2598, 2|2643, 4|2936, 4|3089, 5|3133, 5|3291, 7|3440, 7|4137, http://www.linkedin.com, 
1|1, 1|2627, 2|2662, 4|2783, 4|3213, 5|3243, 5|3470, 6|3768, 6|3812, 7|3838, 7|4009, http://www.sina.com.cn, 
1|1, 1|2653, 2|2718, 4|2895, 4|3231, 5|3253, 5|3467, 7|3525, 7|4008, http://www.live.com, 
1|1, 1|2549, 2|2643, 2|2685, 1|2715, 4|2898, 5|3131, 5|3275, 7|3356, 7|3542, 9|3568, 9|3732, 11|3766, 11|4010, http://www.vk.com, 
1|1, 1|2635, 2|2665, 4|2900, 4|3200, 5|3221, 5|3550, 7|3579, 7|4017, http://www.live.com, 
1|1, 1|2572, 2|2635, 2|2728, 4|2861, 4|3133, 5|3161, 5|3265, 7|3478, 7|4066, http://www.linkedin.com, 
1|1, 1|2678, 4|2894, 4|3256, 5|3338, 7|3413, 7|4318, http://www.reddit.com, 
1|1, 1|2539, 2|2595, 2|2648, 4|2744, 4|3167, 5|3188, 5|3281, 7|3724, 9|3988, 9|4019, http://www.360.cn, 
1|1, 1|2537, 2|2639, 2|2676, 4|2949, 4|3175, 5|3220, 7|4147, http://www.baidu.com, 
3|1, 3|2614, 4|2639, 4|2721, 3|2769, 6|2935, 6|3269, 7|3302, 7|3359, 9|3410, 9|4038, http://www.wikipedia.org, 
1|1, 1|2625, 2|2700, 2|2732, 4|3118, 4|3230, 5|3252, 5|4025, http://www.jd.com, 
1|1, 1|2470, 2|2597, 4|2795, 4|3111, 5|3138, 5|3191, 7|3318, 25|3375, 25|4027, http://www.google.com, 
1|1, 1|2526, 2|2592, 2|2695, 1|2742, 4|2860, 4|3159, 5|3197, 5|3490, 7|3522, 7|4016, http://www.netflix.com, 
1|1, 1|2608, 4|2827, 4|3215, 5|3240, 5|3404, 7|3508, 7|4021, http://www.netflix.com, 
1|1, 1|2654, 2|2686, 2|2712, 1|2816, 4|3000, 4|3289, 5|3322, 5|3408, 7|3440, 7|3537, 8|3565, 8|3645, 9|3671, 9|4071, http://www.wikipedia.org, 
1|1, 1|2638, 2|2678, 2|2729, 4|2838, 4|3220, 5|3248, 5|3600, 6|3810, 6|3836, 7|3862, 7|4067, http://www.jd.com, 
1|1, 1|2643, 2|2675, 2|2738, 4|3022, 4|3227, 5|3253, 5|3549, 7|3581, 7|4016, http://www.netflix.com, 
1|1, 1|2631, 2|2658, 2|2777, 4|3006, 4|3265, 5|3304, 5|3478, 7|3525, 7|3719, 8|3754, 8|4005, http://www.netflix.com, 
1|1, 1|2627, 2|2671, 2|2701, 4|3087, 4|3193, 5|3215, 5|3273, 7|3463, 7|4199, http://www.reddit.com, 
1|1, 1|2586, 2|2701, 2|2731, 4|2800, 4|3206, 5|3233, 5|3285, 7|3379, 7|3767, 8|3926, 8|4141, http://www.amazon.com, 
1|1, 1|2683, 2|2714, 4|3104, 5|3177, 5|3333, 7|3433, 7|4006, http://www.tmall.com, 
1|1, 1|2601, 2|2635, 2|2707, 4|2770, 4|3201, 5|3246, 5|3281, 7|3395, 7|3466, 17|3504, 25|3531, 25|4033, http://www.google.com, 
1|1, 1|2548, 2|2652, 2|2685, 4|2728, 4|3149, 5|3175, 5|3335, 7|3447, 7|4020, http://www.tmall.com, 
1|1, 1|2534, 2|2600, 2|2635, 4|2799, 4|2902, 5|3164, 5|3249, 6|3318, 25|3427, 25|4016, http://www.google.com, 
1|1, 1|2622, 2|2702, 4|2830, 4|3252, 5|3279, 5|3385, 25|3576, 25|4018, http://www.google.com, 
1|1, 1|2574, 2|2621, 2|2666, 6|2858, 6|3212, 7|3242, 7|3340, 16|3569, 16|4044, http://www.facebook.com, 
1|1, 1|2685, 2|2725, 2|2813, 6|3012, 6|3285, 7|3347, 7|3472, 16|3580, 16|4213, http://www.facebook.com, 
1|1, 1|2632, 2|2704, 4|2789, 4|3279, 5|3309, 5|3471, 7|3515, 7|4101, http://www.reddit.com, 
1|1, 1|2627, 2|2672, 2|2750, 4|2822, 4|3242, 5|3299, 5|3368, 6|3461, 6|3519, 7|3546, 7|3617, 9|3642, 8|3670, 9|4279, http://www.imgur.com, 
1|1, 1|2542, 2|2641, 2|2674, 4|2927, 4|3156, 5|3180, 5|3267, 7|3362, 7|3393, 6|3427, 6|3478, 8|3502, 7|3563, 7|3591, 9|3615, 8|3643, 8|4284, http://www.imgur.com, 
1|1, 1|2788, 4|3027, 4|3285, 5|3314, 5|3451, 6|3486, 6|3610, 7|3638, 7|3742, 9|3780, 8|3808, 8|4183, http://www.imgur.com, 
