3148|1, 3148|278, 3155|310, 3155|403, 3156|431, 3156|504, 3157|533, 3158|558, 3160|584, 3162|623, 3174|806, 3179|837, 3204|1073, 3204|1106, 3205|1128, 3210|1161, 3219|1195, 3224|1232, 3227|1253, 3231|1271, 3242|1291, 3247|1312, 3250|1336, 3256|1364, 3264|1386, 3265|1417, 3266|1439, 3266|1460, 3272|1483, 3280|1512, 3282|1554, 3283|1577, 3283|1624, 3286|1647, 3294|1677, 3320|1756, 3321|1824, 3321|1846, 3325|1868, 3345|1911, 3347|1937, 3369|1975, 3380|2042, 3380|2095, 3381|2159, 3386|2189, 3387|2218, 3396|2247, 3408|2284, 3416|2314, 3420|2346, 3420|2387, 3422|2433, 3422|2520, 3423|2543, 3451|2586, 3460|2618, 3467|2651, 3477|2690, 3478|2720, 3494|2750, 3501|2794, 3511|2820, 3511|2842, 3512|2865, 3512|2944, 3513|2970, 3514|2995, 3516|3021, 3516|3045, 3522|3068, 3522|3092, 3523|3111, 3527|3136, 3534|3161, 3534|3181, 3538|3201, 3541|3228, 3541|3266, 3545|3289, 3549|3317, 3549|3356, 3552|3375, 3552|4002, http://www.linkedin.com, 
3667|1, 3667|620, 3668|648, 3668|759, 3672|784, 3672|2286, 3673|2310, 3674|2363, 3675|2401, 3694|2728, 3699|2802, 3699|2826, 3700|2862, 3700|3019, 3702|3059, 3702|3089, 3710|3119, 3710|3142, 3716|3179, 3719|3210, 3719|3536, 3726|3564, 3726|4078, http://www.linkedin.com, 
3880|1, 3880|1679, 3881|1707, 3881|2477, 3887|2672, 3907|2906, 3907|2953, 3908|3008, 3908|3197, 3910|3224, 3910|3269, 3912|3314, 3926|3339, 3926|3400, 3927|3423, 3933|3450, 3935|3475, 3935|3501, 3936|3562, 3936|3605, 3940|3631, 3953|3736, 3969|3765, 3971|3789, 3992|3811, 4065|3998, 4107|4060, http://www.yahoo.com, 
4698|1, 4698|81, 4700|121, 4700|1154, 4701|1179, 4701|2025, 4703|2053, 4708|2089, 4728|2497, 4730|2579, 4730|2613, 4732|2762, 4733|2790, 4733|2935, 4735|2983, 4735|3074, 4739|3097, 4743|3137, 4743|3165, 4745|3190, 4748|3215, 4748|3349, 4749|3373, 4750|3398, 4750|3501, 4755|3571, 4759|3635, 4777|3698, 4794|3727, 4811|3755, 4849|3839, 4850|4013, http://www.live.com, 
4903|1, 4903|1848, 4904|1874, 4904|2462, 4909|2616, 4915|2755, 4927|3008, 4927|3032, 4928|3066, 4928|3447, 4931|3497, 4931|3762, 4932|3785, 4934|3806, 4934|3920, 4935|3943, 4935|4010, http://www.360.cn, 
5057|1, 5057|225, 5058|253, 5058|1141, 5059|1166, 5059|2581, 5060|2614, 5114|3041, 5114|3228, 5147|3450, 5184|3529, 5187|3559, 5187|4065, http://www.facebook.com, 
5245|1, 5245|1665, 5246|1696, 5246|2444, 5248|2522, 5253|2574, 5258|2751, 5264|2912, 5273|3005, 5274|3050, 5274|3110, 5311|3306, 5311|3342, 5312|3503, 5312|3713, 5316|3742, 5322|3767, 5322|3798, 5334|3873, 5334|3898, 5336|3923, 5336|3966, 5341|3992, 5341|4014, http://www.qq.com, 
5727|1, 5727|1634, 5728|1670, 5728|2521, 5743|2765, 5753|3008, 5753|3560, 5754|3852, 5754|3917, 5755|3949, 5761|3985, 5763|4024, http://www.qq.com, 
5994|1, 5994|1627, 5995|1647, 5995|2495, 5996|2522, 6016|2820, 6021|2861, 6021|2889, 6022|2941, 6022|3082, 6026|3236, 6026|3265, 6040|3288, 6043|3345, 6046|3366, 6049|3390, 6049|3425, 6050|3448, 6050|3537, 6056|3559, 6066|3645, 6069|3679, 6183|3928, 6262|4225, http://www.yahoo.com, 
6389|1, 6389|573, 6390|594, 6390|1221, 6391|1245, 6391|2031, 6392|2137, 6397|2169, 6410|2402, 6415|2475, 6416|2511, 6416|2632, 6419|2732, 6419|2784, 6421|2805, 6421|2846, 6423|2867, 6424|2903, 6424|2925, 6425|2964, 6425|3012, 6427|3038, 6427|3086, 6428|3109, 6429|3148, 6429|3213, 6431|3248, 6431|3295, 6441|3316, 6441|3363, 6443|3385, 6445|3406, 6448|3428, 6451|3456, 6466|3563, 6490|3652, 6603|3888, 6649|3942, 6701|3974, 6701|4008, http://www.vk.com, 
6789|1, 6789|1267, 6790|1319, 6790|1398, 6793|1428, 6795|1455, 6795|1481, 6796|1505, 6796|1528, 6797|1550, 6797|1635, 6798|1664, 6799|1686, 6799|1732, 6800|1762, 6800|1806, 6804|1840, 6804|1891, 6805|1916, 6805|1959, 6806|1989, 6806|2274, 6807|2312, 6807|2698, 6808|2724, 6822|3011, 6834|3195, 6834|3227, 6836|3298, 6847|3459, 6851|3488, 6851|3510, 6854|3540, 6857|3570, 6857|3942, 6862|3974, 6964|4096, http://www.instagram.com, 
7347|1, 7347|2016, 7348|2038, 7348|2437, 7354|2537, 7361|2668, 7364|2829, 7368|2865, 7373|2893, 7373|2924, 7374|2946, 7374|3006, 7396|3095, 7396|3527, 7397|3551, 7403|3592, 7405|3635, 7408|3659, 7414|3686, 7414|3710, 7416|3736, 7416|3772, 7421|3793, 7421|3822, 7422|3846, 7425|3872, 7426|3901, 7426|4003, http://www.jd.com, 
7896|1, 7896|1659, 7897|1692, 7897|2408, 7898|2435, 7900|2494, 7901|2528, 7918|2824, 7924|2872, 7925|2941, 7925|3024, 7928|3148, 7928|3175, 7930|3236, 7930|3264, 7933|3289, 7933|3453, 7935|3482, 7935|3516, 7937|3539, 7937|3668, 7938|3691, 7938|3733, 7941|3754, 7941|3829, 7943|3850, 7946|3870, 7946|3944, 7947|3978, 7947|4021, http://www.taobao.com, 
8205|1, 8205|674, 8206|701, 8206|1678, 8207|1712, 8207|2505, 8208|2600, 8212|2653, 8213|2745, 8232|3020, 8233|3102, 8233|3420, 8235|3464, 8236|3488, 8236|3607, 8237|3631, 8237|3727, 8239|3750, 8239|4008, http://www.baidu.com, 
8599|1, 8599|1684, 8600|1708, 8600|2496, 8601|2532, 8602|2611, 8605|2661, 8614|2816, 8621|2995, 8621|3047, 8622|3135, 8623|3279, 8625|3306, 8625|3331, 8631|3356, 8634|3381, 8634|3414, 8636|3446, 8636|3563, 8637|3585, 8641|4015, http://www.netflix.com, 
8912|1, 8912|110, 8914|129, 8914|1037, 8917|1059, 8918|1085, 8918|1734, 8921|1777, 8921|2552, 8929|2718, 8941|2969, 8941|2997, 8942|3026, 8942|3055, 8944|3179, 8944|3247, 8946|3268, 8946|3313, 8948|3359, 8948|3385, 8949|3424, 8949|4012, http://www.tmall.com, 
9158|1, 9158|1156, 9159|1176, 9159|1285, 9160|1307, 9160|1890, 9161|1919, 9161|1969, 9163|1996, 9163|2020, 9164|2046, 9164|2265, 9165|2339, 9165|2401, 9166|2440, 9175|2645, 9177|2777, 9185|2841, 9188|2904, 9189|2925, 9189|3239, 9191|3263, 9191|3455, 9192|3481, 9192|3505, 9194|3558, 9194|3860, 9204|3879, 9206|4015, http://www.baidu.com, 
9461|1, 9461|1638, 9462|1668, 9462|2499, 9463|2523, 9468|2577, 9468|2625, 9471|2653, 9477|2806, 9487|2896, 9487|2922, 9488|2943, 9488|3167, 9491|3220, 9492|3266, 9493|3292, 9495|3322, 9496|3352, 9499|3385, 9500|3421, 9501|3446, 9503|3468, 9504|3490, 9506|3518, 9507|3561, 9509|3587, 9516|3656, 9530|3717, 9564|3790, 9619|3819, 9650|3845, 9733|3946, 9770|4313, http://www.imgur.com, 
9884|1, 9884|1677, 9885|1709, 9885|2425, 9890|2474, 9890|2514, 9902|2763, 9909|2921, 9914|2966, 9914|2995, 9915|3016, 9915|3042, 9946|3115, 10003|3161, 10083|3557, 10083|3603, 10098|3687, 10098|3730, 10099|3761, 10104|3784, 10104|3810, 10106|3840, 10110|3862, 10114|3888, 10114|3912, 10116|3933, 10121|4078, http://www.sina.com.cn, 
11460|1, 11460|667, 11461|691, 11461|839, 11462|859, 11462|1639, 11463|1661, 11463|2356, 11464|2467, 11477|2683, 11483|2822, 11489|2865, 11489|2946, 11490|2975, 11490|3105, 11492|3175, 11492|3272, 11493|3297, 11494|3346, 11495|3380, 11495|3458, 11497|3493, 11497|3601, 11507|3625, 11507|3763, 11508|3784, 11509|3813, 11515|4008, http://www.live.com, 
11670|1, 11670|1703, 11671|1723, 11671|2438, 11672|2606, 11686|2829, 11692|2944, 11692|3081, 11693|3235, 11693|3456, 11695|3493, 11695|3800, 11698|3847, 11698|3925, 11699|3970, 11699|4004, http://www.sina.com.cn, 
11912|1, 11912|1734, 11913|1771, 11913|2428, 11914|2494, 11915|2536, 11919|2572, 11933|2846, 11938|2899, 11940|2934, 11940|3103, 11942|3127, 11942|3205, 11944|3249, 11954|3292, 11955|3323, 11956|3343, 11956|3407, 11957|3427, 11957|3618, 11964|3640, 11975|3751, 11980|3782, 11985|3806, 12006|3919, 12037|3960, 12038|3998, 12038|4064, http://www.amazon.com, 
12807|1, 12807|1091, 12808|1123, 12808|1629, 12809|1661, 12809|2378, 12810|2457, 12811|2487, 12812|2512, 12815|2550, 12815|2587, 12824|2764, 12835|2887, 12836|2961, 12836|3098, 12842|3268, 12848|3309, 12850|3355, 12853|3379, 12853|3422, 12854|3446, 12854|3569, 12869|3668, 12871|3704, 12979|3777, 13351|4107, http://www.reddit.com, 
13398|1, 13398|2584, 13414|2876, 13418|2941, 13425|3123, 13425|3387, 13429|3723, 13430|3797, 13432|3863, 13432|3956, 13436|3980, 13436|4009, http://www.360.cn, 
14204|1, 14206|65, 14206|1789, 14207|1812, 14207|2549, 14209|2695, 14210|2732, 14211|2769, 14215|2799, 14218|2830, 14223|2896, 14225|2948, 14234|3032, 14235|3180, 14235|3426, 14237|3444, 14237|3730, 14238|3755, 14238|3799, 14240|3845, 14240|3869, 14241|3893, 14243|3917, 14243|4017, http://www.taobao.com, 
14294|1, 14294|2504, 14295|2552, 14307|2752, 14319|2905, 14320|2991, 14320|3222, 14322|3247, 14330|3288, 14332|3316, 14334|3357, 14334|3378, 14338|3402, 14338|3772, 14343|3803, 14344|3879, 14345|3910, 14349|3941, 14352|4015, http://www.instagram.com, 
14482|1, 14482|2436, 14484|2518, 14498|2831, 14499|2859, 14503|2934, 14508|3000, 14509|3025, 14509|3402, 14511|3423, 14511|3448, 14512|3470, 14512|3558, 14513|3599, 14513|3723, 14515|3750, 14515|4019, http://www.baidu.com, 
14751|1, 14751|1655, 14752|1687, 14752|2491, 14753|2521, 14757|2577, 14763|2698, 14774|2842, 14777|2884, 14777|3459, 14779|3494, 14780|3547, 14780|3830, 14781|3862, 14782|3888, 14782|4016, http://www.sohu.com, 
16071|1, 16071|2465, 16074|2549, 16080|2687, 16087|2784, 16098|2927, 16098|2961, 16099|3000, 16099|3108, 16101|3253, 16109|3293, 16113|3334, 16115|3361, 16119|3388, 16119|3754, 16124|3776, 16125|3864, 16129|3893, 16132|4073, http://www.instagram.com, 
16260|1, 16260|2573, 16279|2971, 16285|3072, 16285|3333, 16287|3453, 16287|3477, 16289|3499, 16289|3551, 16292|3572, 16292|3665, 16294|3693, 16294|3743, 16296|3794, 16296|3861, 16298|3899, 16298|3923, 16303|3944, 16308|3983, 16310|4022, http://www.vk.com, 
16407|1, 16407|942, 16408|965, 16408|1761, 16409|1786, 16409|2580, 16411|2616, 16412|2645, 16424|2876, 16427|2961, 16436|3076, 16437|3158, 16437|3292, 16441|3467, 16456|3523, 16456|3563, 16462|3604, 16465|3635, 16466|3663, 16466|3760, 16472|3792, 16484|3877, 16532|4100, http://www.yahoo.com, 
16765|1, 16765|1795, 16766|1825, 16766|2567, 16767|2721, 16774|2857, 16782|2951, 16786|3086, 16793|3200, 16793|3402, 16795|3505, 16795|3694, 16797|3718, 16797|3766, 16799|3798, 16799|3856, 16801|3923, 16803|4032, http://www.vk.com, 
16910|1, 16910|1767, 16911|1791, 16911|2650, 16912|2732, 16920|2839, 16927|3004, 16932|3079, 16933|3147, 16933|3296, 16945|3452, 16948|3491, 16948|3522, 16949|3559, 16964|4142, http://www.reddit.com, 
17003|1, 17003|1814, 17004|1845, 17004|2575, 17005|2648, 17011|2808, 17017|2860, 17029|3053, 17029|3107, 17030|3145, 17030|3263, 17042|3506, 17044|3532, 17044|3555, 17045|3577, 17045|3732, 17055|3757, 17062|3787, 17108|4288, http://www.amazon.com, 
17289|1, 17289|1738, 17290|1767, 17290|2472, 17291|2621, 17296|2659, 17296|2699, 17306|2883, 17311|2966, 17316|3020, 17317|3087, 17317|3267, 17415|3670, 17415|3836, 17419|3889, 17421|3987, 17430|4104, http://www.sina.com.cn, 
17730|1, 17730|1958, 17731|1986, 17731|2009, 17732|2033, 17733|2065, 17733|2564, 17748|2929, 17761|3128, 17761|3559, 17762|3582, 17772|4033, http://www.360.cn, 
18267|1, 18267|679, 18268|705, 18268|2202, 18269|2229, 18280|2383, 18291|2595, 18292|2693, 18292|2837, 18294|2975, 18296|3000, 18296|3023, 18297|3054, 18298|3095, 18298|3144, 18300|3193, 18300|3240, 18302|3264, 18303|3323, 18303|3380, 18305|3418, 18305|3444, 18311|3467, 18315|3513, 18315|3538, 18319|3562, 18321|3588, 18324|3631, 18325|3681, 18326|3776, 18328|3830, 18336|3888, 18342|4166, http://www.vk.com, 
18417|1, 18417|1739, 18418|1764, 18418|2680, 18428|2929, 18438|3097, 18438|3159, 18439|3192, 18439|3351, 18441|3410, 18441|3486, 18443|3518, 18458|3608, 18458|3660, 18466|3688, 18467|3715, 18467|3763, 18468|3786, 18470|3827, 18478|3887, 18675|4399, http://www.yahoo.com, 
18792|1, 18792|1192, 18794|1222, 18794|1273, 18795|1302, 18795|2063, 18805|2422, 18806|2484, 18808|2516, 18815|2549, 18815|2671, 18816|2710, 18816|2840, 18818|2920, 18818|3056, 18823|3171, 18823|4019, http://www.tmall.com, 
18917|1, 18917|1766, 18918|1792, 18918|2668, 18938|3036, 18944|3154, 18944|3194, 18974|3244, 18981|3312, 18981|3605, 18982|3757, 18982|3788, 18984|3991, 18990|4054, http://www.qq.com, 
19074|1, 19074|1785, 19075|1809, 19075|2682, 19076|2735, 19080|2765, 19080|2817, 19090|3011, 19100|3219, 19100|3294, 19122|3496, 19122|3706, 19124|3817, 19164|3872, 19167|3943, 19169|4095, http://www.jd.com, 
19352|1, 19352|1754, 19353|1780, 19353|2516, 19364|2827, 19369|2872, 19373|3096, 19375|3122, 19380|3191, 19380|3219, 19381|3259, 19381|3476, 19383|3511, 19383|3580, 19384|3604, 19395|3647, 19395|3716, 19397|3767, 19397|3833, 19398|3864, 19398|3929, 19409|3957, 19420|4196, http://www.amazon.com, 
19671|1, 19671|1784, 19672|1828, 19672|2600, 19673|2669, 19678|2699, 19685|2853, 19687|3001, 19687|3101, 19691|3146, 19696|3175, 19696|3205, 19697|3294, 19697|3350, 19699|3377, 19699|3401, 19701|3423, 19707|3449, 19707|3473, 19710|3495, 19715|3520, 19716|3551, 19716|3795, 19724|3820, 19725|3929, 19730|3958, 19731|3985, 19736|4010, http://www.linkedin.com, 
19895|1, 19895|1809, 19896|1845, 19896|2683, 19901|2786, 19902|2845, 19909|3046, 19913|3082, 19919|3168, 19921|3222, 19921|3547, 19922|3634, 19924|4006, http://www.sohu.com, 
20221|1, 20221|2651, 20233|2853, 20233|2886, 20244|3051, 20244|3093, 20245|3132, 20245|3384, 20247|3461, 20256|3511, 20262|3551, 20265|3576, 20265|3872, 20272|3898, 20272|4002, http://www.linkedin.com, 
20427|1, 20427|2637, 20428|2766, 20430|2802, 20454|3243, 20454|3480, 20470|3633, 20473|3664, 20474|3694, 20474|3781, 20477|3837, 20484|3933, 20487|4149, http://www.instagram.com, 
20617|1, 20617|1828, 20618|1855, 20618|2587, 20631|2895, 20643|3101, 20643|3325, 20646|3357, 20652|3547, 20654|3588, 20656|3638, 20659|3676, 20660|3705, 20668|3788, 20675|3863, 20683|4129, http://www.imgur.com, 
20763|1, 20763|1871, 20764|1891, 20764|2572, 20778|2891, 20794|3166, 20795|3212, 20795|3262, 20797|3316, 20797|3457, 20798|3488, 20798|3534, 20800|3558, 20800|3607, 20802|3639, 20802|3722, 20804|3762, 20806|3842, 20809|4012, http://www.taobao.com, 
20885|1, 20885|134, 20886|157, 20886|183, 20887|204, 20892|235, 20892|274, 20893|301, 20897|333, 20897|649, 20898|673, 20903|713, 20904|742, 20904|784, 20905|807, 20906|834, 20906|1021, 20907|1046, 20907|1073, 20912|1125, 20913|1179, 20913|1213, 20914|1236, 20915|1261, 20915|1714, 20916|1737, 20916|2510, 20917|2545, 20917|2581, 20918|2620, 20919|2715, 20926|2904, 20930|2978, 20933|3061, 20937|3108, 20942|3193, 20943|3225, 20943|3317, 20980|3614, 20980|3645, 20981|3730, 20986|4122, http://www.qq.com, 
21059|1, 21059|2176, 21060|2198, 21060|2694, 21066|2808, 21075|3092, 21084|3142, 21084|3178, 21085|3210, 21085|3290, 21086|3344, 21086|4010, http://www.sina.com.cn, 
21355|1, 21355|1760, 21356|1795, 21356|2581, 21357|2614, 21357|2691, 21358|2726, 21362|2784, 21380|3101, 21380|3156, 21381|3184, 21381|3369, 21385|3541, 21385|3569, 21386|3604, 21386|3685, 21387|3726, 21388|3759, 21388|3821, 21396|3878, 21396|3966, 21398|3999, 21398|4025, http://www.live.com, 
21459|1, 21459|2609, 21461|2692, 21481|3034, 21486|3115, 21487|3149, 21487|3308, 21488|3364, 21489|3410, 21489|3487, 21491|3517, 21491|3676, 21493|3722, 21493|3791, 21498|3829, 21501|3868, 21501|3891, 21502|3939, 21503|3976, 21503|4020, http://www.live.com, 
21555|1, 21555|1756, 21556|1789, 21556|2573, 21558|2622, 21559|2656, 21560|2693, 21576|3005, 21584|3088, 21585|3155, 21585|3576, 21587|3620, 21588|3648, 21588|3693, 21589|3750, 21589|3862, 21591|3932, 21591|4010, http://www.baidu.com, 
21870|1, 21870|1727, 21871|1757, 21871|2485, 21872|2603, 21873|2658, 21874|2697, 21878|2738, 21879|2796, 21888|2926, 21898|3115, 21899|3210, 21899|3694, 21900|3805, 21901|4012, http://www.qq.com, 
22006|1, 22006|1743, 22007|1769, 22007|2563, 22012|2992, 22021|3048, 22030|3115, 22030|3139, 22031|3184, 22032|3287, 22033|3382, 22033|3434, 22035|3468, 22044|3535, 22044|3562, 22046|3609, 22046|3724, 22047|3749, 22047|3890, 22049|3934, 22049|4002, http://www.netflix.com, 
22357|1, 22357|2677, 22370|2892, 22377|2958, 22377|2992, 22382|3068, 22391|3162, 22391|3679, 22393|3754, 22395|3809, 22399|4152, http://www.360.cn, 
22495|1, 22495|1884, 22496|1908, 22496|2635, 22497|2662, 22508|2868, 22515|3023, 22521|3124, 22521|3178, 22523|3366, 22523|3435, 22525|3471, 22525|3518, 22528|3549, 22528|4002, http://www.tmall.com, 
22612|1, 22612|1812, 22613|1835, 22613|2411, 22614|2435, 22614|2530, 22618|2592, 22618|2691, 22619|2743, 22631|2972, 22642|3136, 22642|3176, 22643|3222, 22643|3589, 22645|3639, 22645|3694, 22654|3725, 22657|3752, 22657|3848, 22659|3887, 22659|3952, 22660|3989, 22660|4013, http://www.amazon.com, 
23004|1, 23004|2498, 23006|2530, 23006|2578, 23007|2604, 23031|3011, 23031|3047, 23032|3161, 23032|3412, 23034|3448, 23034|3540, 23046|3576, 23046|3668, 23048|3706, 23048|3776, 23049|3809, 23049|3878, 23070|3982, 23075|4017, http://www.amazon.com, 
23255|1, 23255|2184, 23281|2588, 23281|2631, 23282|2680, 23282|2791, 23284|2880, 23297|2959, 23302|3015, 23302|3433, 23313|3570, 23316|3882, 23316|4047, http://www.instagram.com, 
23506|1, 23506|2697, 23507|2742, 23531|3174, 23532|3231, 23532|3404, 23542|3521, 23548|3552, 23551|3588, 23552|3621, 23552|3843, 23559|3889, 23564|4021, http://www.linkedin.com, 
23744|1, 23744|1347, 23746|1369, 23746|2419, 23748|2636, 23771|3049, 23772|3114, 23772|3281, 23774|3311, 23774|3347, 23782|3372, 23785|3421, 23791|3465, 23791|3495, 23792|3521, 23792|3818, 23799|3916, 23799|4210, http://www.linkedin.com, 
23960|1, 23960|2698, 23976|3014, 23985|3186, 23986|3256, 23986|3394, 23989|3510, 23989|3559, 23991|3593, 23991|3626, 23992|3653, 23993|3682, 23994|3709, 23994|3782, 23996|3807, 23996|3842, 23998|3874, 23999|3931, 23999|3975, 24001|3998, 24001|4033, http://www.vk.com, 
24041|1, 24041|2654, 24047|2809, 24051|2846, 24056|3049, 24064|3158, 24064|3299, 24065|3607, 24076|4020, http://www.360.cn, 
24170|1, 24170|373, 24172|397, 24172|1274, 24173|1305, 24173|2091, 24181|2229, 24191|2495, 24200|2594, 24201|2631, 24201|2722, 24203|2754, 24203|2853, 24205|2889, 24205|3067, 24207|3095, 24207|3184, 24216|3213, 24216|3333, 24218|3357, 24218|3482, 24219|3505, 24220|3540, 24220|3613, 24221|3653, 24226|3804, 24226|4066, http://www.live.com, 
24273|1, 24273|2675, 24281|2787, 24288|3020, 24299|3155, 24300|3199, 24300|3689, 24302|3718, 24303|4016, http://www.sohu.com, 
24429|1, 24429|2711, 24430|2749, 24437|2852, 24447|2939, 24453|3019, 24453|3443, 24496|3589, 24501|3614, 24506|3669, 24551|3791, 24551|3814, 24555|3873, 24560|4122, http://www.facebook.com, 
24664|1, 24664|1309, 24665|1340, 24665|2226, 24666|2264, 24681|2479, 24690|2634, 24690|2682, 24691|2710, 24691|2789, 24724|3078, 24726|3132, 24755|3232, 24758|3370, 24758|3752, 24759|3785, 24761|3814, 24767|3863, 24767|3889, 24771|3914, 24777|3959, 24783|4038, http://www.wikipedia.org, 
24832|1, 24832|2079, 24833|2106, 24833|2625, 24838|2713, 24853|3046, 24859|3166, 24859|3289, 24881|3321, 24881|3959, 24882|3988, 24882|4014, http://www.jd.com, 
24979|1, 24979|2627, 24986|2776, 25004|3071, 25005|3127, 25005|3234, 25007|3464, 25007|3509, 25009|3535, 25009|3560, 25011|3584, 25012|3641, 25012|3695, 25014|3717, 25015|3773, 25016|3824, 25016|3898, 25018|3922, 25018|3963, 25028|3996, 25028|4021, http://www.vk.com, 
25127|1, 25127|2539, 25130|2656, 25135|2797, 25140|2868, 25142|2933, 25143|2988, 25148|3080, 25153|3152, 25154|3194, 25154|3540, 25156|3836, 25165|4132, http://www.sohu.com, 
25330|1, 25330|2533, 25371|2971, 25373|3155, 25377|3214, 25383|3328, 25411|3497, 25416|3566, 25464|3697, 25465|4369, http://www.facebook.com, 
25505|1, 25505|1769, 25506|1800, 25506|2656, 25507|2687, 25515|2891, 25518|2920, 25531|3124, 25532|3182, 25532|3318, 25534|3358, 25536|3476, 25536|3504, 25541|3527, 25551|3585, 25554|3612, 25557|3637, 25560|3681, 25561|3732, 25561|3784, 25563|3813, 25583|3926, 25608|4034, http://www.yahoo.com, 
25905|1, 25905|1217, 25906|1243, 25906|1781, 25910|1816, 25910|2169, 25916|2261, 25929|2558, 25934|2595, 25934|2655, 25935|2687, 25935|2737, 25938|2792, 25938|2854, 25940|2900, 25942|2931, 25942|2954, 25947|3033, 25948|3059, 25950|3087, 25953|3119, 25956|3204, 25959|3229, 25964|3303, 25974|3332, 25977|3368, 26157|4037, http://www.imgur.com, 
26258|1, 26258|1791, 26259|1816, 26259|2568, 26260|2612, 26264|2652, 26273|2897, 26275|2994, 26278|3038, 26283|3069, 26283|3128, 26284|3158, 26284|3510, 26286|3534, 26286|3569, 26287|3592, 26287|3662, 26288|3684, 26288|3850, 26290|3875, 26290|4002, http://www.baidu.com, 
26602|1, 26602|1753, 26603|1787, 26603|2584, 26604|2689, 26608|2745, 26611|2804, 26618|3051, 26618|3139, 26622|3220, 26666|3455, 26668|3798, 26670|4041, http://www.qq.com, 
26834|1, 26834|1881, 26835|1902, 26835|2552, 26838|2614, 26841|2661, 26842|2690, 26846|2815, 26859|3041, 26865|3125, 26865|3152, 26866|3173, 26866|3328, 26868|3367, 26868|3485, 26869|3513, 26869|3535, 26873|3662, 26873|3692, 26875|3718, 26875|3744, 26877|3776, 26877|4026, http://www.taobao.com, 
26977|1, 26977|123, 26979|152, 26979|1734, 26980|1773, 26980|2526, 26981|2651, 26996|2912, 27004|3081, 27005|3145, 27005|3298, 27102|3736, 27103|4071, http://www.sina.com.cn, 
27318|1, 27318|1796, 27319|1819, 27319|2674, 27335|2951, 27336|3026, 27340|3068, 27345|3101, 27346|3155, 27346|3210, 27348|3367, 27348|3393, 27350|3416, 27350|3447, 27365|3500, 27365|3526, 27371|3551, 27371|3587, 27374|3614, 27374|3733, 27378|3767, 27383|3834, 27389|3878, 27443|4011, http://www.yahoo.com, 
27672|1, 27672|1778, 27673|1805, 27673|2602, 27675|2646, 27675|2723, 27685|2870, 27698|3180, 27699|3229, 27699|3373, 27711|3454, 27713|3519, 27713|3583, 27714|3629, 27714|3730, 27724|3782, 27739|3940, 27743|4027, http://www.amazon.com, 
27943|1, 27943|1210, 27944|1235, 27944|2088, 27945|2136, 27951|2190, 27954|2315, 27961|2471, 27970|2594, 27971|2655, 27971|2824, 27984|2982, 27984|3045, 27985|3068, 27985|4009, http://www.reddit.com, 
28063|1, 28063|1899, 28064|1920, 28064|2540, 28071|2694, 28074|2771, 28075|2797, 28086|2910, 28092|3010, 28094|3122, 28094|3481, 28096|3589, 28098|3621, 28098|3669, 28101|3692, 28101|4011, http://www.tmall.com, 
28186|1, 28186|1215, 28187|1239, 28187|2141, 28188|2176, 28203|2511, 28212|2557, 28213|2653, 28213|2734, 28215|2811, 28215|2960, 28216|3034, 28216|3064, 28218|3091, 28222|3124, 28222|3210, 28226|3260, 28226|3615, 28232|3639, 28234|3697, 28236|3720, 28239|3750, 28239|3817, 28240|3837, 28240|4020, http://www.taobao.com, 
28336|1, 28336|2683, 28361|3135, 28362|3180, 28362|3333, 28381|3548, 28381|3582, 28387|3608, 28390|3646, 28390|3672, 28391|3713, 28391|3772, 28408|3909, 28424|3980, 28599|4720, http://www.yahoo.com, 
28661|1, 28661|1824, 28662|1850, 28662|2037, 28663|2073, 28663|2601, 28664|2628, 28666|2787, 28667|2914, 28678|3005, 28683|3043, 28700|3196, 28700|3224, 28709|3265, 28709|3308, 28710|3338, 28725|3485, 28738|3579, 28766|3613, 28772|3659, 28778|3688, 28780|3716, 28784|3757, 28791|3912, 28791|4038, http://www.facebook.com, 
28838|1, 28838|2642, 28846|2849, 28853|2995, 28860|3076, 28863|3157, 28863|3444, 28865|3467, 28876|3560, 28878|3588, 28882|3613, 28883|3708, 28883|4081, http://www.wikipedia.org, 
28941|1, 28941|2671, 28951|2861, 28968|3065, 28977|3170, 28978|3212, 28978|3409, 28979|3441, 28986|3484, 28986|3518, 29009|3546, 29013|3583, 29046|3611, 29087|3642, 29108|3724, 29120|3802, 29128|3834, 29128|3859, 29134|3905, 29137|4011, http://www.google.com, 
29221|1, 29221|1115, 29223|1140, 29223|2608, 29224|2643, 29225|2678, 29225|2710, 29230|2770, 29231|2797, 29246|2981, 29252|3199, 29260|3269, 29261|3326, 29378|3705, 29414|3911, 29414|4014, http://www.google.com, 
29503|1, 29503|1872, 29504|1898, 29504|2610, 29505|2634, 29507|2659, 29519|2866, 29520|2936, 29529|3054, 29530|3140, 29530|3356, 29532|3452, 29532|3490, 29534|3515, 29537|3553, 29537|4011, http://www.tmall.com, 
29615|1, 29615|2610, 29641|3187, 29642|3263, 29642|3299, 29644|3356, 29644|3444, 29646|3494, 29649|3525, 29649|4012, http://www.tmall.com, 
29722|1, 29724|43, 29724|2442, 29725|2594, 29729|2651, 29730|2691, 29730|2719, 29731|2824, 29739|2929, 29747|3094, 29748|3204, 29748|3301, 29750|3386, 29750|3420, 29752|3445, 29752|3487, 29754|3510, 29755|3547, 29755|3611, 29756|3644, 29757|3670, 29757|3711, 29759|3735, 29759|3838, 29761|3865, 29761|3912, 29767|3960, 29775|4030, http://www.vk.com, 
29871|1, 29871|2664, 29916|3125, 29923|3188, 29936|3318, 29966|3427, 29973|3482, 30002|3546, 30023|3832, 30023|4141, http://www.facebook.com, 
30063|1, 30063|1809, 30064|1832, 30064|2680, 30069|2752, 30086|3045, 30089|3103, 30090|3137, 30090|3264, 30096|3475, 30107|3500, 30107|3522, 30108|3582, 30111|3624, 30111|3648, 30115|3673, 30115|3750, 30117|3792, 30119|3821, 30119|3842, 30122|3862, 30122|3911, 30125|3939, 30125|3962, 30131|3985, 30131|4018, http://www.imgur.com, 
30221|1, 30221|2559, 30222|2655, 30228|2746, 30230|2849, 30238|3036, 30240|3095, 30249|3210, 30250|3251, 30250|3300, 30259|3420, 30277|3496, 30284|3569, 30284|3648, 30288|3669, 30288|3715, 30290|3831, 30298|3976, 30298|4033, http://www.instagram.com, 
30439|1, 30439|1836, 30440|1890, 30440|2730, 30455|3032, 30459|3081, 30465|3216, 30465|3352, 30472|3442, 30479|3530, 30479|3611, 30480|3806, 30480|4030, http://www.jd.com, 
30567|1, 30567|2620, 30568|2652, 30580|3014, 30590|3141, 30592|3198, 30596|3246, 30603|3315, 30603|3350, 30604|3417, 30604|3645, 30606|3696, 30606|3907, 30607|3929, 30608|3952, 30615|4065, http://www.sohu.com, 
30712|1, 30712|2635, 30729|2986, 30738|3067, 30738|3101, 30739|3120, 30739|3150, 30742|3256, 30744|3344, 30754|3402, 30762|3492, 30763|3546, 30765|3584, 30767|3616, 30783|3760, 30785|3863, 30785|4092, http://www.instagram.com, 
30928|1, 30928|2599, 30929|2627, 30943|2942, 30952|3057, 30953|3124, 30976|3175, 30980|3210, 30982|3240, 30988|3314, 30990|3631, 30990|3680, 30991|3752, 30997|3814, 31016|4034, http://www.jd.com, 
31146|1, 31146|1808, 31147|1829, 31147|2719, 31149|2768, 31163|2979, 31174|3122, 31175|3151, 31175|3247, 31197|3525, 31198|3556, 31202|3619, 31205|3666, 31206|3704, 31208|3727, 31208|3749, 31214|3794, 31216|3822, 31226|3856, 31229|4005, http://www.imgur.com, 
31313|1, 31313|1752, 31314|1776, 31314|2581, 31315|2623, 31315|2671, 31316|2697, 31320|2739, 31320|2765, 31339|3108, 31342|3192, 31342|3281, 31343|3332, 31358|3585, 31358|3701, 31360|3833, 31369|4375, http://www.sohu.com, 
31572|1, 31572|2656, 31583|2835, 31592|3062, 31597|3119, 31598|3161, 31598|3235, 31601|3278, 31604|3309, 31606|3353, 31611|3402, 31613|3426, 31614|3478, 31614|3540, 31615|3574, 31632|3710, 31632|3780, 31637|3912, 31646|4225, http://www.instagram.com, 
31755|1, 31755|2534, 31762|2762, 31770|2882, 31780|3112, 31780|3160, 31781|3224, 31783|3259, 31788|3351, 31794|3403, 31809|3567, 31809|3596, 31813|3623, 31814|4157, http://www.wikipedia.org, 
31868|1, 31868|2634, 31884|2941, 31893|3112, 31895|3179, 31909|3363, 31917|3398, 31920|3429, 31922|3466, 31927|4046, http://www.wikipedia.org, 
31972|1, 31972|1330, 31973|1358, 31973|2247, 31979|2330, 31980|2365, 32000|2687, 32001|2760, 32026|2955, 32029|3064, 32030|3087, 32030|3341, 32055|3440, 32055|3471, 32066|3593, 32085|3765, 32095|4004, http://www.amazon.com, 
32653|1, 32653|1746, 32654|1770, 32654|2576, 32660|2663, 32675|3072, 32679|3120, 32684|3153, 32685|3185, 32686|3213, 32690|3239, 32700|3353, 32701|3425, 32701|3458, 32703|3490, 32717|3563, 32718|3604, 32723|3636, 32726|3664, 32726|3688, 32727|3713, 32727|3791, 32732|3839, 32758|3973, 32799|4087, http://www.yahoo.com, 
33011|1, 33011|1737, 33012|1767, 33012|2661, 33013|2707, 33025|2841, 33027|2948, 33028|3016, 33031|3062, 33034|3092, 33037|3137, 33038|3168, 33038|3246, 33055|3308, 33141|3424, 33145|3459, 33145|3484, 33146|3517, 33146|3581, 33149|3637, 33149|3828, 33150|3867, 33150|4026, http://www.sina.com.cn, 
33390|1, 33390|2515, 33391|2642, 33397|2735, 33405|2969, 33409|3043, 33416|3078, 33416|3109, 33417|3139, 33417|3205, 33418|3233, 33422|3260, 33424|3333, 33430|3375, 33430|3427, 33431|3449, 33431|3644, 33433|3670, 33433|3889, 33434|3910, 33434|3933, 33435|3955, 33443|3982, 33443|4006, http://www.sohu.com, 
33548|1, 33548|1889, 33549|1914, 33549|2745, 33552|2793, 33557|2876, 33557|2930, 33565|3036, 33571|3195, 33576|3252, 33576|3294, 33577|3316, 33577|3439, 33586|3607, 33592|3674, 33592|3709, 33595|3734, 33597|3775, 33597|3833, 33599|3860, 33601|3908, 33601|4055, http://www.taobao.com, 
33689|1, 33690|60, 33690|2575, 33692|2608, 33693|2658, 33697|2708, 33697|2747, 33706|3059, 33706|3100, 33715|3189, 33716|3280, 33716|3311, 33721|3362, 33732|3513, 33735|3542, 33735|3580, 33737|3626, 33739|3654, 33739|4032, http://www.taobao.com, 
33838|1, 33838|1727, 33839|1757, 33839|2625, 33848|2804, 33856|2919, 33866|3112, 33866|3190, 33867|3251, 33874|3326, 33877|3359, 33881|3482, 33881|3536, 33883|3565, 33883|3589, 33892|3632, 33892|3657, 33894|3690, 33894|3831, 33895|3865, 33895|4002, http://www.netflix.com, 
34130|1, 34130|1461, 34132|1481, 34132|1730, 34133|1761, 34133|2496, 34136|2581, 34140|2622, 34144|2747, 34148|2788, 34150|2834, 34161|3074, 34161|3209, 34162|3249, 34184|3454, 34190|3486, 34190|3522, 34191|3560, 34191|3650, 34199|3718, 34206|3862, 34206|4137, http://www.reddit.com, 
34248|1, 34248|1778, 34249|1812, 34249|2659, 34250|2690, 34273|3045, 34273|3100, 34274|3132, 34274|3253, 34324|3540, 34324|3709, 34325|3782, 34325|3894, 34327|3931, 34327|4032, http://www.qq.com, 
34435|1, 34435|2518, 34450|2994, 34462|3194, 34467|3268, 34467|3325, 34469|3391, 34474|3449, 34474|3543, 34475|3597, 34475|3678, 34477|3701, 34477|3965, 34480|3989, 34487|4048, http://www.sohu.com, 
34575|1, 34577|57, 34577|1721, 34578|1819, 34578|2564, 34579|2631, 34581|2679, 34592|2913, 34603|3026, 34604|3093, 34604|3229, 34605|3262, 34714|3490, 34715|3638, 34718|3952, 34721|3980, 34721|4016, http://www.sina.com.cn, 
34855|1, 34856|48, 34856|2049, 34857|2087, 34857|2643, 34860|2857, 34873|3024, 34881|3064, 34881|3116, 34882|3139, 34882|3191, 34883|3221, 34889|3316, 34895|3361, 34898|3756, 34904|4026, http://www.360.cn, 
34991|1, 34991|2719, 34992|2756, 35004|2962, 35008|3113, 35018|3224, 35018|3443, 35031|3728, 35034|3987, 35047|4502, http://www.360.cn, 
35128|1, 35128|2158, 35129|2182, 35129|2555, 35131|2646, 35131|2671, 35147|3058, 35155|3141, 35156|3174, 35161|3218, 35191|3470, 35191|4029, http://www.jd.com, 
35298|1, 35298|1351, 35299|1372, 35299|1772, 35300|1809, 35300|2653, 35301|2753, 35305|2842, 35315|3019, 35324|3117, 35324|3158, 35325|3182, 35325|3390, 35326|3436, 35339|3600, 35339|3626, 35341|3649, 35342|3675, 35342|3700, 35351|3733, 35351|3758, 35352|3779, 35357|3865, 35357|3946, 35358|3966, 35358|4033, http://www.netflix.com, 
35555|1, 35555|1725, 35556|1758, 35556|1866, 35557|1891, 35557|1989, 35561|2020, 35561|2616, 35562|2642, 35566|2678, 35585|3096, 35585|3134, 35586|3158, 35586|3184, 35587|3224, 35596|3344, 35603|3412, 35604|3439, 35605|3472, 35605|3556, 35606|3584, 35607|3622, 35607|3664, 35612|3734, 35615|3768, 35615|3812, 35616|3833, 35617|3909, 35617|4019, http://www.live.com, 
35680|1, 35680|1757, 35681|1830, 35681|2654, 35696|2915, 35700|3020, 35705|3074, 35706|3138, 35706|3234, 35715|3379, 35730|3526, 35739|3598, 35739|4045, http://www.wikipedia.org, 
35782|1, 35782|2642, 35821|2900, 35823|2928, 35829|2963, 35829|3252, 35837|3360, 35841|3404, 35855|3557, 35879|3599, 35881|3636, 35923|3733, 35930|4027, http://www.facebook.com, 
35970|1, 35970|2679, 35975|2739, 35976|2773, 35991|2924, 35998|3056, 36003|3084, 36003|3122, 36005|3156, 36007|3204, 36007|3340, 36008|3388, 36009|3414, 36021|3478, 36023|3509, 36028|3538, 36046|3564, 36081|3607, 36113|3632, 36144|3686, 36148|3727, 36156|3776, 36166|3820, 36174|3845, 36174|3969, 36177|3999, 36177|4021, http://www.google.com, 
36259|1, 36259|1814, 36260|1842, 36260|2627, 36262|2676, 36262|2780, 36263|2826, 36269|3007, 36273|3121, 36285|3253, 36287|3324, 36293|3435, 36299|3563, 36299|3632, 36301|3658, 36301|3682, 36302|3711, 36302|3916, 36303|3941, 36303|3967, 36305|3990, 36305|4009, http://www.baidu.com, 
36538|1, 36538|2676, 36540|3022, 36541|3051, 36544|3079, 36546|3172, 36556|3241, 36564|3278, 36567|3330, 36570|3357, 36570|3401, 36571|3423, 36571|3469, 36572|3491, 36572|3708, 36600|3777, 36600|3878, 36601|3926, 36602|3952, 36619|4047, http://www.baidu.com, 
36957|1, 36957|2583, 36958|2628, 36964|2743, 36977|2980, 36983|3068, 36983|3103, 36984|3129, 36985|3154, 36990|3212, 36991|3302, 36996|3343, 36998|3383, 37008|3410, 37008|3435, 37012|3460, 37016|3507, 37016|3573, 37017|3617, 37017|4123, http://www.wikipedia.org, 
37050|1, 37050|1820, 37051|1866, 37051|2697, 37060|2805, 37064|2858, 37072|3124, 37075|3160, 37075|3183, 37076|3212, 37081|3269, 37123|3315, 37127|3510, 37128|3684, 37128|3856, 37129|3897, 37129|3969, 37130|3991, 37130|4017, http://www.qq.com, 
37214|1, 37214|2625, 37215|2721, 37252|3100, 37252|3127, 37253|3150, 37253|3203, 37254|3228, 37254|3259, 37258|3288, 37260|3338, 37277|3421, 37295|3456, 37383|3548, 37395|3647, 37414|3708, 37419|3732, 37419|3844, 37422|3886, 37422|3912, 37423|3936, 37432|3961, 37448|4072, http://www.google.com, 
37494|1, 37494|2616, 37496|2700, 37501|2778, 37514|3075, 37519|3106, 37519|3144, 37520|3170, 37520|3318, 37524|3404, 37531|3460, 37531|3489, 37539|3515, 37539|3564, 37540|3587, 37542|3615, 37543|3639, 37544|3662, 37544|4007, http://www.taobao.com, 
37620|1, 37620|100, 37621|126, 37621|1790, 37622|1817, 37622|2696, 37635|2869, 37637|2963, 37647|3120, 37648|3217, 37649|3244, 37654|3295, 37654|3321, 37657|3415, 37661|3445, 37661|3467, 37668|3500, 37669|3526, 37673|3559, 37673|3614, 37674|3639, 37674|3772, 37689|3850, 37689|4048, http://www.reddit.com, 
37723|1, 37723|1756, 37724|1782, 37724|2654, 37737|2930, 37739|3004, 37748|3082, 37748|3148, 37750|3177, 37755|3204, 37757|3235, 37760|3319, 37765|3432, 37776|3505, 37782|3534, 37782|3578, 37783|3602, 37783|3873, 37789|3902, 37789|4025, http://www.linkedin.com, 
37946|1, 37946|1778, 37947|1806, 37947|2650, 37948|2772, 37948|2827, 37957|3112, 37965|3161, 37965|3232, 38075|3515, 38080|3763, 38081|4027, http://www.sina.com.cn, 
38268|1, 38268|1772, 38269|1795, 38269|2645, 38270|2701, 38285|2902, 38293|3032, 38294|3068, 38294|3262, 38295|3296, 38310|3447, 38311|3506, 38311|3576, 38313|3608, 38313|3713, 38322|3738, 38322|3833, 38324|3855, 38326|4010, http://www.live.com, 
38366|1, 38366|1821, 38367|1852, 38367|2669, 38368|2701, 38380|3030, 38386|3116, 38387|3142, 38388|3168, 38390|3193, 38393|3222, 38397|3308, 38402|3341, 38402|3372, 38404|3404, 38405|3430, 38405|3453, 38407|3476, 38407|3525, 38408|3553, 38408|3596, 38410|3618, 38410|3686, 38412|3716, 38412|3809, 38414|3831, 38414|3874, 38425|3904, 38425|3974, 38429|3995, 38431|4016, http://www.vk.com, 
38518|1, 38518|1709, 38519|1736, 38519|2549, 38526|2628, 38527|2654, 38540|2896, 38542|2937, 38542|2987, 38549|3041, 38550|3113, 38550|3237, 38551|3263, 38555|3299, 38558|3342, 38563|3444, 38566|3473, 38566|3498, 38567|3539, 38567|3657, 38568|3678, 38569|3713, 38569|3802, 38572|3824, 38572|3938, 38573|3962, 38573|4005, http://www.live.com, 
38624|1, 38624|2574, 38625|2633, 38634|2799, 38641|3010, 38652|3077, 38652|3181, 38653|3204, 38653|3227, 38657|3279, 38666|3468, 38674|3500, 38674|3529, 38677|3559, 38681|3598, 38683|3622, 38683|3930, 38689|3978, 38689|4060, http://www.linkedin.com, 
38845|1, 38845|1778, 38846|1801, 38846|2723, 38854|2940, 38856|3075, 38856|3103, 38860|3129, 38865|3154, 38865|3182, 38866|3277, 38872|3331, 38875|3402, 38881|3439, 38889|3493, 38895|3554, 38895|3603, 38896|3625, 38896|3755, 38911|3824, 38911|4307, http://www.reddit.com, 
38945|1, 38945|1652, 38947|1681, 38947|2607, 38948|2635, 38955|2740, 38955|2768, 38959|2792, 38972|3078, 38972|3107, 38973|3129, 38973|3207, 38979|3268, 38992|3787, 38992|4006, http://www.360.cn, 
39077|1, 39077|1813, 39078|1842, 39078|2531, 39080|2627, 39081|2664, 39095|2935, 39107|3096, 39108|3168, 39108|3207, 39109|3242, 39113|3297, 39121|3415, 39121|3464, 39122|3486, 39123|3517, 39123|3695, 39149|3722, 39151|3905, 39171|4281, http://www.baidu.com, 
39397|1, 39397|2649, 39398|2710, 39403|2753, 39412|2966, 39413|3009, 39417|3085, 39417|3115, 39418|3139, 39422|3164, 39422|3211, 39423|3249, 39423|3285, 39424|3340, 39430|3389, 39432|3421, 39435|3446, 39444|3472, 39447|3497, 39449|3523, 39453|3556, 39454|3664, 39454|4043, http://www.wikipedia.org, 
39510|1, 39510|487, 39511|510, 39512|539, 39512|2133, 39513|2164, 39513|2564, 39515|2640, 39516|2677, 39540|3064, 39541|3096, 39541|3229, 39544|3256, 39558|3552, 39559|3669, 39559|4009, http://www.jd.com, 
39644|1, 39644|2580, 39666|2807, 39681|3008, 39682|3046, 39682|3145, 39683|3227, 39702|3299, 39706|3355, 39733|3411, 39775|3438, 39815|3468, 39841|3600, 39851|3666, 39851|3788, 39854|3817, 39854|3846, 39855|3867, 39855|3887, 39879|3930, 39881|4008, http://www.google.com, 
39947|1, 39947|1752, 39948|1779, 39948|2582, 39949|2640, 39953|2683, 39954|2783, 39961|2869, 39964|2993, 39974|3151, 39974|3185, 39975|3209, 39975|3234, 39980|3255, 39982|3293, 39985|3326, 39989|3369, 39989|3413, 39992|3480, 39992|3555, 39994|3578, 39994|3624, 40002|3670, 40002|3694, 40004|3793, 40004|3854, 40005|3875, 40005|4005, http://www.netflix.com, 
40192|1, 40192|2602, 40203|2833, 40208|2933, 40217|3118, 40218|3177, 40218|3252, 40219|3282, 40226|3362, 40227|3390, 40234|3496, 40236|3519, 40236|3562, 40244|3589, 40244|3619, 40246|3642, 40246|3795, 40247|3816, 40247|4008, http://www.netflix.com, 
40422|1, 40422|2695, 40428|2800, 40431|3014, 40431|3549, 40432|3578, 40433|3605, 40437|3629, 40440|3655, 40442|3679, 40446|3724, 40456|3752, 40456|3776, 40463|3834, 40466|3858, 40473|3954, 40474|4057, http://www.wikipedia.org, 
40534|1, 40534|2628, 40535|2658, 40544|2820, 40558|3030, 40559|3069, 40559|3207, 40565|3233, 40594|3463, 40596|3499, 40596|3830, 40598|3866, 40598|4019, http://www.jd.com, 
40723|1, 40723|1764, 40724|1790, 40724|2546, 40726|2636, 40726|2672, 40727|2729, 40745|3035, 40751|3128, 40751|3248, 40752|3305, 40757|3362, 40759|3388, 40765|3428, 40765|3458, 40766|3485, 40767|3510, 40767|3609, 40769|3648, 40773|3674, 40777|3700, 40777|3731, 40778|3756, 40779|3782, 40779|3901, 40780|3923, 40780|4007, http://www.netflix.com, 
40935|1, 40935|2736, 40937|2874, 40946|3003, 40951|3146, 40956|3185, 40956|3205, 40957|3228, 40957|3334, 40971|3486, 40971|3537, 40973|3564, 40973|3588, 40978|3630, 40978|3660, 40979|3684, 40979|3772, 40980|3822, 40981|3851, 40983|3874, 40983|3944, 40984|3967, 40984|4015, http://www.netflix.com, 
41136|1, 41136|1754, 41137|1784, 41137|2662, 41138|2692, 41162|3083, 41162|3230, 41163|3269, 41177|3457, 41184|3527, 41188|3550, 41188|3596, 41189|3619, 41189|3770, 41199|3799, 41204|3858, 41204|4240, http://www.reddit.com, 
41258|1, 41258|1743, 41259|1782, 41259|2688, 41260|2722, 41265|2815, 41274|2948, 41277|2995, 41279|3049, 41284|3141, 41284|3168, 41285|3192, 41285|3220, 41286|3245, 41286|3271, 41295|3404, 41310|3457, 41312|3480, 41312|3550, 41313|3580, 41313|3730, 41323|3766, 41339|3913, 41368|4238, http://www.amazon.com, 
41531|1, 41531|1810, 41532|1837, 41532|2711, 41552|3103, 41553|3165, 41553|3194, 41554|3223, 41559|3254, 41563|3331, 41569|3422, 41571|3450, 41573|3487, 41573|4011, http://www.tmall.com, 
41633|1, 41633|2663, 41634|2696, 41643|2801, 41651|2836, 41662|2965, 41671|3119, 41672|3148, 41672|3190, 41673|3237, 41674|3276, 41685|3386, 41691|3426, 41692|3461, 41694|3494, 41697|3520, 41715|3548, 41722|3571, 41801|3602, 41803|3654, 41810|3695, 41816|3718, 41826|3805, 41838|3865, 41841|4024, http://www.google.com, 
41919|1, 41919|1827, 41920|1861, 41920|2543, 41923|2639, 41924|2671, 41927|2715, 41935|2870, 41941|3011, 41946|3056, 41946|3084, 41947|3110, 41947|3196, 41948|3228, 41956|3336, 41964|3433, 41966|3458, 41966|4006, http://www.tmall.com, 
42043|1, 42043|131, 42044|154, 42044|2586, 42045|2620, 42060|2784, 42072|2942, 42083|3160, 42088|3200, 42091|3242, 42095|3309, 42108|3412, 42126|3445, 42128|3470, 42139|3493, 42210|3531, 42219|3610, 42228|3664, 42242|3711, 42250|3750, 42250|3884, 42253|3905, 42253|3930, 42254|3952, 42268|4003, http://www.google.com, 
42346|1, 42346|2694, 42353|2818, 42360|2893, 42367|2952, 42377|3123, 42382|3179, 42382|3212, 42383|3241, 42383|3268, 42384|3305, 42385|3330, 42404|3495, 42446|3567, 42515|3636, 42521|3666, 42528|3702, 42540|3790, 42544|3865, 42544|3920, 42550|3945, 42553|3970, 42554|4007, http://www.google.com, 
42630|1, 42630|2654, 42663|2852, 42674|3084, 42682|3148, 42682|3199, 42683|3235, 42684|3262, 42685|3296, 42690|3334, 42729|3558, 42766|3625, 42768|3651, 42771|3679, 42775|3702, 42786|4078, http://www.facebook.com, 
42821|1, 42821|2708, 42822|2739, 42823|2771, 42827|2795, 42861|3001, 42874|3268, 42875|3332, 42876|3357, 42881|3384, 42883|3453, 42915|3562, 42917|3600, 42920|3628, 42933|3652, 42947|3677, 42969|3747, 42971|3773, 42971|4209, http://www.facebook.com, 
43002|1, 43002|1827, 43003|1854, 43003|2624, 43005|2698, 43012|2786, 43012|2825, 43016|2880, 43018|2914, 43018|2963, 43021|2989, 43023|3024, 43028|3062, 43028|3097, 43029|3188, 43029|3336, 43030|3368, 43034|3392, 43036|3424, 43036|3468, 43041|3507, 43041|3532, 43043|3557, 43050|3590, 43052|3627, 43056|3651, 43056|3695, 43057|3734, 43057|3877, 43072|3954, 43072|4095, http://www.reddit.com, 
43106|1, 43106|1784, 43107|1815, 43107|2610, 43109|2664, 43110|2689, 43114|2733, 43117|2806, 43127|2969, 43137|3165, 43137|3227, 43139|3284, 43145|3406, 43155|3448, 43159|3478, 43161|3502, 43162|3530, 43164|3554, 43164|3577, 43167|3600, 43167|3626, 43168|3653, 43170|3679, 43176|3706, 43176|3731, 43178|3759, 43186|3785, 43193|3963, 43222|4358, http://www.imgur.com, 
43313|1, 43313|2521, 43314|2613, 43316|2665, 43329|2923, 43340|3042, 43340|3177, 43341|3211, 43344|3241, 43354|3334, 43358|3367, 43360|3401, 43364|3425, 43364|3474, 43370|3537, 43370|3589, 43371|3615, 43373|3641, 43374|3665, 43379|3691, 43380|3714, 43381|3752, 43394|3804, 43394|4309, http://www.imgur.com, 
43485|1, 43485|183, 43486|203, 43486|318, 43487|344, 43487|1771, 43488|1794, 43488|2614, 43502|2883, 43507|3013, 43513|3064, 43513|3097, 43514|3119, 43514|3171, 43516|3193, 43516|3297, 43518|3342, 43526|3435, 43527|3470, 43533|3504, 43533|3533, 43537|3564, 43538|3592, 43540|3620, 43540|3644, 43542|3668, 43545|3728, 43545|3762, 43548|3792, 43548|3816, 43554|3851, 43556|3886, 43569|3932, 43569|4193, http://www.imgur.com, 
