84|1, 84|574, 85|600, 85|675, 86|702, 86|754, 87|791, 89|972, 89|1006, 91|1242, 92|1277, 91|1298, 91|1325, 93|1358, 93|1395, 92|1425, 92|1653, 91|1682, 91|1926, 94|1994, 94|2140, 92|2211, 92|2265, 93|2316, 93|2690, 94|2712, 94|2788, 96|2821, 96|3115, 97|3140, 97|4003, http://www.linkedin.com, 
36|1, 36|482, 37|507, 37|792, 36|817, 36|2319, 37|2369, 37|2396, 39|2736, 39|2977, 41|3065, 42|4118, http://www.linkedin.com, 
35|1, 35|2484, 36|2563, 38|2719, 38|3106, 40|3231, 40|3636, 45|3733, 49|3772, 49|4067, http://www.yahoo.com, 
35|1, 35|1986, 36|2010, 36|2061, 39|2089, 38|2505, 38|2746, 40|2798, 40|3566, 43|3642, 42|3668, 42|3914, 43|3993, 43|4021, http://www.live.com, 
34|1, 34|2625, 37|2751, 37|3456, 39|3505, 39|3683, 40|3770, 39|3793, 39|4017, http://www.360.cn, 
35|1, 35|233, 34|261, 34|2451, 35|2548, 35|2613, 39|3050, 39|3203, 48|3459, 48|4074, http://www.facebook.com, 
34|1, 34|2488, 35|2584, 37|2756, 37|3354, 40|3510, 40|3641, 41|3690, 41|3751, 42|3778, 42|3910, 43|3934, 43|4002, http://www.qq.com, 
35|1, 35|2492, 36|2539, 38|2772, 38|3306, 39|3375, 39|3823, 40|3911, 41|4042, http://www.qq.com, 
35|1, 35|2423, 36|2477, 36|2534, 38|2829, 38|3046, 40|3240, 40|3571, 46|3648, 49|3691, 49|4145, http://www.yahoo.com, 
36|1, 36|1976, 37|2012, 37|2063, 39|2174, 39|2640, 41|2738, 41|2932, 43|2969, 43|3155, 45|3182, 45|3618, 46|3800, 47|3949, 47|4013, http://www.vk.com, 
36|1, 36|1358, 37|1380, 37|1694, 38|1718, 38|2623, 39|2649, 39|3013, 41|3195, 41|3350, 43|3495, 44|4055, http://www.instagram.com, 
38|1, 38|2402, 39|2439, 38|2534, 41|2645, 41|3488, 42|3516, 42|3853, 43|3879, 44|4010, http://www.jd.com, 
35|1, 35|2442, 36|2501, 36|2530, 38|2827, 38|2979, 40|3154, 40|3295, 42|3324, 42|3676, 41|3697, 41|4007, http://www.taobao.com, 
32|1, 32|2493, 33|2614, 33|2643, 35|2760, 35|3472, 37|3503, 37|3705, 38|3744, 38|4004, http://www.baidu.com, 
33|1, 33|2474, 34|2504, 34|2616, 36|2663, 36|3129, 38|3287, 38|3869, 37|3890, 37|4018, http://www.netflix.com, 
30|1, 30|2504, 31|2529, 31|2564, 33|2724, 33|3067, 35|3192, 35|3398, 34|3437, 34|4005, http://www.tmall.com, 
26|1, 26|1167, 25|1187, 25|1900, 24|1924, 24|2325, 25|2411, 25|2445, 27|2624, 27|3271, 28|3300, 29|3337, 29|3514, 30|3568, 30|4006, http://www.baidu.com, 
24|1, 24|2460, 25|2507, 25|2533, 24|2572, 27|2625, 27|3225, 29|3276, 28|3301, 28|3396, 30|3430, 29|3456, 29|3527, 31|3571, 30|3598, 30|3721, 33|3800, 34|4220, http://www.imgur.com, 
24|1, 24|2434, 25|2484, 25|2523, 27|2759, 27|3170, 30|3566, 30|3696, 31|3739, 31|4009, http://www.sina.com.cn, 
24|1, 24|2366, 25|2478, 27|2680, 27|3361, 29|3395, 32|4060, http://www.live.com, 
24|1, 24|2444, 25|2523, 27|2829, 27|3697, 28|3766, 29|3808, 29|3933, 30|3977, 31|4013, http://www.sina.com.cn, 
24|1, 24|2436, 25|2496, 25|2580, 27|2806, 27|3166, 29|3192, 29|3649, 32|3761, 32|3968, 33|3997, 33|4072, http://www.amazon.com, 
22|1, 22|1132, 21|1157, 21|2386, 22|2465, 22|2593, 24|2771, 24|3107, 26|3245, 25|3303, 26|4114, http://www.reddit.com, 
21|1, 21|2566, 24|2876, 24|3298, 28|3730, 30|3791, 30|3868, 31|3924, 31|4017, http://www.360.cn, 
22|1, 21|78, 21|1177, 20|1204, 20|2688, 21|2742, 23|2776, 23|3744, 25|3768, 25|3791, 26|3812, 26|3955, 28|3982, 28|4011, http://www.taobao.com, 
21|1, 21|2462, 22|2512, 22|2625, 24|2911, 24|3113, 26|3195, 26|3804, 27|3878, 27|4022, http://www.instagram.com, 
21|1, 21|2519, 22|2830, 22|3456, 24|3478, 24|3680, 25|3720, 25|4005, http://www.baidu.com, 
18|1, 18|2436, 19|2493, 19|2522, 21|2581, 21|3545, 23|3579, 23|3764, 24|3791, 24|4020, http://www.sohu.com, 
18|1, 18|2130, 19|2151, 19|2169, 18|2189, 18|2471, 19|2552, 19|2790, 21|2898, 21|3114, 23|3238, 23|3782, 24|3867, 24|4078, http://www.instagram.com, 
18|1, 18|2579, 21|2945, 21|3333, 23|3460, 23|3579, 25|3647, 25|3801, 27|3863, 27|4029, http://www.vk.com, 
18|1, 18|2521, 19|2621, 19|2651, 21|2882, 21|3298, 23|3473, 23|3795, 28|3883, 32|3916, 34|4585, http://www.yahoo.com, 
18|1, 18|2580, 19|2732, 21|2867, 21|3618, 23|3648, 23|3809, 25|3850, 25|4044, http://www.vk.com, 
18|1, 18|2486, 19|2663, 21|2734, 21|3296, 23|3357, 23|4340, http://www.reddit.com, 
17|1, 17|2596, 18|2670, 20|2829, 20|3276, 22|3471, 25|4305, http://www.amazon.com, 
18|1, 18|2483, 19|2626, 19|2711, 21|2870, 21|3279, 22|3570, 23|3732, 23|3870, 24|3994, 23|4114, http://www.sina.com.cn, 
18|1, 18|480, 17|502, 17|2571, 20|2939, 20|3403, 22|3540, 22|3591, 23|3647, 33|4039, http://www.360.cn, 
16|1, 16|2120, 17|2170, 17|2239, 19|2365, 19|2847, 21|2985, 21|3105, 23|3133, 23|3274, 25|3332, 25|3635, 26|3686, 27|4176, http://www.vk.com, 
16|1, 16|2582, 17|2688, 19|2911, 19|3420, 21|3487, 31|4408, http://www.yahoo.com, 
16|1, 16|2065, 19|2430, 19|2930, 21|3066, 21|4007, http://www.tmall.com, 
16|1, 16|2637, 17|2666, 17|2730, 19|3172, 19|3406, 18|3566, 18|3624, 19|3775, 23|4008, http://www.qq.com, 
15|1, 15|2608, 16|2742, 15|2771, 18|2811, 18|3748, 19|3878, 20|4094, http://www.jd.com, 
15|1, 15|2552, 18|2882, 18|3270, 20|3452, 20|4005, http://www.amazon.com, 
13|1, 13|2568, 14|2613, 14|2659, 13|2710, 16|2852, 16|3301, 18|3340, 18|3829, 19|3942, 19|4023, http://www.linkedin.com, 
14|1, 14|2637, 15|2694, 15|2747, 14|2846, 17|3054, 17|3645, 19|3674, 19|3790, 20|3854, 20|4016, http://www.sohu.com, 
14|1, 14|2214, 15|2247, 15|2274, 14|2298, 14|2593, 15|2660, 17|2863, 17|3340, 19|3394, 19|4005, http://www.linkedin.com, 
14|1, 14|2623, 15|2774, 15|2811, 17|3252, 17|3489, 19|3642, 19|3845, 20|3923, 20|4064, http://www.instagram.com, 
14|1, 14|2571, 17|2846, 17|3365, 18|3554, 19|3597, 19|3681, 21|3714, 20|3797, 20|4138, http://www.imgur.com, 
14|1, 14|2581, 15|2712, 17|3177, 17|3469, 19|3499, 19|3649, 21|3685, 21|4002, http://www.taobao.com, 
14|1, 14|161, 15|188, 15|608, 16|633, 16|968, 17|1015, 17|2548, 18|2587, 18|2667, 20|2905, 20|3652, 21|3695, 22|4100, http://www.qq.com, 
17|1, 17|2801, 20|3055, 20|4001, http://www.sina.com.cn, 
17|1, 17|2633, 18|2679, 18|2739, 20|2800, 20|3587, 22|3619, 22|4014, http://www.live.com, 
17|1, 17|2606, 18|2699, 20|3033, 20|3569, 22|3597, 22|4009, http://www.live.com, 
17|1, 17|2565, 18|2630, 18|2699, 20|3014, 20|3629, 22|3657, 22|3851, 23|3872, 23|4020, http://www.baidu.com, 
17|1, 17|2611, 18|2668, 18|2748, 20|2801, 20|3411, 21|3502, 22|3560, 22|3633, 24|3798, 24|3924, 25|3956, 25|4011, http://www.qq.com, 
17|1, 17|2565, 18|2694, 20|3054, 20|3353, 22|3424, 22|3946, 24|3993, 24|4015, http://www.netflix.com, 
17|1, 17|2648, 19|2680, 21|2897, 21|3366, 23|3598, 24|3671, 24|4158, http://www.360.cn, 
18|1, 18|2442, 19|2617, 19|2667, 21|2873, 21|3343, 23|3414, 23|4008, http://www.tmall.com, 
17|1, 17|2268, 18|2300, 18|2749, 20|2971, 20|3414, 22|3468, 22|4021, http://www.amazon.com, 
17|1, 17|2541, 18|2589, 18|2616, 20|3002, 20|3173, 22|3254, 22|4025, http://www.amazon.com, 
17|1, 17|2020, 18|2158, 18|2196, 20|2598, 20|2802, 22|2875, 22|3445, 23|3581, 24|4043, http://www.instagram.com, 
17|1, 17|2651, 18|2706, 18|2751, 20|3130, 20|3285, 22|3413, 22|3888, 23|3973, 23|4030, http://www.linkedin.com, 
17|1, 17|2419, 18|2641, 20|2984, 20|3115, 22|3287, 22|4214, http://www.linkedin.com, 
16|1, 16|2606, 17|2707, 19|2998, 19|3404, 21|3516, 21|3691, 23|3718, 23|3883, 25|3935, 25|4007, http://www.vk.com, 
16|1, 16|2567, 17|2668, 19|2823, 19|3314, 23|3601, 25|3940, 25|4149, http://www.360.cn, 
16|1, 16|2078, 17|2182, 19|2507, 19|2948, 21|2975, 21|3666, 20|3816, 20|4071, http://www.live.com, 
16|1, 16|2582, 17|2684, 17|2793, 19|3028, 19|3698, 21|3726, 21|3851, 22|3874, 22|4004, http://www.sohu.com, 
16|1, 16|2670, 17|2721, 17|2754, 21|2846, 21|3455, 30|3600, 30|4133, http://www.facebook.com, 
17|1, 17|2159, 18|2204, 18|2267, 20|2485, 20|2789, 22|3085, 22|3671, 23|3717, 23|4031, http://www.wikipedia.org, 
17|1, 17|2544, 18|2580, 18|2722, 20|3034, 20|3848, 21|3944, 21|4024, http://www.jd.com, 
17|1, 17|2633, 18|2677, 20|3075, 20|3242, 22|3471, 22|3593, 24|3638, 24|3781, 25|3826, 26|3863, 26|4004, http://www.vk.com, 
17|1, 17|2547, 18|2664, 20|2805, 20|3320, 22|3454, 22|3537, 23|3843, 23|4094, http://www.sohu.com, 
17|1, 17|2540, 22|2976, 22|3324, 31|3503, 32|4374, http://www.facebook.com, 
17|1, 17|2609, 18|2664, 18|2694, 20|2898, 20|3358, 22|3484, 22|3817, 31|3934, 31|4018, http://www.yahoo.com, 
17|1, 17|2092, 18|2164, 18|2200, 17|2284, 20|2585, 20|2884, 21|2929, 21|2984, 22|3059, 22|3148, 23|3234, 23|4022, http://www.imgur.com, 
15|1, 15|2513, 16|2568, 16|2672, 18|2914, 18|3589, 20|3612, 20|3819, 21|3850, 21|4022, http://www.baidu.com, 
18|1, 18|2594, 19|2674, 19|2755, 21|2813, 21|3460, 24|3804, 26|4039, http://www.qq.com, 
16|1, 16|2591, 17|2668, 17|2698, 19|2821, 19|3494, 21|3519, 21|3544, 23|3661, 23|4034, http://www.taobao.com, 
13|1, 13|2527, 14|2662, 16|2923, 16|3279, 17|3724, 17|3851, 18|3949, 18|4083, http://www.sina.com.cn, 
12|1, 12|2630, 13|2687, 15|2915, 15|3222, 17|3377, 17|3779, 23|3840, 26|3876, 27|4306, http://www.yahoo.com, 
13|1, 13|2657, 14|2698, 14|2775, 16|3191, 16|3350, 18|3439, 19|4034, http://www.amazon.com, 
13|1, 13|2035, 14|2083, 14|2131, 16|2207, 16|2721, 18|2990, 18|4026, http://www.reddit.com, 
13|1, 13|2548, 14|2702, 16|2775, 16|3483, 18|3579, 18|4018, http://www.tmall.com, 
13|1, 13|2020, 14|2182, 14|2211, 16|2500, 16|3003, 18|3076, 19|3107, 19|3165, 21|3199, 21|4021, http://www.taobao.com, 
13|1, 13|2508, 14|2663, 14|2699, 16|3151, 16|3350, 18|3532, 18|3831, 27|3983, 28|4736, http://www.yahoo.com, 
12|1, 12|2575, 13|2618, 13|2665, 14|2810, 14|2938, 18|3041, 18|3377, 27|3523, 27|4061, http://www.facebook.com, 
13|1, 13|2593, 14|2649, 14|2817, 16|2908, 16|3340, 18|3409, 18|4199, http://www.wikipedia.org, 
14|1, 14|2625, 15|2679, 14|2766, 17|3054, 17|3414, 19|3449, 19|3488, 37|3526, 37|4019, http://www.google.com, 
14|1, 14|2686, 15|2717, 15|2779, 14|2805, 14|2845, 17|3146, 17|3336, 37|3682, 37|4022, http://www.google.com, 
14|1, 14|2533, 15|2575, 15|2665, 17|2860, 17|3399, 19|3496, 19|4018, http://www.tmall.com, 
14|1, 14|2250, 15|2273, 15|2313, 14|2336, 14|2614, 17|3141, 17|3366, 19|3455, 19|4022, http://www.tmall.com, 
14|1, 14|2458, 15|2606, 15|2665, 14|2706, 14|2735, 17|2809, 17|3317, 19|3397, 19|3559, 21|3603, 21|3750, 23|3830, 23|4044, http://www.vk.com, 
14|1, 14|2251, 15|2279, 14|2314, 14|2672, 15|2742, 20|3196, 20|3307, 29|3416, 29|4137, http://www.facebook.com, 
13|1, 13|2574, 14|2655, 14|2760, 16|3048, 16|3272, 17|3360, 17|3531, 19|3590, 18|3631, 18|3758, 19|3799, 19|3871, 21|3898, 21|3920, 20|3946, 20|4021, http://www.imgur.com, 
14|1, 14|2645, 15|2767, 15|2986, 17|3116, 17|3272, 18|3305, 18|3352, 20|3511, 20|3736, 21|3852, 21|4045, http://www.instagram.com, 
14|1, 14|2664, 17|2917, 17|3322, 18|3357, 18|4034, http://www.jd.com, 
14|1, 14|2501, 15|2631, 15|2661, 17|3024, 18|3151, 18|3314, 20|3361, 20|3571, 21|3605, 21|4075, http://www.sohu.com, 
14|1, 14|2586, 15|2641, 17|2993, 17|3151, 18|3260, 20|3338, 20|3623, 21|3767, 21|4096, http://www.instagram.com, 
14|1, 14|2566, 15|2603, 15|2634, 17|2949, 17|3064, 18|3130, 18|3315, 19|3614, 19|3675, 20|3748, 21|3820, 21|4041, http://www.jd.com, 
13|1, 13|2645, 14|2678, 14|2778, 16|2988, 16|3257, 17|3525, 18|3566, 19|3623, 19|3676, 21|3714, 20|3738, 20|4099, http://www.imgur.com, 
14|1, 14|2621, 15|2658, 15|2772, 17|3116, 17|3290, 18|3336, 20|3593, 20|3649, 21|3843, 21|4383, http://www.sohu.com, 
14|1, 14|2558, 15|2638, 15|2840, 17|3069, 17|3196, 18|3242, 18|3356, 20|3410, 21|4219, http://www.instagram.com, 
14|1, 14|2556, 17|2772, 17|3182, 18|3245, 18|3371, 20|3417, 21|4288, http://www.wikipedia.org, 
15|1, 15|2573, 16|2647, 18|2861, 18|3126, 19|3181, 21|3378, 21|4170, http://www.wikipedia.org, 
15|1, 15|2188, 16|2219, 16|2334, 18|2372, 18|2690, 19|2768, 21|2961, 21|3479, 22|3552, 23|4011, http://www.amazon.com, 
15|1, 15|2611, 18|3018, 18|3119, 19|3164, 19|3359, 21|3432, 21|3846, 30|3984, 30|4098, http://www.yahoo.com, 
14|1, 14|2527, 15|2652, 15|2714, 17|2847, 17|3218, 18|3249, 18|3565, 19|3642, 19|3825, 20|3873, 20|4031, http://www.sina.com.cn, 
14|1, 14|2526, 15|2654, 14|2747, 17|2982, 17|3180, 18|3218, 18|3323, 20|3382, 20|3587, 21|3616, 21|4019, http://www.sohu.com, 
15|1, 15|2703, 16|2755, 16|2850, 17|2940, 18|3023, 18|3450, 19|3527, 21|3681, 21|3784, 23|3820, 23|4059, http://www.taobao.com, 
14|1, 14|2582, 15|2614, 15|2665, 14|2715, 17|2746, 17|3161, 18|3279, 18|3368, 20|3519, 20|3549, 22|3577, 22|4038, http://www.taobao.com, 
14|1, 14|2631, 15|2812, 17|2928, 17|3172, 18|3200, 18|3370, 20|3492, 20|4012, http://www.netflix.com, 
14|1, 14|2502, 15|2572, 15|2624, 17|2742, 17|3188, 18|3215, 18|3251, 20|3439, 20|4029, http://www.reddit.com, 
13|1, 13|2612, 14|2668, 14|2698, 16|3043, 16|3262, 17|3548, 17|3903, 18|3934, 20|3971, 21|3996, 21|4033, http://www.qq.com, 
14|1, 14|2526, 17|2939, 18|3198, 18|3333, 20|3399, 20|3594, 21|3635, 21|4041, http://www.sohu.com, 
14|1, 14|2576, 15|2642, 15|2924, 17|3009, 17|3190, 18|3240, 18|3303, 19|3628, 21|3939, 21|4026, http://www.sina.com.cn, 
13|1, 13|2591, 14|2651, 14|2679, 16|3033, 16|3175, 17|3200, 17|3367, 20|3764, 21|4023, http://www.360.cn, 
14|1, 14|2272, 15|2296, 15|2320, 14|2344, 14|2667, 15|2756, 17|2956, 17|3398, 18|3449, 20|3734, 21|3878, 22|4251, http://www.360.cn, 
14|1, 14|2654, 15|2683, 15|3070, 18|3153, 18|4038, http://www.jd.com, 
14|1, 14|2628, 15|2762, 15|2794, 17|3027, 17|3372, 18|3399, 18|3447, 21|3610, 21|3874, 20|3909, 20|4036, http://www.netflix.com, 
14|1, 14|1798, 15|1826, 15|2125, 14|2154, 14|2565, 15|2686, 15|2745, 17|3169, 17|3231, 18|3257, 18|3512, 20|3544, 20|4013, http://www.live.com, 
14|1, 14|2558, 15|2657, 17|2912, 17|3215, 18|3242, 20|3388, 20|4051, http://www.wikipedia.org, 
14|1, 14|2585, 15|2654, 19|2908, 19|3255, 20|3360, 20|3414, 29|3542, 29|4038, http://www.facebook.com, 
13|1, 13|2606, 14|2686, 14|2746, 16|2776, 16|3347, 17|3396, 19|3422, 19|3446, 28|3515, 37|3545, 37|4008, http://www.google.com, 
14|1, 14|2633, 15|2685, 15|2834, 17|3015, 17|3257, 18|3328, 18|3692, 20|3717, 20|3925, 21|3950, 21|4019, http://www.baidu.com, 
14|1, 14|2557, 15|2682, 17|3026, 17|3086, 18|3180, 18|3773, 19|3843, 19|3886, 18|3932, 19|3959, 19|4049, http://www.baidu.com, 
16|1, 16|2438, 17|2587, 17|2636, 19|2741, 19|3078, 20|3114, 20|3313, 22|3349, 23|4129, http://www.wikipedia.org, 
13|1, 13|2588, 14|2647, 14|2706, 16|2758, 16|3126, 17|3168, 17|3510, 19|3691, 19|3786, 20|3813, 20|3865, 21|3900, 21|4025, http://www.qq.com, 
13|1, 13|2628, 14|2707, 16|3107, 16|3183, 17|3211, 17|3296, 19|3336, 37|3427, 37|4065, http://www.google.com, 
13|1, 13|2238, 14|2273, 14|2294, 13|2319, 13|2707, 14|2739, 16|3038, 16|3286, 17|3325, 17|3368, 19|3467, 19|3525, 21|3550, 21|4014, http://www.taobao.com, 
13|1, 13|2674, 14|2705, 16|2877, 16|3122, 17|3226, 17|3424, 19|3454, 19|4057, http://www.reddit.com, 
13|1, 13|2598, 14|2643, 16|2936, 16|3089, 17|3133, 17|3291, 19|3440, 19|4137, http://www.linkedin.com, 
13|1, 13|2625, 14|2660, 16|2781, 16|3211, 17|3242, 17|3468, 18|3767, 18|3810, 19|3836, 19|4008, http://www.sina.com.cn, 
13|1, 13|2652, 14|2718, 16|2898, 16|3230, 17|3253, 17|3466, 19|3525, 19|4008, http://www.live.com, 
13|1, 13|2545, 14|2639, 14|2680, 13|2711, 16|2932, 17|3127, 17|3271, 19|3352, 19|3537, 21|3563, 21|3727, 23|3761, 23|4005, http://www.vk.com, 
13|1, 13|2632, 14|2662, 16|2897, 16|3196, 17|3218, 17|3548, 19|3576, 19|4013, http://www.live.com, 
13|1, 13|2570, 14|2634, 14|2726, 16|2860, 16|3133, 17|3160, 17|3263, 19|3476, 19|4064, http://www.linkedin.com, 
13|1, 13|2676, 16|2891, 16|3253, 17|3335, 19|3410, 19|4316, http://www.reddit.com, 
13|1, 13|2537, 14|2594, 14|2647, 16|2743, 16|3165, 17|3187, 17|3279, 19|3723, 21|3987, 21|4018, http://www.360.cn, 
13|1, 13|2535, 14|2638, 14|2674, 16|2948, 16|3179, 17|3219, 19|4145, http://www.baidu.com, 
15|1, 15|2613, 16|2637, 16|2719, 15|2768, 18|2940, 18|3268, 19|3300, 19|3357, 21|3409, 21|4036, http://www.wikipedia.org, 
13|1, 13|2621, 14|2697, 14|2728, 16|3115, 16|3226, 17|3248, 17|4021, http://www.jd.com, 
13|1, 13|2469, 14|2595, 16|2824, 16|3110, 17|3136, 17|3189, 19|3316, 37|3374, 37|4026, http://www.google.com, 
13|1, 13|2525, 14|2592, 14|2694, 13|2741, 16|2860, 16|3158, 17|3196, 17|3489, 19|3522, 19|4016, http://www.netflix.com, 
13|1, 13|2606, 16|2825, 16|3212, 17|3237, 17|3401, 19|3506, 19|4018, http://www.netflix.com, 
13|1, 13|2652, 14|2685, 14|2711, 13|2814, 16|2998, 16|3287, 17|3321, 17|3406, 19|3439, 19|3535, 20|3564, 20|3644, 21|3670, 21|4070, http://www.wikipedia.org, 
13|1, 13|2636, 14|2676, 14|2727, 16|2837, 16|3218, 17|3246, 17|3598, 18|3808, 18|3835, 19|3860, 19|4065, http://www.jd.com, 
13|1, 13|2641, 14|2674, 14|2736, 16|3021, 16|3225, 17|3252, 17|3547, 19|3580, 19|4014, http://www.netflix.com, 
13|1, 13|2265, 14|2296, 13|2320, 13|2630, 14|2659, 14|2775, 16|3004, 16|3264, 17|3303, 17|3476, 19|3524, 19|3718, 20|3753, 20|4004, http://www.netflix.com, 
13|1, 13|2626, 14|2669, 14|2699, 16|3085, 16|3192, 17|3214, 17|3272, 19|3461, 19|4198, http://www.reddit.com, 
13|1, 13|2583, 14|2699, 14|2729, 16|2800, 16|3204, 17|3231, 17|3282, 19|3376, 19|3764, 20|3924, 20|4138, http://www.amazon.com, 
13|1, 13|2679, 14|2711, 16|3100, 17|3173, 17|3329, 19|3430, 19|4002, http://www.tmall.com, 
13|1, 13|2600, 14|2635, 14|2706, 16|2789, 16|3201, 17|3246, 17|3280, 19|3394, 19|3466, 30|3504, 37|3530, 37|4032, http://www.google.com, 
13|1, 13|2550, 14|2651, 14|2683, 16|2726, 16|3147, 17|3174, 17|3334, 19|3445, 19|4018, http://www.tmall.com, 
13|1, 13|2532, 14|2599, 14|2633, 16|2797, 16|2901, 17|3164, 17|3248, 19|3316, 37|3426, 37|4015, http://www.google.com, 
13|1, 13|2621, 14|2701, 16|2828, 16|3250, 17|3278, 17|3385, 37|3576, 37|4017, http://www.google.com, 
13|1, 13|2572, 14|2620, 14|2664, 18|2857, 18|3210, 19|3241, 19|3339, 28|3568, 28|4043, http://www.facebook.com, 
13|1, 13|2297, 14|2319, 13|2345, 13|2683, 14|2723, 14|2810, 18|3009, 18|3283, 19|3347, 19|3469, 28|3578, 28|4210, http://www.facebook.com, 
13|1, 13|2630, 14|2703, 16|2787, 16|3277, 17|3308, 17|3469, 19|3513, 19|4099, http://www.reddit.com, 
13|1, 13|2626, 14|2670, 14|2748, 16|2821, 16|3240, 17|3298, 17|3367, 18|3460, 18|3517, 19|3545, 19|3615, 21|3641, 20|3668, 21|4277, http://www.imgur.com, 
13|1, 13|2540, 14|2639, 14|2672, 16|2925, 16|3155, 17|3178, 17|3266, 19|3360, 19|3392, 18|3426, 18|3477, 20|3501, 19|3562, 19|3589, 21|3614, 20|3641, 20|4283, http://www.imgur.com, 
13|1, 13|2787, 16|3028, 16|3284, 17|3314, 17|3450, 18|3487, 18|3609, 19|3637, 19|3742, 21|3779, 20|3808, 20|4183, http://www.imgur.com, 
