44|1, 25|453, 25|481, 17|522, 17|579, 18|605, 18|679, 19|707, 20|734, 20|759, 18|796, 23|966, 23|1008, 29|1247, 32|1282, 32|1303, 31|1330, 32|1361, 31|1399, 30|1430, 30|1449, 31|1467, 32|1487, 30|1511, 31|1536, 32|1562, 31|1593, 32|1615, 29|1636, 27|1657, 27|1726, 28|1753, 28|1798, 30|1823, 32|1851, 33|1893, 31|1996, 35|2024, 35|2044, 39|2079, 39|2113, 43|2146, 27|2184, 29|2241, 25|2260, 21|2318, 19|2362, 21|2390, 20|2420, 21|2452, 21|2560, 22|2600, 22|2717, 25|2749, 38|2794, 26|2823, 26|2863, 28|2895, 26|2925, 23|2952, 23|2996, 24|3018, 20|3041, 20|3171, 17|3194, 17|3245, 18|3268, 19|3287, 17|3310, 17|3336, 19|3358, 18|3377, 17|3404, 18|3428, 18|3444, 16|3464, 17|3491, 17|3514, 16|3531, 16|3549, 14|3578, 14|3678, 13|3701, 13|3718, 12|3736, 12|3892, 11|3909, 11|4009, http://www.linkedin.com, 
11|1, 11|512, 12|534, 12|773, 13|795, 13|821, 11|844, 11|2324, 12|2372, 12|2401, 17|2733, 17|2980, 15|3062, 15|3101, 16|3130, 17|3156, 19|3193, 19|3216, 17|3250, 17|3417, 14|3438, 14|3455, 12|3472, 12|3551, 13|3573, 16|3613, 17|4121, http://www.linkedin.com, 
10|1, 10|2473, 11|2564, 13|2725, 16|2958, 16|3113, 14|3236, 14|3353, 15|3376, 16|3414, 16|3437, 17|3462, 17|3488, 16|3515, 13|3549, 13|3642, 14|3717, 19|3777, 24|3803, 24|3825, 31|3943, 40|4063, http://www.yahoo.com, 
10|1, 10|1955, 11|2014, 11|2092, 16|2485, 16|2623, 12|2720, 13|2801, 14|2826, 14|2875, 13|2909, 13|3088, 12|3107, 14|3137, 14|3202, 16|3227, 16|3410, 15|3435, 15|3565, 18|3615, 19|3672, 21|3739, 26|3768, 21|3812, 19|3877, 19|3916, 13|3987, 13|4025, http://www.live.com, 
10|1, 10|2467, 11|2628, 13|2675, 16|3018, 16|3188, 12|3236, 12|3461, 14|3510, 14|3689, 15|3775, 15|3798, 14|3821, 14|4022, http://www.360.cn, 
12|1, 12|238, 11|266, 11|2531, 12|2596, 12|2618, 21|3052, 19|3100, 19|3208, 18|3265, 37|3544, 35|3572, 35|3628, 31|3705, 31|3775, 28|3888, 28|4039, http://www.facebook.com, 
14|1, 14|2501, 15|2600, 16|2714, 18|2913, 20|3025, 20|3141, 26|3321, 36|3373, 16|3525, 18|3564, 18|3644, 17|3710, 18|3746, 18|3772, 19|3797, 20|3825, 21|3903, 21|3930, 22|3953, 22|4022, http://www.qq.com, 
15|1, 15|2482, 16|2544, 19|2779, 21|3010, 21|3059, 17|3314, 18|3381, 18|3831, 16|3916, 17|3943, 17|4008, http://www.qq.com, 
15|1, 15|2431, 16|2486, 16|2544, 19|2721, 21|2882, 21|3049, 19|3249, 19|3286, 20|3309, 21|3366, 22|3388, 21|3410, 20|3436, 18|3470, 18|3656, 27|3695, 35|4154, http://www.yahoo.com, 
15|1, 15|607, 16|629, 16|1982, 17|2016, 17|2066, 19|2179, 20|2292, 22|2461, 22|2646, 20|2742, 20|2880, 19|2916, 19|2938, 21|2974, 21|3075, 20|3099, 20|3121, 19|3160, 21|3187, 21|3329, 23|3352, 24|3375, 24|3441, 22|3468, 21|3563, 20|3623, 19|3701, 23|3952, 31|3984, 31|4018, http://www.vk.com, 
19|1, 19|1385, 20|1413, 20|1441, 21|1468, 21|1700, 20|1722, 20|1821, 21|1847, 21|1930, 20|1952, 20|2189, 19|2210, 19|2319, 20|2357, 20|2614, 21|2654, 21|2923, 27|3200, 27|3270, 23|3355, 27|3498, 26|3524, 26|3762, 23|3806, 23|3957, 24|3977, 26|4058, http://www.instagram.com, 
21|1, 21|2380, 22|2442, 22|2513, 24|2650, 25|2834, 27|2877, 27|3013, 30|3100, 35|3229, 35|3263, 22|3441, 22|3493, 23|3520, 23|3541, 22|3562, 22|3605, 23|3638, 25|3671, 25|3723, 24|3749, 24|3834, 22|3856, 23|3884, 24|4015, http://www.jd.com, 
18|1, 18|2461, 19|2520, 19|2550, 21|2807, 24|2891, 24|3237, 26|3289, 23|3312, 25|3343, 25|3500, 26|3542, 26|3593, 25|3616, 25|3695, 24|3717, 24|3826, 28|3855, 28|3923, 23|3945, 23|4001, http://www.taobao.com, 
15|1, 15|661, 16|694, 16|986, 15|1017, 15|2494, 16|2615, 16|2646, 15|2758, 18|2969, 21|3122, 21|3255, 17|3306, 17|3508, 19|3532, 19|3709, 18|3744, 19|3770, 19|4008, http://www.baidu.com, 
16|1, 16|2476, 17|2506, 17|2576, 19|2661, 20|2793, 22|2985, 22|3135, 20|3258, 20|3317, 19|3345, 19|3370, 21|3393, 21|3457, 18|3531, 18|3598, 17|3621, 17|3730, 16|3774, 16|3875, 15|3896, 17|4023, http://www.netflix.com, 
12|1, 12|158, 14|180, 14|1087, 15|1113, 15|1804, 17|1829, 17|2519, 18|2543, 18|2574, 20|2649, 23|2997, 23|3081, 27|3207, 23|3276, 25|3297, 27|3320, 27|3388, 24|3413, 23|3437, 23|3562, 22|3627, 16|3651, 16|4020, http://www.tmall.com, 
16|1, 16|1191, 15|1212, 15|1301, 16|1321, 16|1928, 15|1964, 15|2010, 17|2036, 17|2330, 19|2414, 19|2626, 22|2733, 24|2850, 24|3179, 20|3201, 20|3304, 22|3340, 22|3893, 23|3918, 23|3971, 24|3993, 24|4010, http://www.baidu.com, 
19|1, 19|2469, 20|2509, 20|2580, 22|2634, 22|2671, 23|2759, 25|2915, 25|3145, 21|3180, 22|3213, 20|3284, 23|3310, 22|3340, 22|3405, 24|3438, 23|3465, 23|3537, 25|3580, 24|3607, 23|3675, 25|3702, 34|3803, 40|3839, 40|3864, 30|3965, 30|4227, http://www.imgur.com, 
19|1, 19|2485, 20|2526, 20|2759, 23|2931, 25|2971, 25|3086, 37|3174, 33|3569, 28|3615, 25|3700, 26|3743, 26|3798, 28|3823, 29|3853, 29|3926, 28|3947, 28|4012, http://www.sina.com.cn, 
19|1, 19|711, 20|734, 20|878, 21|902, 21|2371, 22|2482, 24|2683, 27|2833, 27|3124, 23|3192, 23|3366, 25|3399, 25|3499, 29|3549, 29|3572, 28|3593, 27|3622, 27|3832, 26|3859, 28|4061, http://www.live.com, 
21|1, 21|2528, 27|2833, 27|3094, 23|3248, 23|3317, 22|3338, 22|3470, 23|3495, 22|3698, 23|3770, 24|3813, 24|3936, 25|3979, 26|4017, http://www.sina.com.cn, 
22|1, 22|2480, 23|2553, 23|2579, 26|2813, 28|2916, 29|2950, 29|3121, 25|3145, 25|3199, 27|3224, 27|3307, 30|3338, 30|3362, 29|3384, 26|3406, 26|3597, 25|3618, 25|3637, 24|3657, 31|3717, 27|3799, 29|3823, 30|3856, 38|4005, http://www.amazon.com, 
20|1, 20|1132, 19|1163, 19|2390, 20|2465, 20|2527, 21|2553, 21|2599, 22|2775, 25|2862, 23|2965, 23|3114, 21|3170, 22|3309, 25|3370, 25|3395, 22|3436, 22|3571, 23|3649, 22|3718, 24|3791, 38|4083, http://www.reddit.com, 
20|1, 20|2586, 21|2888, 25|2949, 26|3151, 26|3225, 22|3263, 22|3316, 28|3697, 30|3811, 30|3944, 31|3985, 32|4007, http://www.360.cn, 
22|1, 21|83, 21|1182, 20|1208, 20|2635, 21|2746, 21|2778, 23|2817, 23|2886, 24|2957, 26|3050, 26|3264, 22|3288, 22|3395, 24|3428, 24|3638, 21|3665, 21|3750, 23|3773, 22|3796, 22|3817, 23|3846, 25|3888, 25|3960, 27|3986, 27|4011, http://www.taobao.com, 
22|1, 22|2444, 23|2516, 23|2629, 26|2854, 28|2996, 28|3117, 24|3198, 26|3229, 26|3288, 28|3325, 28|3641, 25|3690, 25|3809, 24|3880, 25|3916, 26|4024, http://www.instagram.com, 
22|1, 22|2444, 23|2514, 22|2824, 22|2872, 25|2944, 25|3224, 21|3319, 21|3482, 23|3506, 23|3572, 22|3601, 22|3684, 23|3724, 23|4009, http://www.baidu.com, 
18|1, 18|2461, 19|2517, 19|2595, 21|2644, 24|2871, 21|2913, 21|3053, 20|3085, 20|3115, 22|3172, 22|3568, 23|3602, 23|3789, 24|3815, 24|3892, 28|3917, 28|4003, http://www.sohu.com, 
18|1, 18|2479, 21|2558, 21|2701, 22|2796, 26|2892, 26|3244, 24|3295, 26|3349, 26|3595, 23|3624, 23|3790, 25|3861, 24|3906, 24|4062, http://www.instagram.com, 
19|1, 19|2581, 22|2941, 25|3066, 25|3223, 21|3247, 21|3337, 23|3462, 23|3583, 25|3649, 24|3676, 24|3729, 23|3753, 23|3804, 25|3854, 24|3908, 24|3955, 25|3983, 27|4031, http://www.vk.com, 
19|1, 19|977, 20|1000, 20|2526, 21|2625, 21|2656, 23|2856, 24|2966, 26|3083, 26|3246, 22|3302, 22|3461, 29|3522, 29|3612, 28|3646, 28|3669, 26|3704, 26|3726, 25|3748, 25|3800, 26|3883, 32|3921, 39|4588, http://www.yahoo.com, 
20|1, 20|2586, 21|2737, 21|2873, 23|2951, 23|3084, 26|3203, 26|3390, 22|3416, 22|3603, 24|3654, 24|3736, 23|3783, 23|3815, 22|3847, 24|3940, 24|4014, http://www.vk.com, 
20|1, 20|2556, 22|2738, 23|2821, 23|2936, 26|3076, 26|3299, 24|3362, 27|3509, 26|3541, 24|3577, 24|3698, 23|3720, 23|4329, http://www.reddit.com, 
20|1, 20|2600, 21|2674, 21|2831, 23|2865, 26|3070, 26|3273, 22|3441, 26|3559, 26|3757, 24|3781, 23|3813, 26|4164, http://www.amazon.com, 
20|1, 20|2477, 21|2576, 21|2724, 23|2881, 26|2984, 26|3234, 22|3290, 40|3534, 22|3733, 22|3882, 24|3985, 26|4115, http://www.sina.com.cn, 
22|1, 22|507, 20|540, 20|2630, 26|3135, 26|3251, 22|3409, 22|3545, 24|3575, 24|3597, 25|3652, 25|4041, http://www.360.cn, 
20|1, 20|2168, 21|2211, 21|2365, 26|2611, 26|2807, 22|2851, 24|2982, 24|3112, 25|3138, 25|3281, 24|3307, 25|3397, 25|3482, 27|3528, 28|3556, 28|3606, 26|3642, 24|3689, 25|3784, 23|4183, http://www.vk.com, 
20|1, 20|2691, 23|2913, 26|3087, 26|3364, 22|3409, 22|3462, 24|3530, 24|3557, 25|3650, 26|3674, 27|3698, 26|3729, 26|3752, 23|3776, 22|3799, 22|3833, 23|3887, 44|4276, http://www.yahoo.com, 
19|1, 19|2068, 23|2431, 22|2474, 25|2527, 25|2831, 23|2932, 25|3069, 26|3184, 26|3213, 25|3250, 25|3373, 19|3398, 19|4004, http://www.tmall.com, 
20|1, 20|2629, 21|2672, 21|2736, 26|3176, 26|3249, 46|3308, 42|3380, 40|3557, 19|3626, 20|3760, 23|4010, http://www.qq.com, 
18|1, 18|2606, 19|2750, 19|2778, 21|2815, 22|2987, 24|3233, 24|3304, 26|3353, 19|3561, 19|3757, 31|3883, 32|3958, 32|4018, http://www.jd.com, 
17|1, 17|2557, 21|2888, 22|3105, 22|3182, 20|3236, 20|3455, 21|3486, 25|3528, 25|3734, 23|3776, 22|3822, 20|3852, 20|3946, 22|3971, 23|4003, http://www.amazon.com, 
17|1, 17|2596, 18|2660, 17|2715, 20|2751, 21|3014, 21|3114, 23|3161, 23|3306, 25|3345, 25|3421, 21|3442, 23|3467, 23|3492, 25|3514, 25|3538, 24|3564, 20|3594, 20|3732, 18|3756, 18|3835, 22|3938, 23|3976, 23|4002, http://www.linkedin.com, 
17|1, 17|2589, 18|2689, 18|2751, 17|2831, 21|3059, 23|3099, 23|3397, 19|3432, 19|3621, 21|3680, 21|3797, 19|3859, 20|3885, 24|4091, http://www.sohu.com, 
17|1, 17|2601, 18|2626, 21|2870, 21|2902, 23|3068, 23|3303, 19|3348, 21|3391, 21|3479, 23|3529, 25|3558, 24|3595, 23|3620, 20|3645, 20|3733, 18|3798, 18|3891, 22|3915, 22|4008, http://www.linkedin.com, 
17|1, 17|2625, 18|2778, 18|2814, 23|3243, 23|3358, 19|3409, 19|3483, 21|3647, 23|3678, 23|3824, 21|3913, 19|4069, http://www.instagram.com, 
17|1, 17|2582, 20|2839, 23|3118, 23|3281, 19|3338, 19|3373, 20|3485, 22|3604, 21|3654, 22|3691, 23|3723, 23|3807, 21|3880, 24|3928, 20|4530, http://www.imgur.com, 
17|1, 17|2717, 23|3179, 23|3277, 25|3308, 25|3362, 21|3393, 21|3475, 23|3503, 20|3529, 20|3576, 22|3602, 22|3650, 24|3690, 24|3761, 27|3859, 24|3881, 24|4008, http://www.taobao.com, 
17|1, 17|189, 18|216, 18|238, 20|266, 20|366, 17|394, 17|636, 18|661, 18|707, 20|743, 20|898, 17|923, 17|1041, 18|1079, 18|1108, 20|1134, 20|1295, 17|1336, 17|2611, 18|2650, 18|2694, 20|2925, 20|3009, 21|3090, 23|3141, 23|3349, 18|3639, 18|3679, 19|3712, 18|4125, http://www.qq.com, 
17|1, 17|2535, 18|2801, 21|3059, 23|3154, 23|3439, 19|3464, 19|3534, 18|3559, 18|3816, 17|3840, 17|4006, http://www.sina.com.cn, 
17|1, 17|2670, 18|2713, 18|2742, 17|2798, 23|3122, 23|3352, 19|3387, 19|3621, 21|3660, 21|3774, 19|3818, 19|3867, 22|3934, 22|4015, http://www.live.com, 
18|1, 18|2612, 19|2704, 19|2740, 24|3095, 24|3291, 20|3365, 20|3565, 22|3603, 22|3726, 21|3786, 20|3835, 20|4015, http://www.live.com, 
18|1, 18|2567, 19|2633, 19|2697, 24|3009, 24|3306, 20|3429, 20|3631, 22|3660, 22|3734, 21|3790, 21|3875, 22|3942, 22|4023, http://www.baidu.com, 
18|1, 18|2650, 19|2702, 19|2750, 21|2802, 21|2875, 22|3001, 24|3223, 24|3358, 20|3504, 22|3539, 23|4016, http://www.qq.com, 
18|1, 18|2563, 19|2696, 22|3054, 24|3131, 24|3357, 22|3429, 22|3544, 23|3580, 23|3623, 19|3653, 20|3707, 20|3767, 19|3796, 19|3909, 18|3929, 22|3998, 22|4020, http://www.netflix.com, 
18|1, 18|2636, 19|2683, 23|2847, 24|2967, 24|3001, 26|3066, 26|3128, 24|3218, 24|3299, 20|3354, 22|3594, 23|3674, 23|3814, 21|3849, 21|4118, http://www.360.cn, 
18|1, 18|2619, 19|2647, 19|2673, 21|2865, 24|3019, 24|3447, 28|3482, 28|3509, 25|3558, 25|3731, 24|3754, 18|3776, 18|4011, http://www.tmall.com, 
17|1, 17|2303, 18|2353, 18|2567, 19|2663, 18|2739, 20|2970, 23|3147, 23|3418, 19|3459, 21|3499, 21|3601, 25|3649, 25|3839, 23|3861, 23|3891, 20|3927, 20|4001, http://www.amazon.com, 
17|1, 17|2545, 18|2589, 18|2959, 23|3061, 23|3258, 21|3283, 21|3461, 25|3488, 25|3684, 23|3718, 23|3761, 20|3792, 22|4028, http://www.amazon.com, 
17|1, 17|2163, 18|2195, 19|2578, 23|2641, 23|2881, 22|2974, 23|3030, 23|3226, 20|3262, 20|3531, 21|3667, 21|4032, http://www.instagram.com, 
17|1, 17|2652, 18|2703, 18|2743, 23|3092, 23|3288, 21|3395, 23|3531, 25|3564, 25|3600, 21|3633, 21|3808, 19|3830, 18|3856, 18|3891, 22|3944, 23|4033, http://www.linkedin.com, 
17|1, 17|2501, 23|3011, 20|3126, 22|3313, 22|3344, 21|3380, 21|3404, 23|3437, 24|3498, 23|3528, 21|3554, 21|3662, 19|3689, 19|3714, 18|3736, 18|3850, 22|3949, 22|4222, http://www.linkedin.com, 
17|1, 17|2609, 18|2708, 17|2966, 23|3168, 23|3409, 21|3521, 21|3641, 20|3666, 20|3723, 22|3748, 22|4012, http://www.vk.com, 
17|1, 17|2662, 20|2825, 20|2857, 21|3041, 23|3174, 23|3303, 21|3603, 23|3931, 25|4149, http://www.360.cn, 
18|1, 18|2081, 19|2185, 21|2508, 24|2598, 24|2767, 20|2825, 20|2954, 22|2980, 22|3085, 21|3113, 21|3203, 22|3231, 21|3300, 21|3523, 20|3558, 18|4069, http://www.live.com, 
17|1, 17|2689, 18|2791, 21|3028, 23|3136, 23|3353, 19|3391, 19|3702, 22|3730, 22|3796, 20|3831, 20|3878, 21|3903, 21|4007, http://www.sohu.com, 
20|1, 20|2724, 21|2753, 22|2846, 26|2947, 26|2991, 27|3187, 27|3459, 35|3602, 36|3630, 36|3668, 44|3804, 44|3831, 43|3887, 38|4099, http://www.facebook.com, 
20|1, 20|2213, 21|2241, 21|2482, 26|2642, 26|2793, 28|2913, 25|3134, 24|3179, 24|3294, 21|3449, 21|3723, 22|3768, 22|3831, 23|3865, 25|3904, 24|4040, http://www.wikipedia.org, 
20|1, 20|2597, 21|2628, 21|2718, 23|3028, 26|3189, 26|3348, 34|3447, 34|3507, 21|3760, 20|3865, 21|3961, 21|4013, http://www.jd.com, 
20|1, 20|2630, 21|2665, 26|3076, 26|3446, 24|3501, 24|3572, 23|3596, 23|3642, 25|3688, 25|3778, 24|3826, 26|3867, 26|3911, 25|3934, 26|4033, http://www.vk.com, 
20|1, 20|2556, 21|2674, 23|2794, 23|2862, 24|2945, 23|2989, 26|3054, 26|3332, 24|3464, 24|3548, 27|3853, 27|4045, http://www.sohu.com, 
19|1, 19|2979, 27|3150, 27|3324, 37|3507, 37|3573, 43|3708, 42|3776, 41|3877, 38|3905, 37|3929, 38|4378, http://www.facebook.com, 
19|1, 19|2614, 20|2669, 20|2695, 22|2778, 22|2933, 25|3130, 25|3364, 21|3489, 23|3517, 23|3540, 25|3598, 27|3626, 28|3652, 24|3685, 22|3740, 21|3771, 21|3823, 22|3909, 30|3977, 37|4087, http://www.yahoo.com, 
19|1, 19|1817, 20|1849, 20|2097, 21|2169, 21|2271, 24|2564, 26|2629, 26|2812, 27|2854, 26|2890, 23|2927, 23|3064, 24|3093, 24|3149, 25|3238, 25|3263, 26|3330, 28|3365, 27|3400, 25|3437, 21|3983, 20|4111, http://www.imgur.com, 
19|1, 19|2550, 20|2642, 20|2678, 22|2924, 22|3010, 25|3050, 25|3330, 21|3360, 21|3622, 23|3672, 23|3715, 22|3741, 22|3829, 23|3860, 23|4005, http://www.baidu.com, 
21|1, 21|2675, 22|2754, 24|2820, 24|3118, 26|3235, 26|3468, 23|3802, 24|3852, 26|4047, http://www.qq.com, 
19|1, 19|2593, 20|2673, 20|2701, 19|2764, 22|2915, 25|3137, 25|3317, 27|3376, 23|3408, 23|3500, 25|3523, 25|3550, 24|3643, 26|3703, 30|3729, 30|3781, 29|3815, 29|3842, 26|3866, 26|3968, 20|3991, 20|4039, http://www.taobao.com, 
16|1, 16|2666, 20|2901, 22|3086, 20|3152, 20|3280, 18|3672, 18|4004, http://www.sina.com.cn, 
16|1, 16|2609, 17|2691, 19|2905, 19|3038, 22|3085, 22|3382, 20|3412, 20|3489, 23|3543, 23|3568, 24|3604, 21|3631, 21|3654, 18|3676, 18|3749, 19|3783, 18|3827, 26|3880, 34|3965, 26|4170, http://www.yahoo.com, 
16|1, 16|2664, 17|2704, 17|2782, 22|3190, 22|3356, 20|3422, 24|3538, 20|3577, 20|3750, 19|3797, 22|3826, 17|4033, http://www.amazon.com, 
16|1, 16|2091, 17|2116, 17|2140, 19|2212, 19|2473, 22|2585, 22|2731, 23|2998, 22|3044, 20|3072, 20|3180, 18|3215, 18|3238, 17|3263, 17|4008, http://www.reddit.com, 
16|1, 16|2558, 17|2667, 18|2783, 19|2814, 20|2871, 20|3181, 18|3216, 18|3422, 20|3452, 20|3492, 22|3588, 22|3632, 26|3666, 26|3709, 23|3733, 23|3777, 22|3804, 22|3917, 16|3941, 16|4028, http://www.tmall.com, 
16|1, 16|2176, 17|2217, 20|2475, 22|2595, 22|2780, 24|2822, 20|2889, 20|3001, 19|3068, 19|3111, 22|3138, 22|3171, 24|3205, 28|3297, 27|3331, 27|3456, 24|3479, 24|3616, 18|3640, 18|3687, 22|3744, 26|3769, 25|3797, 24|3847, 21|3867, 21|4023, http://www.taobao.com, 
16|1, 16|2629, 17|2704, 22|3144, 22|3355, 18|3492, 21|3603, 22|3629, 23|3668, 21|3693, 19|3724, 19|3759, 18|3793, 18|3831, 28|3988, 24|4737, http://www.yahoo.com, 
16|1, 16|2580, 17|2621, 17|2667, 18|2807, 18|2938, 21|3026, 24|3085, 23|3239, 25|3266, 25|3382, 35|3527, 33|3621, 40|3655, 40|3701, 38|3730, 37|3757, 36|3799, 30|3953, 28|3982, 28|4064, http://www.facebook.com, 
16|1, 16|2654, 17|2740, 19|2912, 21|3032, 22|3163, 22|3408, 24|3445, 24|3512, 27|3600, 27|3623, 25|3661, 22|3821, 22|3873, 21|3911, 21|4203, http://www.wikipedia.org, 
21|1, 21|2625, 22|2682, 22|2745, 27|2959, 29|3178, 27|3224, 27|3409, 31|3452, 31|3492, 41|3527, 49|3559, 49|3594, 51|3622, 66|3652, 78|3708, 74|3811, 65|3842, 68|3871, 71|3903, 70|3993, 60|4021, http://www.google.com, 
21|1, 21|2690, 22|2720, 22|2783, 21|2809, 21|2839, 27|3150, 29|3279, 27|3340, 27|3684, 75|3924, 75|4022, http://www.google.com, 
21|1, 21|2519, 22|2578, 22|2670, 24|2857, 24|2912, 27|3043, 27|3361, 29|3403, 31|3499, 35|3526, 35|3642, 32|3666, 32|3723, 31|3747, 31|3815, 25|3881, 25|3905, 21|3929, 21|4019, http://www.tmall.com, 
21|1, 21|2617, 26|3124, 27|3276, 29|3312, 29|3418, 35|3505, 35|3610, 32|3635, 32|3794, 26|3820, 25|3845, 21|4004, http://www.tmall.com, 
21|1, 21|2467, 22|2608, 22|2720, 21|2748, 21|2820, 25|2958, 27|3038, 27|3405, 29|3446, 29|3566, 30|3616, 30|3764, 27|3843, 26|3868, 29|4054, http://www.vk.com, 
21|1, 21|2615, 22|2717, 29|3198, 29|3271, 41|3419, 39|3494, 39|3548, 42|3661, 35|4140, http://www.facebook.com, 
20|1, 20|2607, 21|2691, 21|2765, 23|3046, 26|3109, 26|3278, 28|3363, 28|3514, 26|3536, 26|3577, 28|3632, 28|3684, 25|3716, 22|3737, 23|3762, 24|3802, 23|3834, 23|3876, 24|3902, 25|3925, 24|3949, 26|4023, http://www.imgur.com, 
20|1, 20|2608, 21|2717, 21|2794, 22|2941, 26|3114, 26|3276, 27|3302, 27|3354, 31|3513, 34|3591, 33|3631, 33|3694, 30|3737, 24|3852, 25|3928, 22|4040, http://www.instagram.com, 
20|1, 20|2667, 23|2920, 26|3093, 26|3361, 27|3429, 29|3511, 29|3567, 27|3593, 27|3621, 26|3737, 20|3912, 20|4031, http://www.jd.com, 
20|1, 20|2505, 21|2631, 21|2664, 23|2907, 24|3153, 27|3209, 27|3261, 28|3318, 27|3365, 29|3433, 29|3575, 28|3607, 29|3635, 25|3661, 29|3711, 27|3737, 31|4072, http://www.sohu.com, 
20|1, 20|2594, 21|2647, 21|2691, 26|3052, 26|3158, 27|3267, 29|3345, 29|3408, 31|3448, 27|3559, 27|3589, 29|3630, 29|3678, 25|3870, 22|4098, http://www.instagram.com, 
20|1, 20|2567, 21|2604, 21|2636, 24|2914, 26|3068, 26|3125, 27|3186, 39|3211, 40|3249, 41|3301, 23|3618, 23|3680, 22|3751, 25|3823, 30|4037, http://www.jd.com, 
20|1, 20|2684, 21|2716, 21|2786, 23|2976, 23|3245, 24|3351, 24|3572, 25|3632, 26|3684, 27|3722, 25|3746, 25|3769, 27|3791, 27|3840, 25|3867, 23|3992, 23|4107, http://www.imgur.com, 
20|1, 20|2625, 21|2662, 21|2777, 26|3120, 26|3293, 27|3329, 27|3386, 25|3653, 29|3839, 27|3882, 27|4196, http://www.sohu.com, 
20|1, 20|2561, 21|2643, 21|2694, 24|3074, 26|3104, 26|3201, 27|3237, 27|3291, 28|3317, 28|3347, 29|3414, 29|3439, 25|3477, 25|3587, 27|3711, 26|3750, 22|4223, http://www.instagram.com, 
20|1, 20|2560, 21|2774, 23|2857, 26|3127, 26|3175, 27|3228, 27|3284, 28|3375, 27|3421, 25|3462, 27|3620, 27|3646, 26|3676, 26|3703, 24|3856, 23|4292, http://www.wikipedia.org, 
20|1, 20|2570, 21|2650, 21|2681, 26|3115, 27|3184, 27|3416, 29|3441, 30|3481, 29|3518, 21|4170, http://www.wikipedia.org, 
21|1, 21|2190, 22|2222, 22|2338, 24|2374, 25|2510, 28|2763, 28|2964, 26|3075, 26|3146, 25|3205, 25|3262, 24|3284, 24|3330, 22|3353, 22|3481, 23|3555, 26|3695, 26|4014, http://www.amazon.com, 
20|1, 20|3022, 26|3123, 26|3165, 27|3195, 27|3254, 29|3364, 27|3435, 25|3473, 25|3534, 26|3616, 27|3647, 25|3680, 25|3704, 23|3727, 33|4088, http://www.yahoo.com, 
20|1, 20|2657, 21|2718, 23|2852, 24|2947, 23|3028, 23|3056, 26|3103, 26|3207, 27|3253, 27|3316, 35|3433, 35|3528, 24|3554, 25|3646, 26|3702, 23|3743, 21|3874, 22|3908, 22|4001, http://www.sina.com.cn, 
20|1, 20|2573, 21|2732, 24|2989, 26|3061, 26|3188, 27|3223, 27|3281, 28|3331, 27|3389, 27|3595, 28|3623, 25|3646, 25|3689, 29|3714, 29|3758, 27|3785, 27|4002, http://www.sohu.com, 
20|1, 20|2757, 21|2799, 21|2841, 20|2941, 23|2993, 23|3149, 26|3255, 26|3450, 29|3511, 27|3688, 27|3717, 26|3751, 26|3791, 28|3826, 28|3872, 31|3912, 30|3951, 30|4015, http://www.taobao.com, 
20|1, 20|2613, 21|2668, 21|2720, 22|2746, 24|3065, 24|3105, 26|3165, 26|3264, 29|3323, 29|3553, 28|3580, 28|3634, 32|3664, 32|3733, 30|3755, 30|3779, 27|3800, 27|3906, 21|3932, 21|4043, http://www.taobao.com, 
17|1, 17|2562, 18|2684, 21|2926, 23|3126, 23|3202, 24|3239, 20|3333, 22|3371, 22|3471, 21|3522, 21|3604, 20|3646, 22|3672, 22|3763, 18|3808, 18|4014, http://www.netflix.com, 
17|1, 17|2506, 18|2571, 18|2624, 19|2663, 21|2796, 21|2834, 20|2895, 23|3122, 23|3183, 24|3218, 20|3248, 23|3365, 27|3494, 24|3532, 24|3636, 21|3660, 19|3724, 22|3835, 22|4032, http://www.reddit.com, 
17|1, 17|2619, 18|2670, 18|2705, 21|3043, 23|3117, 23|3268, 24|3553, 18|3611, 18|3674, 19|3754, 18|3830, 18|3911, 19|3940, 21|4003, http://www.qq.com, 
17|1, 17|2886, 23|3201, 24|3261, 25|3336, 25|3360, 24|3446, 24|3487, 22|3513, 22|3639, 23|3663, 23|3712, 27|3738, 26|3760, 26|3787, 24|3811, 24|4001, http://www.sohu.com, 
17|1, 17|2578, 18|2605, 18|2688, 19|2735, 21|3003, 23|3091, 23|3243, 24|3275, 20|3306, 22|3632, 22|3943, 20|3995, 20|4030, http://www.sina.com.cn, 
17|1, 17|2593, 18|2657, 18|2686, 23|3039, 23|3182, 24|3206, 24|3269, 22|3362, 20|3761, 21|4029, http://www.360.cn, 
17|1, 17|2671, 18|2759, 20|2948, 20|3085, 23|3222, 23|3402, 20|3432, 21|3738, 22|3851, 23|4041, http://www.360.cn, 
17|1, 17|2658, 18|2686, 18|2721, 23|3142, 24|3190, 24|3234, 32|3456, 19|3513, 19|3624, 17|3914, 17|4043, http://www.jd.com, 
17|1, 17|1341, 18|1365, 18|1620, 17|1640, 17|2622, 18|2763, 18|2798, 20|3031, 23|3127, 23|3349, 19|3374, 20|3402, 20|3450, 22|3608, 25|3641, 25|3662, 24|3689, 24|3713, 26|3748, 26|3794, 20|3879, 20|3913, 18|3938, 18|4002, http://www.netflix.com, 
17|1, 17|1830, 18|1860, 18|2098, 19|2130, 17|2158, 17|2570, 18|2691, 18|2749, 23|3152, 23|3262, 24|3301, 24|3330, 22|3486, 20|3518, 22|3549, 22|3662, 21|3700, 20|3741, 20|3805, 21|3843, 21|4018, http://www.live.com, 
17|1, 17|2564, 18|2653, 21|2894, 23|2994, 23|3221, 24|3248, 24|3395, 22|3517, 26|3611, 24|3672, 24|3697, 18|3922, 18|4058, http://www.wikipedia.org, 
17|1, 17|2648, 23|2912, 26|2944, 24|2973, 24|3162, 23|3203, 22|3227, 24|3253, 24|3345, 25|3417, 30|3518, 35|3616, 35|3644, 34|3684, 41|4041, http://www.facebook.com, 
17|1, 17|2605, 18|2690, 18|2749, 19|2780, 20|2886, 23|3069, 23|3160, 24|3215, 23|3260, 23|3351, 20|3399, 22|3425, 24|3451, 28|3517, 44|3549, 44|3616, 55|3644, 71|3696, 70|3738, 67|3788, 66|3833, 66|3882, 62|3920, 59|3978, 57|4012, http://www.google.com, 
17|1, 17|2689, 18|2716, 18|2838, 21|3016, 20|3061, 23|3261, 21|3326, 22|3447, 21|3575, 21|3669, 20|3696, 20|3720, 21|3763, 21|3878, 20|3899, 20|3953, 21|3980, 21|4003, http://www.baidu.com, 
18|1, 18|2685, 19|2883, 21|3062, 21|3185, 25|3227, 22|3279, 24|3329, 24|3370, 22|3409, 22|3594, 21|3614, 21|3676, 20|3698, 20|3721, 29|3778, 28|3834, 29|3891, 29|4052, http://www.baidu.com, 
20|1, 20|2578, 21|2642, 23|2716, 26|2973, 26|3073, 27|3119, 27|3171, 28|3223, 27|3318, 27|3423, 29|3452, 29|3477, 30|3504, 29|3556, 27|3589, 24|3623, 21|4107, http://www.wikipedia.org, 
17|1, 17|2652, 18|2679, 18|2748, 20|2863, 23|3120, 23|3171, 24|3196, 24|3267, 26|3313, 46|3357, 20|3696, 20|3791, 19|3817, 20|3868, 23|3904, 23|4004, http://www.qq.com, 
17|1, 17|2633, 18|2710, 23|3110, 23|3186, 24|3214, 24|3269, 25|3300, 25|3334, 26|3383, 42|3465, 71|3560, 71|3622, 67|3720, 67|3790, 66|3812, 62|3834, 58|3857, 57|3898, 54|3923, 44|3949, 40|3974, 44|4068, http://www.google.com, 
17|1, 17|2667, 18|2754, 21|3054, 23|3128, 23|3335, 26|3376, 25|3482, 28|3513, 28|3590, 25|3614, 29|3640, 29|3757, 26|3780, 25|3801, 24|3823, 24|3908, 18|3940, 18|4010, http://www.taobao.com, 
17|1, 17|2649, 18|2707, 18|2740, 20|2967, 23|3126, 24|3228, 24|3257, 25|3307, 21|3335, 21|3354, 24|3456, 24|3481, 25|3503, 26|3539, 27|3569, 24|3627, 24|3653, 21|3678, 21|3785, 20|3820, 20|4031, http://www.reddit.com, 
17|1, 17|2627, 19|2918, 23|3015, 23|3093, 24|3136, 24|3215, 25|3246, 25|3280, 22|3443, 25|3518, 26|3547, 25|3569, 24|3592, 21|3615, 21|3725, 19|3758, 19|3864, 18|3885, 22|3910, 22|4119, http://www.linkedin.com, 
17|1, 17|2631, 18|2665, 18|2705, 20|2831, 21|3088, 23|3173, 23|3214, 21|3244, 34|3474, 57|3772, 57|3839, 58|3874, 19|4013, http://www.sina.com.cn, 
17|1, 17|2588, 18|2726, 19|2887, 21|3060, 21|3261, 22|3289, 20|3318, 20|3349, 22|3530, 22|3659, 21|3678, 20|3700, 20|4017, http://www.live.com, 
17|1, 17|2553, 18|2645, 18|2717, 19|2762, 23|3135, 24|3161, 24|3238, 25|3278, 24|3356, 24|3521, 23|3544, 25|3572, 25|3616, 22|3637, 22|3707, 21|3734, 23|3769, 23|3792, 22|3811, 22|3921, 24|3951, 24|3973, 25|3994, 25|4014, http://www.vk.com, 
17|1, 17|2639, 18|2669, 18|2821, 21|2953, 23|2997, 23|3225, 24|3254, 24|3313, 21|3352, 20|3457, 20|3552, 22|3582, 22|3651, 21|3674, 20|3695, 20|3729, 19|3752, 19|3955, 20|3977, 20|4001, http://www.live.com, 
17|1, 17|2561, 18|2639, 18|2731, 20|2863, 20|3164, 21|3195, 21|3241, 20|3268, 24|3481, 22|3513, 24|3541, 25|3572, 25|3610, 23|3635, 23|3656, 20|3679, 20|3751, 18|3776, 18|3944, 22|3988, 22|4069, http://www.linkedin.com, 
17|1, 17|2665, 20|2835, 21|3088, 23|3115, 23|3221, 24|3333, 27|3415, 24|3450, 24|3508, 27|3568, 26|3594, 24|3618, 24|3746, 21|3770, 21|3815, 20|3879, 20|4253, http://www.reddit.com, 
17|1, 17|2536, 18|2598, 18|2747, 20|2784, 20|2809, 23|3094, 23|3192, 24|3224, 24|3257, 22|3437, 21|3991, 21|4020, http://www.360.cn, 
17|1, 17|2641, 18|2679, 18|2739, 22|3040, 23|3175, 24|3217, 24|3310, 22|3430, 22|3671, 19|3692, 19|3734, 30|3807, 31|3987, 19|4326, http://www.baidu.com, 
19|1, 19|2641, 20|2723, 20|2772, 22|2920, 22|3016, 25|3094, 25|3262, 26|3303, 26|3357, 29|3408, 26|3442, 26|3522, 27|3546, 27|3571, 24|3652, 23|3742, 23|3766, 21|3796, 21|3824, 20|3860, 20|4150, http://www.wikipedia.org, 
17|1, 17|2630, 18|2692, 18|2736, 23|3118, 23|3256, 24|3288, 24|3321, 20|3503, 19|3734, 19|3773, 17|3812, 17|4029, http://www.jd.com, 
17|1, 17|2473, 18|2597, 20|2797, 25|3017, 25|3068, 23|3114, 23|3139, 24|3167, 24|3378, 42|3434, 46|3459, 61|3485, 71|3606, 59|3687, 59|3770, 54|3809, 54|3838, 42|3869, 40|3890, 40|3911, 42|3935, 42|4016, http://www.google.com, 
17|1, 17|2579, 18|2655, 18|2746, 20|2838, 21|2929, 23|3139, 24|3201, 24|3272, 25|3304, 22|3342, 22|3382, 20|3408, 20|3521, 22|3552, 22|3594, 20|3619, 20|3641, 22|3668, 22|3710, 18|3806, 18|4016, http://www.netflix.com, 
17|1, 17|2673, 21|2901, 21|3005, 23|3170, 23|3249, 24|3275, 24|3305, 21|3377, 22|3414, 22|3586, 23|3611, 23|3666, 22|3697, 18|3744, 19|3767, 18|3789, 18|4002, http://www.netflix.com, 
17|1, 17|2688, 18|2715, 18|2806, 20|2987, 20|3289, 21|3325, 21|3411, 23|3444, 23|3540, 24|3568, 24|3648, 26|3674, 26|3698, 28|3733, 29|3772, 30|3796, 28|3854, 23|4075, http://www.wikipedia.org, 
17|1, 17|2640, 18|2680, 18|2726, 20|2835, 20|2974, 23|3143, 23|3250, 24|3281, 24|3305, 34|3529, 22|3573, 22|3812, 21|3838, 21|3864, 22|3895, 22|3937, 24|3968, 24|4069, http://www.jd.com, 
17|1, 17|2677, 18|2719, 21|3014, 23|3138, 23|3229, 24|3254, 24|3315, 21|3368, 22|3398, 22|3436, 20|3469, 20|3552, 21|3583, 21|3685, 22|3709, 22|3793, 19|3818, 19|3843, 20|3864, 19|4018, http://www.netflix.com, 
17|1, 17|2633, 18|2661, 18|2775, 20|3008, 23|3156, 23|3296, 24|3342, 26|3480, 28|3527, 22|3550, 22|3601, 23|3637, 23|3671, 22|3695, 22|3722, 20|3756, 22|3786, 22|3864, 21|3886, 21|4008, http://www.netflix.com, 
17|1, 17|2613, 18|2672, 18|2703, 21|3051, 23|3126, 23|3196, 24|3217, 24|3453, 25|3538, 25|3587, 24|3608, 22|3632, 22|3751, 20|3780, 22|3807, 22|4171, http://www.reddit.com, 
17|1, 17|2586, 18|2703, 18|2795, 20|2958, 23|3005, 23|3204, 24|3233, 24|3286, 28|3377, 25|3471, 25|3518, 22|3543, 22|3746, 21|3767, 20|3927, 22|4142, http://www.amazon.com, 
17|1, 17|2668, 18|2716, 20|2922, 23|3180, 24|3209, 24|3262, 28|3336, 24|3433, 28|3465, 28|3548, 25|3573, 25|3713, 19|3741, 19|3764, 18|3787, 18|4010, http://www.tmall.com, 
17|1, 17|2605, 18|2640, 18|2708, 21|2775, 20|2850, 23|2940, 23|3250, 24|3286, 24|3339, 25|3431, 24|3470, 24|3508, 42|3535, 42|3586, 44|3616, 70|3669, 69|3709, 65|3733, 65|3820, 62|3880, 62|3926, 59|3957, 59|4037, http://www.google.com, 
17|1, 17|2532, 18|2654, 18|2689, 17|2730, 21|2846, 23|3028, 23|3175, 24|3214, 26|3245, 26|3340, 28|3451, 28|3502, 25|3527, 25|3680, 22|3716, 18|3754, 18|4019, http://www.tmall.com, 
17|1, 17|2536, 18|2597, 18|2636, 20|2726, 23|2901, 23|3128, 25|3215, 26|3252, 26|3317, 24|3426, 42|3463, 42|3510, 46|3534, 72|3608, 67|3673, 67|3872, 60|3901, 56|3922, 52|3947, 52|4017, http://www.google.com, 
17|1, 17|2629, 18|2709, 18|2826, 20|2900, 23|2960, 25|3137, 25|3195, 24|3231, 23|3257, 24|3286, 24|3350, 25|3390, 42|3583, 63|3640, 71|3685, 68|3717, 63|3767, 54|3884, 54|3939, 55|3963, 56|3989, 54|4025, http://www.google.com, 
17|1, 17|2619, 18|2657, 22|2855, 26|3067, 27|3163, 25|3190, 25|3213, 26|3245, 26|3344, 35|3572, 44|3641, 44|3666, 42|3692, 44|4003, http://www.facebook.com, 
17|1, 17|2684, 18|2729, 18|2817, 22|3011, 26|3290, 27|3351, 27|3403, 28|3464, 36|3584, 37|3621, 37|3650, 35|3674, 37|3700, 40|3768, 40|4122, http://www.facebook.com, 
17|1, 17|2605, 18|2706, 20|2791, 20|2823, 21|2880, 21|2956, 23|2998, 23|3307, 20|3348, 20|3431, 22|3473, 24|3514, 24|3542, 22|3565, 22|3591, 25|3637, 25|3661, 24|3684, 24|3744, 22|3781, 22|3888, 23|3935, 18|4056, http://www.reddit.com, 
17|1, 17|2630, 18|2674, 18|2816, 21|2982, 21|3244, 22|3284, 21|3364, 23|3462, 21|3496, 21|3521, 23|3547, 22|3574, 22|3619, 24|3644, 24|3672, 23|3698, 23|3724, 25|3751, 25|3803, 20|3887, 22|4247, http://www.imgur.com, 
17|1, 17|2542, 18|2642, 18|2678, 21|2931, 23|3072, 23|3184, 24|3209, 24|3235, 20|3272, 22|3343, 24|3398, 23|3432, 21|3457, 21|3483, 23|3506, 23|3595, 21|3619, 24|3647, 23|3673, 23|3698, 25|3722, 24|3747, 23|3783, 24|3815, 22|3872, 20|4155, http://www.imgur.com, 
17|1, 17|170, 18|204, 18|407, 17|433, 17|2636, 18|2733, 21|3025, 21|3288, 22|3317, 20|3363, 20|3454, 24|3485, 23|3519, 23|3613, 24|3640, 24|3689, 25|3746, 26|3783, 25|3807, 24|3838, 26|3871, 26|3905, 22|3953, 22|4173, http://www.imgur.com, 
