159|1, 159|394, 160|423, 160|495, 161|524, 161|575, 162|615, 165|797, 166|828, 167|1064, 168|1096, 168|1152, 170|1186, 170|1747, 174|1815, 174|2085, 175|2150, 175|2511, 176|2534, 176|2609, 178|2642, 178|2935, 179|2961, 179|4018, http://www.linkedin.com, 
180|1, 180|469, 181|495, 181|2314, 182|2360, 182|2398, 185|2725, 185|2930, 187|3016, 188|4075, http://www.linkedin.com, 
196|1, 196|2473, 200|2668, 200|3193, 202|3220, 202|3627, 208|3732, 211|3761, 211|4063, http://www.yahoo.com, 
214|1, 214|1973, 215|2000, 215|2051, 218|2086, 218|2759, 220|2787, 220|3568, 223|3632, 223|3902, 224|3982, 224|4010, http://www.live.com, 
225|1, 225|2442, 226|2605, 229|2738, 229|3427, 231|3477, 231|3678, 232|3742, 232|4008, http://www.360.cn, 
238|1, 238|2447, 239|2530, 239|2820, 244|3043, 244|3219, 253|3441, 253|4056, http://www.facebook.com, 
255|1, 255|2440, 256|2519, 256|2570, 259|2753, 259|3337, 262|3499, 262|3651, 263|3675, 263|3709, 264|3738, 264|3894, 265|3920, 265|4010, http://www.qq.com, 
287|1, 287|2391, 288|2484, 288|2516, 291|2761, 291|3283, 292|3355, 292|3848, 293|3888, 294|4020, http://www.qq.com, 
308|1, 308|2404, 309|2490, 309|2517, 312|2815, 312|3162, 314|3231, 314|3554, 321|3640, 323|3677, 324|4220, http://www.yahoo.com, 
330|1, 330|1967, 331|2000, 331|2133, 334|2164, 334|2627, 336|2729, 336|2919, 338|2959, 338|3104, 340|3143, 340|3648, 342|3883, 342|4027, http://www.vk.com, 
346|1, 346|1342, 347|1365, 347|1679, 348|1702, 348|2610, 349|2637, 349|2782, 352|3005, 352|3291, 354|3452, 355|4090, http://www.instagram.com, 
363|1, 363|2386, 364|2430, 367|2530, 367|3449, 368|3475, 368|3839, 369|3865, 369|3969, 370|3996, 370|4016, http://www.jd.com, 
384|1, 384|2434, 385|2490, 385|2607, 388|2820, 388|3117, 390|3144, 390|3287, 392|3313, 392|4019, http://www.taobao.com, 
401|1, 401|2500, 402|2596, 402|2649, 405|2744, 405|3460, 407|3484, 407|3683, 408|3723, 408|4004, http://www.baidu.com, 
423|1, 423|2443, 424|2474, 424|2510, 427|2589, 427|3153, 429|3257, 429|3962, 430|3993, 431|4018, http://www.netflix.com, 
435|1, 435|2487, 436|2513, 436|2548, 439|2715, 439|3052, 441|3211, 441|4009, http://www.tmall.com, 
449|1, 449|2335, 450|2396, 450|2436, 453|2641, 453|3259, 455|3287, 455|3500, 456|3557, 456|4011, http://www.baidu.com, 
467|1, 467|2447, 468|2496, 468|2574, 471|2622, 471|3217, 473|3263, 473|3382, 475|3418, 475|3515, 477|3558, 477|3723, 480|3787, 481|4310, http://www.imgur.com, 
488|1, 488|2421, 489|2474, 489|2515, 492|2759, 492|3157, 495|3557, 495|3599, 496|3689, 496|4074, http://www.sina.com.cn, 
538|1, 538|2353, 539|2473, 542|2680, 542|3348, 544|3377, 547|4005, http://www.live.com, 
549|1, 549|2433, 553|2604, 553|3557, 554|3689, 554|3772, 555|3802, 555|3920, 556|3966, 557|4000, 557|4021, http://www.sina.com.cn, 
579|1, 579|2418, 580|2485, 580|2567, 583|2837, 583|3148, 585|3173, 585|3631, 588|3742, 588|3951, 589|3989, 589|4055, http://www.amazon.com, 
606|1, 606|2374, 607|2454, 607|2584, 610|2761, 610|3095, 612|3265, 613|4104, http://www.reddit.com, 
615|1, 615|2582, 619|2879, 619|3254, 621|3480, 623|3721, 625|3795, 625|3861, 626|3928, 626|4007, http://www.360.cn, 
689|1, 689|2529, 690|2676, 690|2713, 693|2750, 693|3710, 695|3736, 695|3758, 696|3780, 696|3925, 698|3949, 698|4028, http://www.taobao.com, 
702|1, 702|2466, 703|2500, 703|2549, 704|2752, 706|2915, 706|3102, 708|3187, 708|3801, 709|3876, 709|4012, http://www.instagram.com, 
718|1, 718|2432, 719|2523, 722|2827, 722|3444, 724|3467, 724|3675, 725|3721, 725|4015, http://www.baidu.com, 
734|1, 734|2404, 735|2457, 735|2522, 738|2574, 738|3544, 740|3570, 740|3755, 741|3785, 741|4013, http://www.sohu.com, 
771|1, 771|2462, 772|2546, 773|2684, 773|2781, 775|2924, 775|3104, 777|3250, 777|3773, 778|3860, 778|4092, http://www.instagram.com, 
791|1, 791|2569, 795|2967, 795|3328, 797|3450, 797|3568, 799|3637, 799|3791, 801|3857, 801|4017, http://www.vk.com, 
806|1, 806|2577, 807|2614, 807|2642, 810|2873, 810|3288, 812|3483, 812|3790, 818|3875, 821|4102, http://www.yahoo.com, 
825|1, 825|2564, 826|2717, 829|2856, 829|3501, 831|3601, 831|3794, 833|3863, 835|4028, http://www.vk.com, 
840|1, 840|2471, 841|2654, 844|2734, 844|3216, 846|3292, 846|4138, http://www.reddit.com, 
847|1, 847|2572, 848|2646, 851|2806, 851|3259, 853|3503, 856|4286, http://www.amazon.com, 
864|1, 864|2467, 865|2616, 865|2696, 868|2882, 868|3262, 870|3665, 870|3885, 871|3982, 871|4101, http://www.sina.com.cn, 
912|1, 912|2559, 916|2925, 916|3390, 918|3526, 918|3578, 919|3645, 930|4029, http://www.360.cn, 
946|1, 946|2117, 947|2156, 947|2225, 950|2381, 950|2833, 952|2971, 952|3054, 954|3092, 954|3260, 956|3329, 956|3627, 957|3680, 959|4162, http://www.vk.com, 
962|1, 962|2614, 963|2675, 966|2973, 966|3405, 968|3481, 978|4395, http://www.yahoo.com, 
981|1, 981|2098, 985|2420, 985|2917, 987|3052, 987|4015, http://www.tmall.com, 
994|1, 994|2612, 995|2642, 995|2663, 998|3032, 998|3599, 999|3752, 999|3782, 1003|3986, 1003|4050, http://www.qq.com, 
1007|1, 1007|2481, 1008|2662, 1008|2745, 1011|2844, 1011|3689, 1012|3797, 1013|4075, http://www.jd.com, 
1025|1, 1025|2512, 1029|2826, 1029|3257, 1031|3437, 1031|4193, http://www.amazon.com, 
1044|1, 1044|2546, 1045|2593, 1045|2692, 1048|2846, 1048|3287, 1050|3343, 1050|3814, 1051|3922, 1051|4003, http://www.linkedin.com, 
1060|1, 1060|2621, 1061|2679, 1061|2782, 1064|2841, 1064|3542, 1066|3630, 1066|3785, 1067|3838, 1067|4017, http://www.sohu.com, 
1091|1, 1091|2572, 1092|2642, 1095|2843, 1095|3289, 1097|3328, 1097|4021, http://www.linkedin.com, 
1106|1, 1106|2632, 1107|2761, 1107|3040, 1110|3243, 1110|3414, 1112|3474, 1113|4002, http://www.instagram.com, 
1125|1, 1125|2527, 1126|2578, 1129|2887, 1129|3348, 1131|3539, 1133|3579, 1133|3629, 1135|3667, 1135|4181, http://www.imgur.com, 
1140|1, 1140|2564, 1144|2884, 1144|3450, 1146|3480, 1146|3637, 1148|3666, 1148|4004, http://www.taobao.com, 
1153|1, 1153|153, 1154|178, 1154|598, 1155|623, 1155|958, 1156|1017, 1156|2541, 1157|2577, 1157|2805, 1160|2902, 1160|3641, 1161|3726, 1162|4118, http://www.qq.com, 
1171|1, 1171|2489, 1172|2688, 1175|2802, 1175|4004, http://www.sina.com.cn, 
1197|1, 1197|2610, 1198|2657, 1198|2722, 1201|2780, 1201|3565, 1203|3600, 1203|4021, http://www.live.com, 
1205|1, 1205|2601, 1206|2684, 1209|3027, 1209|3509, 1211|3551, 1211|4012, http://www.live.com, 
1213|1, 1213|2570, 1214|2620, 1214|2690, 1217|3026, 1217|3617, 1219|3645, 1219|3836, 1220|3859, 1220|4007, http://www.baidu.com, 
1229|1, 1229|2600, 1230|2654, 1230|2739, 1233|2830, 1233|3448, 1234|3492, 1235|3567, 1235|3690, 1237|3802, 1237|3909, 1238|3942, 1238|4008, http://www.qq.com, 
1241|1, 1241|2558, 1243|2988, 1245|3043, 1245|3377, 1247|3406, 1247|3929, 1249|3975, 1249|4019, http://www.netflix.com, 
1264|1, 1264|2637, 1265|2673, 1269|2910, 1269|3358, 1271|3624, 1272|3676, 1272|4149, http://www.360.cn, 
1279|1, 1279|2432, 1280|2608, 1280|2660, 1283|2866, 1283|3364, 1285|3405, 1285|4020, http://www.tmall.com, 
1291|1, 1291|2256, 1292|2296, 1292|2589, 1293|2687, 1293|2740, 1296|2968, 1296|3401, 1298|3456, 1298|4009, http://www.amazon.com, 
1311|1, 1311|2527, 1312|2575, 1312|2601, 1315|3007, 1315|3158, 1317|3239, 1317|4013, http://www.amazon.com, 
1330|1, 1330|1991, 1331|2130, 1331|2313, 1334|2572, 1334|2774, 1336|2864, 1336|3416, 1337|3554, 1338|4037, http://www.instagram.com, 
1350|1, 1350|2655, 1351|2694, 1351|2739, 1354|3171, 1354|3272, 1356|3401, 1356|3887, 1357|3961, 1357|4018, http://www.linkedin.com, 
1367|1, 1367|2415, 1368|2633, 1371|3046, 1371|3115, 1373|3281, 1373|4207, http://www.linkedin.com, 
1382|1, 1382|2629, 1383|2694, 1386|3011, 1386|3390, 1388|3506, 1388|3678, 1390|3705, 1390|3884, 1392|3927, 1392|4029, http://www.vk.com, 
1393|1, 1393|2547, 1394|2649, 1397|2805, 1397|3293, 1401|3602, 1403|4015, http://www.360.cn, 
1408|1, 1408|2087, 1412|2227, 1412|2886, 1413|2932, 1414|2960, 1414|4017, http://www.live.com, 
1416|1, 1416|2590, 1417|2671, 1420|2785, 1420|3684, 1422|3714, 1422|3837, 1423|3861, 1423|4012, http://www.sohu.com, 
1428|1, 1428|2655, 1429|2708, 1429|2746, 1434|2849, 1434|3439, 1443|3586, 1443|4119, http://www.facebook.com, 
1446|1, 1446|2148, 1447|2193, 1447|2260, 1450|2475, 1450|2804, 1452|3075, 1452|3667, 1453|3709, 1453|4034, http://www.wikipedia.org, 
1454|1, 1454|2531, 1455|2567, 1455|2710, 1458|3054, 1458|3875, 1459|3930, 1459|4011, http://www.jd.com, 
1468|1, 1468|2555, 1469|2624, 1472|2776, 1472|3230, 1474|3461, 1474|3582, 1476|3638, 1476|3770, 1478|3824, 1478|4018, http://www.vk.com, 
1483|1, 1483|2614, 1484|2651, 1487|2792, 1487|3310, 1489|3440, 1489|3552, 1490|3831, 1490|4156, http://www.sohu.com, 
1505|1, 1505|2530, 1511|2968, 1511|3326, 1520|3494, 1521|4366, http://www.facebook.com, 
1522|1, 1522|2571, 1523|2599, 1523|2689, 1526|2888, 1526|3360, 1528|3473, 1528|3810, 1537|3923, 1537|4031, http://www.yahoo.com, 
1540|1, 1540|2064, 1541|2132, 1541|2273, 1544|2554, 1544|2850, 1546|2899, 1546|2950, 1548|3029, 1548|3115, 1550|3200, 1550|4033, http://www.imgur.com, 
1558|1, 1558|2489, 1559|2565, 1559|2649, 1562|2894, 1562|3565, 1564|3589, 1564|3795, 1565|3826, 1565|4019, http://www.baidu.com, 
1578|1, 1578|2579, 1579|2689, 1580|2742, 1582|2800, 1582|3219, 1583|3472, 1585|3794, 1587|4037, http://www.qq.com, 
1600|1, 1600|2624, 1601|2654, 1601|2684, 1604|2808, 1604|3478, 1606|3507, 1606|3528, 1608|3656, 1608|4019, http://www.taobao.com, 
1617|1, 1617|2521, 1618|2646, 1621|2907, 1621|3293, 1622|3731, 1622|3833, 1623|3932, 1623|4066, http://www.sina.com.cn, 
1649|1, 1649|2559, 1650|2638, 1650|2786, 1653|2988, 1653|3205, 1655|3363, 1655|3763, 1661|3829, 1664|3873, 1664|4007, http://www.yahoo.com, 
1670|1, 1670|2656, 1671|2682, 1671|2718, 1674|2893, 1674|3368, 1676|3450, 1677|4022, http://www.amazon.com, 
1689|1, 1689|2014, 1690|2061, 1690|2134, 1693|2187, 1693|2652, 1695|2826, 1695|4006, http://www.reddit.com, 
1698|1, 1698|2537, 1699|2691, 1702|2768, 1702|3478, 1704|3586, 1704|4008, http://www.tmall.com, 
1708|1, 1708|1975, 1709|2138, 1709|2173, 1712|2511, 1712|2957, 1714|3031, 1715|3061, 1715|3121, 1717|3207, 1717|4017, http://www.taobao.com, 
1725|1, 1725|2490, 1726|2645, 1726|2679, 1729|3132, 1729|3329, 1731|3546, 1731|3769, 1740|3907, 1741|4717, http://www.yahoo.com, 
1743|1, 1743|2543, 1744|2576, 1744|2625, 1746|2784, 1747|2911, 1750|3002, 1750|3335, 1759|3482, 1759|4036, http://www.facebook.com, 
