3125|1, 3125|38, 3132|73, 3132|159, 3133|188, 3133|262, 3134|290, 3135|316, 3137|343, 3146|520, 3154|565, 3177|799, 3179|832, 3179|860, 3180|885, 3190|917, 3197|957, 3200|988, 3203|1008, 3211|1026, 3221|1046, 3222|1068, 3225|1092, 3232|1119, 3240|1142, 3240|1172, 3241|1194, 3241|1215, 3247|1240, 3255|1270, 3258|1310, 3258|1380, 3264|1405, 3276|1449, 3296|1534, 3296|1580, 3300|1602, 3316|1633, 3321|1668, 3325|1696, 3344|1739, 3355|1799, 3355|1849, 3356|1916, 3362|1946, 3362|1975, 3371|2010, 3385|2046, 3392|2071, 3395|2101, 3395|2154, 3397|2190, 3397|2275, 3398|2301, 3433|2352, 3436|2377, 3442|2409, 3452|2446, 3461|2479, 3474|2509, 3481|2550, 3486|2575, 3487|2597, 3487|2657, 3488|2702, 3489|2727, 3489|2750, 3491|2780, 3492|2802, 3497|2825, 3497|2845, 3498|2867, 3507|2893, 3509|2916, 3509|2934, 3513|2955, 3516|2985, 3516|3003, 3519|3022, 3523|3046, 3524|3072, 3524|3109, 3527|3137, 3527|4003, http://www.linkedin.com, 
3642|1, 3642|592, 3643|617, 3643|707, 3647|728, 3647|2254, 3649|2287, 3649|2333, 3656|2470, 3669|2725, 3674|2774, 3674|2799, 3675|2845, 3675|2995, 3677|3031, 3678|3063, 3685|3088, 3685|3111, 3691|3150, 3694|3180, 3694|3504, 3701|3536, 3701|4052, http://www.linkedin.com, 
3855|1, 3855|1649, 3856|1678, 3856|2471, 3863|2654, 3882|2877, 3883|2943, 3883|3046, 3885|3167, 3885|3216, 3887|3238, 3887|3286, 3901|3309, 3901|3369, 3904|3395, 3910|3421, 3910|3471, 3911|3548, 3911|3574, 3917|3638, 3932|3708, 3944|3735, 3948|3758, 3973|3784, 4069|3986, 4099|4040, http://www.yahoo.com, 
4673|1, 4673|52, 4675|118, 4675|1127, 4676|1150, 4676|1997, 4678|2027, 4700|2337, 4705|2524, 4705|2588, 4707|2735, 4708|2762, 4708|2919, 4710|2960, 4710|3045, 4718|3073, 4718|3137, 4721|3163, 4723|3188, 4723|3300, 4724|3323, 4725|3348, 4725|3473, 4731|3548, 4734|3609, 4753|3674, 4769|3702, 4801|3734, 4824|3813, 4824|3958, 4825|3990, 4831|4015, http://www.live.com, 
4878|1, 4878|1767, 4879|1798, 4879|2460, 4884|2575, 4897|2887, 4902|2957, 4903|2981, 4903|3373, 4906|3420, 4906|3711, 4907|3733, 4909|3754, 4909|3867, 4910|3893, 4910|3975, 4911|3997, 4911|4017, http://www.360.cn, 
5032|1, 5032|189, 5033|218, 5033|1105, 5034|1132, 5034|2545, 5079|2831, 5089|3018, 5089|3192, 5154|3470, 5161|3498, 5162|3549, 5162|4038, http://www.facebook.com, 
5220|1, 5220|1637, 5221|1666, 5221|2414, 5224|2498, 5228|2547, 5236|2742, 5243|2896, 5248|2992, 5249|3023, 5249|3079, 5286|3281, 5286|3312, 5287|3476, 5287|3687, 5291|3712, 5297|3737, 5304|3814, 5309|3844, 5310|3867, 5311|3894, 5311|3914, 5314|3937, 5316|3961, 5322|3986, 5333|4014, http://www.qq.com, 
5702|1, 5702|1612, 5703|1648, 5703|2468, 5716|2699, 5718|2932, 5728|2985, 5728|3546, 5729|3828, 5729|3891, 5730|3930, 5736|3961, 5738|4007, http://www.qq.com, 
5969|1, 5969|1599, 5970|1622, 5970|2414, 5971|2473, 5971|2558, 5993|2798, 5996|2836, 5996|2864, 5997|2917, 5997|2968, 5999|3142, 6001|3209, 6005|3237, 6015|3294, 6018|3318, 6021|3339, 6024|3365, 6024|3399, 6025|3423, 6025|3509, 6031|3545, 6043|3624, 6045|3656, 6194|3994, 6237|4200, http://www.yahoo.com, 
6364|1, 6364|540, 6365|563, 6365|1188, 6366|1215, 6366|2000, 6372|2109, 6379|2220, 6385|2372, 6390|2447, 6391|2479, 6391|2576, 6394|2674, 6394|2730, 6396|2751, 6396|2813, 6399|2836, 6399|2871, 6400|2893, 6400|2952, 6402|2984, 6402|3031, 6403|3054, 6404|3093, 6404|3181, 6406|3217, 6406|3238, 6407|3262, 6416|3285, 6416|3331, 6420|3353, 6422|3375, 6423|3400, 6426|3439, 6441|3549, 6466|3634, 6588|3874, 6650|3912, 6676|3951, 6679|4010, http://www.vk.com, 
6764|1, 6764|1239, 6765|1295, 6765|1346, 6766|1376, 6770|1404, 6770|1427, 6771|1454, 6771|1499, 6772|1524, 6772|1576, 6773|1614, 6773|1637, 6774|1658, 6774|1705, 6775|1736, 6775|1756, 6777|1782, 6779|1814, 6779|1841, 6780|1864, 6780|1933, 6781|1962, 6781|2247, 6782|2289, 6782|2641, 6783|2672, 6790|2852, 6805|3036, 6809|3169, 6809|3202, 6811|3290, 6824|3433, 6826|3460, 6827|3483, 6832|3517, 6832|3914, 6837|3987, 7002|4090, http://www.instagram.com, 
7322|1, 7322|1990, 7323|2013, 7323|2437, 7329|2583, 7336|2643, 7339|2805, 7348|2844, 7348|2897, 7349|2927, 7349|2981, 7371|3164, 7371|3481, 7372|3501, 7372|3528, 7378|3576, 7380|3610, 7384|3634, 7389|3662, 7389|3683, 7391|3722, 7391|3745, 7396|3774, 7397|3796, 7397|3823, 7401|3852, 7401|4024, http://www.jd.com, 
7871|1, 7871|1603, 7872|1639, 7872|2379, 7874|2426, 7875|2465, 7889|2716, 7894|2804, 7899|2845, 7900|2915, 7903|3091, 7903|3149, 7905|3207, 7905|3233, 7908|3262, 7908|3421, 7910|3451, 7910|3485, 7912|3513, 7912|3616, 7913|3636, 7913|3701, 7916|3724, 7916|3776, 7918|3797, 7918|3819, 7921|3840, 7921|3912, 7922|3948, 7922|4014, http://www.taobao.com, 
8180|1, 8180|644, 8181|671, 8181|1648, 8182|1691, 8182|2540, 8183|2573, 8187|2649, 8193|2804, 8207|3027, 8208|3078, 8208|3369, 8210|3390, 8210|3435, 8211|3459, 8211|3576, 8212|3603, 8212|3697, 8214|3721, 8215|4001, http://www.baidu.com, 
8574|1, 8574|1640, 8575|1664, 8575|2452, 8576|2489, 8577|2572, 8584|2650, 8596|2877, 8596|3009, 8598|3132, 8598|3235, 8600|3264, 8600|3285, 8609|3312, 8609|3336, 8610|3369, 8611|3446, 8611|3518, 8612|3540, 8612|3915, 8616|3940, 8616|4014, http://www.netflix.com, 
8887|1, 8887|62, 8889|84, 8889|990, 8892|1015, 8893|1040, 8893|1688, 8896|1733, 8896|2471, 8897|2535, 8908|2843, 8916|2927, 8916|2951, 8917|2982, 8919|3087, 8919|3200, 8921|3223, 8921|3291, 8923|3315, 8924|3340, 8924|3965, 8925|3984, 8925|4002, http://www.tmall.com, 
9133|1, 9133|1129, 9134|1150, 9134|1258, 9135|1283, 9135|1865, 9136|1901, 9136|1942, 9138|1972, 9138|1994, 9139|2022, 9139|2241, 9140|2329, 9140|2378, 9141|2416, 9152|2663, 9154|2766, 9163|2825, 9163|2878, 9164|2899, 9164|3212, 9166|3240, 9166|3408, 9167|3429, 9167|3478, 9169|3537, 9169|3832, 9179|3854, 9179|3967, 9181|3996, 9181|4020, http://www.baidu.com, 
9436|1, 9436|1618, 9437|1648, 9437|2478, 9438|2517, 9443|2564, 9443|2608, 9447|2669, 9456|2810, 9462|2878, 9462|2900, 9463|2950, 9463|3117, 9466|3146, 9466|3201, 9467|3246, 9468|3272, 9470|3310, 9474|3334, 9474|3373, 9476|3402, 9476|3425, 9478|3448, 9479|3469, 9481|3501, 9484|3544, 9484|3568, 9492|3638, 9505|3736, 9548|3770, 9604|3800, 9690|3878, 9732|4126, http://www.imgur.com, 
9859|1, 9859|1649, 9860|1677, 9860|2360, 9861|2405, 9865|2445, 9866|2488, 9879|2730, 9886|2898, 9889|2934, 9889|2961, 9890|2986, 9890|3013, 9948|3095, 9984|3139, 10058|3529, 10067|3628, 10073|3670, 10073|3695, 10075|3729, 10079|3751, 10081|3777, 10081|3806, 10085|3829, 10089|3855, 10089|3877, 10091|3900, 10097|4046, http://www.sina.com.cn, 
11435|1, 11435|642, 11436|665, 11436|811, 11437|833, 11437|1585, 11438|1611, 11438|2329, 11440|2451, 11455|2759, 11459|2810, 11464|2842, 11464|2922, 11465|2964, 11465|3102, 11467|3151, 11467|3245, 11468|3271, 11470|3327, 11470|3430, 11472|3470, 11472|3574, 11482|3604, 11482|3716, 11483|3735, 11484|3759, 11484|3893, 11490|3989, 11493|4018, http://www.live.com, 
11645|1, 11645|1641, 11646|1672, 11646|2407, 11656|2744, 11666|2843, 11667|2924, 11667|3068, 11668|3206, 11668|3428, 11670|3532, 11670|3747, 11671|3777, 11673|3825, 11674|3904, 11674|3974, 11675|3999, 11681|4035, http://www.sina.com.cn, 
11887|1, 11887|1682, 11888|1720, 11888|2402, 11889|2482, 11890|2510, 11894|2553, 11909|2845, 11913|2882, 11915|2907, 11915|3077, 11917|3107, 11917|3176, 11921|3233, 11929|3268, 11930|3295, 11931|3317, 11931|3378, 11932|3400, 11932|3589, 11949|3615, 11950|3727, 11959|3755, 11960|3779, 11981|3906, 12012|3935, 12013|3998, 12017|4068, http://www.amazon.com, 
12782|1, 12782|1055, 12783|1086, 12783|1567, 12784|1592, 12784|2348, 12785|2426, 12786|2450, 12790|2478, 12790|2513, 12792|2610, 12803|2776, 12810|2882, 12811|2923, 12811|3060, 12817|3234, 12824|3295, 12827|3319, 12828|3361, 12828|3384, 12829|3409, 12829|3534, 12845|3637, 12867|3674, 13148|3815, 13327|4117, http://www.reddit.com, 
13373|1, 13373|2566, 13389|2870, 13394|2928, 13400|3111, 13400|3236, 13401|3543, 13405|3720, 13405|3804, 13407|3845, 13407|3912, 13408|3937, 13411|3964, 13411|4020, http://www.360.cn, 
14181|1, 14181|1751, 14182|1776, 14182|2543, 14184|2660, 14185|2698, 14190|2735, 14190|2762, 14193|2793, 14200|2867, 14200|2922, 14210|3100, 14210|3386, 14212|3406, 14212|3671, 14213|3693, 14213|3763, 14215|3808, 14215|3834, 14216|3856, 14218|3881, 14220|4011, http://www.taobao.com, 
14269|1, 14269|2487, 14270|2523, 14282|2762, 14294|2892, 14295|2962, 14295|3164, 14296|3194, 14297|3224, 14305|3260, 14309|3289, 14309|3328, 14312|3349, 14313|3374, 14313|3743, 14318|3782, 14319|3850, 14324|3886, 14326|3915, 14327|3995, 14327|4058, http://www.instagram.com, 
14457|1, 14457|2434, 14472|2756, 14474|2802, 14474|2849, 14483|2942, 14483|2972, 14484|2997, 14484|3372, 14486|3395, 14486|3418, 14487|3441, 14487|3506, 14488|3536, 14488|3649, 14490|3697, 14501|4005, http://www.baidu.com, 
14726|1, 14726|1602, 14727|1636, 14727|2472, 14728|2512, 14732|2562, 14744|2765, 14749|2825, 14752|2864, 14752|3437, 14754|3475, 14755|3527, 14755|3821, 14757|3844, 14757|4042, http://www.sohu.com, 
16046|1, 16046|2454, 16050|2528, 16055|2667, 16062|2807, 16073|2911, 16073|2939, 16074|2985, 16074|3105, 16077|3233, 16088|3290, 16088|3315, 16093|3342, 16094|3366, 16094|3733, 16099|3760, 16100|3844, 16107|3937, 16107|4093, http://www.instagram.com, 
16235|1, 16235|2545, 16259|2970, 16260|3047, 16260|3258, 16262|3375, 16262|3444, 16264|3468, 16264|3518, 16267|3581, 16267|3637, 16269|3663, 16269|3711, 16271|3765, 16272|3842, 16273|3868, 16273|3890, 16278|3917, 16283|3963, 16285|3991, 16287|4013, http://www.vk.com, 
16382|1, 16382|920, 16383|942, 16383|1737, 16384|1764, 16384|2466, 16386|2556, 16387|2595, 16392|2732, 16401|2861, 16405|2955, 16411|3066, 16412|3136, 16412|3285, 16419|3463, 16431|3509, 16434|3545, 16439|3585, 16440|3611, 16441|3641, 16441|3736, 16451|3811, 16462|3860, 16512|4111, http://www.yahoo.com, 
16740|1, 16740|1763, 16741|1816, 16741|2564, 16742|2693, 16755|2867, 16758|3002, 16762|3071, 16768|3170, 16768|3370, 16770|3528, 16770|3662, 16772|3699, 16772|3734, 16774|3769, 16774|3856, 16776|3893, 16776|3917, 16777|3938, 16778|4005, http://www.vk.com, 
16885|1, 16885|1719, 16886|1744, 16886|2459, 16887|2650, 16890|2736, 16897|2866, 16907|3009, 16908|3061, 16908|3282, 16920|3439, 16923|3470, 16923|3502, 16924|3555, 16939|4137, http://www.reddit.com, 
16978|1, 16978|1792, 16979|1827, 16979|2589, 16980|2629, 16988|2787, 16992|2859, 17004|3032, 17004|3083, 17005|3123, 17005|3239, 17018|3486, 17019|3509, 17019|3532, 17020|3556, 17020|3709, 17030|3737, 17080|4087, http://www.amazon.com, 
17264|1, 17264|1715, 17265|1752, 17265|2473, 17266|2599, 17271|2639, 17272|2682, 17285|2908, 17291|2944, 17291|3011, 17292|3067, 17292|3188, 17386|3367, 17390|3662, 17390|3811, 17394|3881, 17401|3973, 17406|4087, http://www.sina.com.cn, 
17705|1, 17705|1906, 17706|1932, 17706|1981, 17708|2009, 17708|2557, 17736|3060, 17736|3531, 17737|3557, 17747|4010, http://www.360.cn, 
18242|1, 18242|640, 18243|673, 18243|2124, 18244|2166, 18245|2192, 18266|2523, 18267|2614, 18267|2754, 18269|2804, 18270|2940, 18271|2962, 18271|2985, 18273|3021, 18273|3108, 18275|3155, 18275|3202, 18277|3227, 18278|3298, 18278|3340, 18280|3381, 18280|3404, 18290|3448, 18290|3476, 18292|3500, 18294|3526, 18296|3551, 18299|3596, 18300|3681, 18301|3742, 18303|3802, 18311|3920, 18318|4132, http://www.vk.com, 
18392|1, 18392|1671, 18393|1697, 18393|2637, 18404|2977, 18413|3055, 18413|3115, 18414|3157, 18414|3314, 18416|3372, 18416|3444, 18418|3476, 18433|3566, 18433|3594, 18439|3618, 18442|3646, 18442|3719, 18443|3744, 18449|3806, 18461|3874, 18695|4567, http://www.yahoo.com, 
18767|1, 18767|1135, 18769|1165, 18769|1220, 18770|1249, 18770|2113, 18780|2402, 18781|2456, 18785|2489, 18790|2521, 18790|2616, 18791|2646, 18791|2704, 18793|2816, 18793|3027, 18798|3147, 18798|3967, 18801|3993, 18802|4034, http://www.tmall.com, 
18892|1, 18892|1737, 18893|1768, 18893|2615, 18894|2648, 18918|3078, 18919|3127, 18919|3166, 18956|3222, 18956|3521, 18957|3661, 18957|3725, 18958|3925, 18960|3961, 18965|4030, http://www.qq.com, 
19049|1, 19049|1725, 19050|1750, 19050|2622, 19052|2676, 19055|2709, 19063|2851, 19075|3125, 19075|3233, 19097|3445, 19097|3648, 19100|3779, 19142|3848, 19144|4037, http://www.jd.com, 
19327|1, 19327|1706, 19328|1733, 19328|2492, 19342|2821, 19346|2952, 19348|3075, 19350|3107, 19355|3170, 19356|3201, 19356|3421, 19358|3464, 19358|3556, 19370|3586, 19370|3698, 19372|3747, 19372|3787, 19373|3817, 19373|3882, 19376|3905, 19384|3936, 19384|4007, http://www.amazon.com, 
19646|1, 19646|1757, 19647|1799, 19647|2582, 19649|2642, 19653|2678, 19662|2942, 19662|3077, 19666|3119, 19671|3147, 19671|3187, 19672|3271, 19672|3321, 19674|3349, 19674|3371, 19682|3395, 19682|3443, 19688|3467, 19690|3491, 19691|3523, 19691|3764, 19699|3794, 19700|3901, 19705|3929, 19706|3958, 19711|4042, http://www.linkedin.com, 
19870|1, 19870|1747, 19871|1778, 19871|2652, 19877|2755, 19878|2861, 19888|3024, 19888|3064, 19895|3142, 19896|3196, 19896|3513, 19897|3604, 19899|4011, http://www.sohu.com, 
20196|1, 20196|2552, 20202|2794, 20208|2826, 20210|2988, 20219|3023, 20219|3067, 20220|3108, 20220|3309, 20222|3397, 20224|3434, 20231|3483, 20239|3524, 20240|3549, 20240|3841, 20247|3870, 20247|4004, http://www.linkedin.com, 
20402|1, 20402|2603, 20403|2737, 20428|3096, 20429|3217, 20429|3399, 20431|3497, 20445|3606, 20449|3635, 20449|3747, 20453|3832, 20462|3992, 20462|4192, http://www.instagram.com, 
20592|1, 20592|1767, 20593|1796, 20593|2578, 20617|3030, 20618|3073, 20618|3294, 20621|3341, 20628|3525, 20629|3557, 20631|3607, 20634|3645, 20635|3720, 20645|3797, 20655|3831, 20658|4349, http://www.imgur.com, 
20738|1, 20738|1840, 20739|1861, 20739|2551, 20766|3087, 20769|3156, 20770|3188, 20770|3233, 20772|3288, 20772|3428, 20773|3459, 20773|3504, 20775|3530, 20775|3580, 20777|3618, 20777|3692, 20781|3786, 20781|3960, 20784|3989, 20784|4013, http://www.taobao.com, 
20860|1, 20860|98, 20861|123, 20861|146, 20862|172, 20867|213, 20868|241, 20872|271, 20872|613, 20873|639, 20878|679, 20879|719, 20879|747, 20880|773, 20881|802, 20881|985, 20882|1013, 20882|1038, 20887|1106, 20888|1152, 20889|1177, 20890|1201, 20890|1678, 20891|1704, 20891|2475, 20892|2511, 20892|2546, 20893|2598, 20901|2777, 20901|2888, 20906|2944, 20908|3027, 20917|3122, 20917|3160, 20918|3191, 20918|3253, 20955|3527, 20955|3582, 20956|3616, 20961|3964, 20962|4088, http://www.qq.com, 
21034|1, 21034|2138, 21035|2161, 21035|2666, 21048|2902, 21054|3073, 21059|3108, 21059|3141, 21060|3174, 21060|3255, 21061|3315, 21061|3972, 21078|3998, 21091|4117, http://www.sina.com.cn, 
21330|1, 21330|1748, 21331|1773, 21331|2559, 21332|2592, 21332|2669, 21337|2725, 21337|2763, 21355|3091, 21356|3133, 21356|3311, 21358|3489, 21360|3521, 21360|3549, 21361|3582, 21361|3662, 21363|3706, 21363|3799, 21371|3865, 21371|3922, 21372|3943, 21373|3978, 21373|4003, http://www.live.com, 
21434|1, 21434|2494, 21435|2618, 21436|2656, 21456|3013, 21461|3087, 21462|3112, 21462|3276, 21464|3339, 21464|3418, 21465|3450, 21466|3480, 21466|3637, 21468|3696, 21468|3757, 21476|3799, 21476|3852, 21478|3916, 21478|4005, http://www.live.com, 
21530|1, 21530|1734, 21531|1765, 21531|2486, 21533|2572, 21533|2602, 21534|2633, 21545|2931, 21559|3011, 21560|3099, 21560|3530, 21562|3554, 21562|3599, 21563|3625, 21563|3670, 21564|3729, 21564|3841, 21566|3910, 21566|4025, http://www.baidu.com, 
21845|1, 21845|1702, 21846|1732, 21846|2467, 21848|2579, 21848|2637, 21849|2685, 21854|2734, 21857|2810, 21863|2906, 21874|3132, 21874|3695, 21875|3786, 21875|3920, 21878|3989, 21885|4044, http://www.qq.com, 
21981|1, 21981|1719, 21982|1746, 21982|2539, 21996|2983, 22002|3055, 22005|3092, 22005|3114, 22006|3200, 22007|3287, 22008|3362, 22008|3408, 22010|3444, 22019|3514, 22019|3536, 22021|3585, 22021|3699, 22022|3729, 22022|3864, 22024|3931, 22027|4002, http://www.netflix.com, 
22332|1, 22332|2779, 22349|2893, 22352|2940, 22352|2970, 22365|3062, 22366|3149, 22366|3686, 22368|3737, 22370|3792, 22374|4139, http://www.360.cn, 
22470|1, 22470|1842, 22471|1862, 22471|2615, 22476|2721, 22486|2906, 22495|3017, 22496|3117, 22496|3156, 22498|3353, 22498|3386, 22500|3424, 22500|3453, 22503|3499, 22503|4009, http://www.tmall.com, 
22587|1, 22587|1750, 22588|1778, 22588|2355, 22589|2377, 22589|2497, 22593|2593, 22593|2667, 22594|2737, 22608|3037, 22617|3112, 22618|3161, 22618|3532, 22620|3580, 22620|3663, 22632|3693, 22632|3791, 22633|3822, 22634|3856, 22634|3882, 22635|3929, 22643|4005, http://www.amazon.com, 
22979|1, 22979|2466, 22981|2496, 22981|2545, 22982|2571, 23006|2983, 23006|3014, 23007|3138, 23007|3376, 23009|3414, 23009|3481, 23010|3514, 23021|3545, 23021|3633, 23023|3678, 23023|3717, 23024|3752, 23024|3842, 23045|3949, 23050|3987, 23050|4039, http://www.amazon.com, 
23230|1, 23230|2092, 23237|2290, 23256|2541, 23256|2574, 23257|2638, 23257|2744, 23259|2850, 23272|2922, 23277|2961, 23277|3356, 23282|3379, 23288|3521, 23291|3829, 23292|4005, http://www.instagram.com, 
23481|1, 23481|2662, 23497|3010, 23507|3146, 23507|3248, 23517|3453, 23520|3485, 23526|3522, 23526|3548, 23527|3613, 23527|3804, 23534|3861, 23535|3934, 23540|3991, 23548|4075, http://www.linkedin.com, 
23719|1, 23719|1310, 23721|1334, 23721|2384, 23737|2914, 23746|3018, 23747|3218, 23747|3248, 23749|3282, 23750|3310, 23757|3342, 23763|3394, 23766|3430, 23766|3460, 23767|3486, 23767|3751, 23774|3811, 23774|4184, http://www.linkedin.com, 
23935|1, 23935|2611, 23936|2678, 23955|3084, 23961|3184, 23961|3332, 23964|3446, 23964|3505, 23965|3528, 23966|3568, 23966|3595, 23968|3623, 23968|3653, 23969|3679, 23969|3727, 23970|3751, 23971|3788, 23971|3810, 23974|3858, 23974|3944, 23976|3969, 23976|4005, http://www.vk.com, 
24016|1, 24016|2545, 24017|2644, 24022|2788, 24026|2890, 24038|3057, 24039|3136, 24039|3287, 24040|3583, 24053|4072, http://www.360.cn, 
24145|1, 24145|316, 24147|335, 24147|1211, 24148|1237, 24148|1972, 24150|2097, 24156|2200, 24175|2505, 24176|2558, 24176|2686, 24178|2736, 24179|2821, 24180|2867, 24180|3003, 24182|3032, 24182|3124, 24183|3146, 24191|3189, 24191|3295, 24193|3322, 24193|3422, 24194|3444, 24195|3476, 24195|3577, 24200|3628, 24201|3985, 24201|4031, http://www.live.com, 
24248|1, 24248|2647, 24256|2774, 24267|3004, 24275|3143, 24275|3659, 24277|3711, 24277|3965, 24279|3989, 24279|4018, http://www.sohu.com, 
24404|1, 24404|2686, 24409|2772, 24421|2874, 24428|2920, 24428|3417, 24472|3566, 24478|3602, 24522|3738, 24526|3766, 24526|3821, 24535|3906, 24535|4110, http://www.facebook.com, 
24639|1, 24639|1251, 24640|1280, 24640|2193, 24641|2233, 24659|2550, 24665|2607, 24666|2652, 24666|2716, 24668|2820, 24699|3055, 24701|3101, 24730|3206, 24733|3340, 24733|3719, 24734|3758, 24736|3792, 24742|3831, 24745|3856, 24751|3896, 24753|3963, 24758|4008, http://www.wikipedia.org, 
24807|1, 24807|2060, 24808|2086, 24808|2579, 24809|2634, 24813|2694, 24833|3049, 24834|3150, 24834|3269, 24856|3375, 24856|3938, 24857|3968, 24863|4000, 24865|4053, http://www.jd.com, 
24954|1, 24954|2589, 24970|2913, 24979|3040, 24980|3092, 24980|3207, 24982|3427, 24982|3449, 24984|3471, 24984|3520, 24986|3549, 24987|3603, 24987|3656, 24989|3680, 24990|3742, 24991|3790, 24991|3836, 24993|3858, 24993|3922, 25003|3959, 25003|4010, http://www.vk.com, 
25102|1, 25102|2484, 25104|2592, 25110|2702, 25110|2776, 25115|2860, 25117|2912, 25118|2982, 25128|3063, 25129|3131, 25129|3478, 25131|3719, 25140|4136, http://www.sohu.com, 
25305|1, 25305|2545, 25348|2953, 25348|3135, 25357|3230, 25358|3308, 25386|3477, 25425|3598, 25439|3700, 25439|4290, http://www.facebook.com, 
25480|1, 25480|1710, 25481|1741, 25481|2596, 25483|2642, 25493|2835, 25497|2966, 25506|3091, 25507|3128, 25507|3159, 25509|3261, 25509|3304, 25511|3420, 25511|3444, 25516|3471, 25526|3530, 25532|3555, 25532|3581, 25536|3641, 25536|3724, 25542|3765, 25558|3875, 25591|3980, 25606|4050, http://www.yahoo.com, 
25880|1, 25880|1194, 25881|1219, 25881|1733, 25884|1759, 25885|1792, 25885|2112, 25886|2163, 25900|2428, 25904|2544, 25909|2572, 25909|2595, 25910|2633, 25910|2717, 25913|2770, 25913|2799, 25915|2831, 25915|2882, 25917|2907, 25921|2950, 25923|3009, 25923|3036, 25925|3064, 25928|3096, 25931|3180, 25937|3210, 25943|3279, 25951|3309, 25952|3353, 26106|3780, 26132|4023, http://www.imgur.com, 
26233|1, 26233|1766, 26234|1793, 26234|2545, 26235|2594, 26246|2801, 26248|2874, 26250|2972, 26253|3017, 26258|3047, 26258|3081, 26259|3104, 26259|3486, 26261|3520, 26261|3544, 26262|3590, 26262|3617, 26263|3638, 26263|3804, 26265|3828, 26265|4020, http://www.baidu.com, 
26577|1, 26577|1704, 26578|1738, 26578|2560, 26579|2674, 26583|2740, 26587|2791, 26593|3034, 26593|3126, 26597|3201, 26641|3574, 26643|3773, 26643|3811, 26644|3953, 26646|4025, http://www.qq.com, 
26809|1, 26809|1837, 26810|1859, 26810|2510, 26816|2589, 26817|2621, 26821|2683, 26821|2775, 26840|3052, 26840|3108, 26841|3132, 26841|3285, 26843|3326, 26843|3418, 26844|3442, 26844|3517, 26848|3621, 26848|3649, 26850|3677, 26852|3702, 26852|4007, http://www.taobao.com, 
26952|1, 26952|87, 26954|118, 26954|1699, 26955|1742, 26955|2502, 26966|2791, 26971|2895, 26980|3068, 26980|3183, 27074|3497, 27077|3774, 27077|3910, 27078|3989, 27078|4038, http://www.sina.com.cn, 
27293|1, 27293|1765, 27294|1790, 27294|2613, 27304|2813, 27311|2965, 27311|3003, 27315|3041, 27320|3099, 27321|3127, 27321|3204, 27323|3340, 27323|3362, 27325|3390, 27325|3417, 27340|3472, 27340|3495, 27346|3533, 27348|3560, 27349|3584, 27349|3678, 27351|3704, 27353|3744, 27360|3808, 27379|3892, 27419|4005, http://www.yahoo.com, 
27647|1, 27647|1721, 27648|1749, 27648|2488, 27649|2586, 27650|2630, 27650|2656, 27651|2696, 27665|2990, 27674|3170, 27674|3345, 27687|3449, 27688|3503, 27688|3549, 27689|3602, 27689|3716, 27700|3751, 27714|3919, 27718|4001, http://www.amazon.com, 
27918|1, 27918|1188, 27919|1214, 27919|2068, 27926|2134, 27926|2170, 27935|2309, 27936|2454, 27945|2580, 27946|2636, 27946|2817, 27959|2968, 27959|2999, 27960|3024, 27960|4012, http://www.reddit.com, 
28038|1, 28038|1877, 28039|1900, 28039|2530, 28046|2699, 28050|2751, 28054|2807, 28066|2945, 28067|3006, 28069|3108, 28069|3418, 28071|3513, 28071|3570, 28073|3601, 28073|3647, 28076|3671, 28076|4011, http://www.tmall.com, 
28161|1, 28161|1193, 28162|1216, 28162|2122, 28164|2173, 28181|2497, 28187|2544, 28188|2651, 28188|2718, 28190|2794, 28190|2938, 28191|3017, 28193|3044, 28193|3075, 28197|3110, 28199|3197, 28201|3238, 28201|3594, 28207|3618, 28209|3676, 28211|3699, 28214|3730, 28214|3794, 28215|3816, 28215|4001, http://www.taobao.com, 
28311|1, 28311|2619, 28327|2972, 28336|3112, 28337|3151, 28337|3299, 28356|3519, 28356|3548, 28362|3574, 28365|3613, 28365|3638, 28366|3679, 28366|3739, 28383|3879, 28574|4650, http://www.yahoo.com, 
28636|1, 28636|1712, 28637|1802, 28637|1986, 28638|2016, 28638|2577, 28639|2606, 28641|2839, 28642|2895, 28656|2991, 28671|3083, 28675|3175, 28679|3217, 28684|3244, 28684|3284, 28693|3433, 28700|3500, 28716|3558, 28743|3609, 28747|3638, 28755|3667, 28755|3693, 28766|3852, 28766|4037, http://www.facebook.com, 
28813|1, 28813|2643, 28825|2846, 28828|2978, 28837|3108, 28838|3141, 28838|3386, 28840|3426, 28840|3455, 28853|3543, 28855|3570, 28857|3596, 28858|3743, 28858|4085, http://www.wikipedia.org, 
28916|1, 28916|2619, 28917|2661, 28937|2863, 28943|3046, 28952|3163, 28953|3191, 28953|3391, 28959|3433, 28961|3466, 28965|3498, 28984|3528, 28989|3563, 29028|3595, 29073|3650, 29085|3714, 29097|3785, 29103|3815, 29103|3838, 29109|3885, 29109|3962, 29112|3993, 29112|4015, http://www.google.com, 
29196|1, 29196|1093, 29198|1118, 29198|2594, 29200|2624, 29200|2690, 29206|2748, 29206|2775, 29227|3047, 29229|3187, 29235|3266, 29236|3327, 29369|3756, 29389|3889, 29392|4029, http://www.google.com, 
29478|1, 29478|1829, 29479|1850, 29479|2565, 29480|2590, 29480|2613, 29484|2730, 29494|2845, 29499|2976, 29505|3055, 29505|3262, 29507|3344, 29507|3435, 29509|3468, 29509|3496, 29512|3532, 29512|4008, http://www.tmall.com, 
29590|1, 29590|2612, 29617|3217, 29617|3290, 29619|3349, 29621|3443, 29621|3475, 29624|3510, 29624|4017, http://www.tmall.com, 
29699|1, 29699|2523, 29700|2585, 29704|2649, 29705|2679, 29705|2704, 29707|2811, 29714|2948, 29723|3105, 29723|3285, 29725|3374, 29725|3405, 29727|3432, 29727|3471, 29729|3497, 29730|3540, 29730|3594, 29732|3630, 29732|3673, 29733|3696, 29734|3768, 29734|3821, 29736|3848, 29736|3895, 29746|3946, 29750|4015, http://www.vk.com, 
29846|1, 29846|2650, 29893|3134, 29904|3190, 29919|3343, 29946|3428, 29953|3465, 29979|3528, 29998|3812, 29998|4136, http://www.facebook.com, 
30038|1, 30038|1788, 30039|1813, 30039|2629, 30040|2666, 30055|2948, 30064|3039, 30064|3090, 30065|3120, 30065|3274, 30082|3456, 30082|3502, 30084|3567, 30086|3605, 30086|3627, 30090|3653, 30090|3738, 30092|3775, 30094|3800, 30094|3820, 30097|3844, 30097|3868, 30098|3891, 30100|3918, 30100|3940, 30106|3964, 30107|4001, http://www.imgur.com, 
30196|1, 30196|2540, 30199|2640, 30203|2727, 30205|2831, 30215|3043, 30221|3114, 30225|3198, 30225|3235, 30226|3282, 30234|3404, 30253|3481, 30259|3562, 30259|3629, 30263|3667, 30264|3783, 30270|3825, 30273|3972, 30273|4059, http://www.instagram.com, 
30414|1, 30414|1808, 30415|1862, 30415|2603, 30424|2847, 30430|3025, 30434|3055, 30440|3192, 30440|3286, 30441|3355, 30447|3449, 30454|3504, 30454|3583, 30455|3825, 30455|4004, http://www.jd.com, 
30542|1, 30542|2596, 30552|2834, 30556|3011, 30565|3131, 30567|3176, 30573|3223, 30578|3294, 30578|3325, 30579|3406, 30579|3595, 30581|3648, 30581|3882, 30582|3906, 30590|3994, 30590|4044, http://www.sohu.com, 
30687|1, 30687|2618, 30707|2977, 30713|3041, 30713|3065, 30714|3086, 30714|3146, 30717|3228, 30719|3314, 30729|3368, 30737|3459, 30738|3513, 30740|3549, 30748|3596, 30760|3787, 30760|4089, http://www.instagram.com, 
30903|1, 30903|2585, 30904|2619, 30922|2952, 30928|3051, 30928|3112, 30951|3161, 30955|3198, 30957|3235, 30964|3462, 30965|3620, 30965|3695, 30969|3739, 30972|3823, 30991|4029, http://www.jd.com, 
31121|1, 31121|1793, 31122|1817, 31122|2655, 31123|2720, 31130|2840, 31149|3070, 31150|3110, 31150|3288, 31172|3515, 31175|3552, 31177|3609, 31180|3664, 31181|3690, 31183|3714, 31187|3735, 31191|3785, 31191|3809, 31201|3844, 31204|4039, http://www.imgur.com, 
31288|1, 31288|1722, 31289|1748, 31289|2556, 31290|2595, 31290|2643, 31291|2669, 31295|2710, 31304|2954, 31315|3093, 31317|3167, 31317|3253, 31318|3306, 31333|3560, 31335|3771, 31344|4358, http://www.sohu.com, 
31547|1, 31547|2640, 31560|2941, 31567|3049, 31572|3113, 31573|3148, 31573|3177, 31574|3229, 31579|3263, 31579|3293, 31586|3353, 31586|3386, 31588|3410, 31589|3473, 31589|3523, 31597|3558, 31607|3695, 31607|3762, 31613|3933, 31621|4234, http://www.instagram.com, 
31730|1, 31730|2503, 31739|2742, 31749|2943, 31755|3080, 31755|3118, 31756|3183, 31758|3252, 31766|3322, 31769|3362, 31784|3524, 31784|3551, 31788|3580, 31788|3609, 31789|3694, 31796|4177, http://www.wikipedia.org, 
31843|1, 31843|1874, 31844|1898, 31844|2595, 31860|2968, 31869|3085, 31871|3144, 31885|3326, 31893|3359, 31898|3394, 31902|3427, 31903|4042, http://www.wikipedia.org, 
31948|1, 31948|1307, 31949|1336, 31949|2187, 31950|2236, 31956|2309, 31956|2342, 31976|2667, 31978|2758, 32002|3004, 32006|3042, 32006|3317, 32031|3422, 32031|3450, 32052|3602, 32061|3840, 32074|3987, 32082|4091, http://www.amazon.com, 
32629|1, 32629|1728, 32630|1754, 32630|2559, 32637|2673, 32653|3064, 32660|3105, 32660|3137, 32661|3169, 32663|3197, 32666|3222, 32676|3344, 32677|3411, 32677|3440, 32679|3475, 32693|3556, 32699|3591, 32702|3623, 32702|3670, 32703|3695, 32703|3774, 32708|3823, 32736|3959, 32843|4495, http://www.yahoo.com, 
32987|1, 32987|1675, 32988|1724, 32988|2499, 32989|2650, 32997|2768, 33003|2884, 33004|2961, 33004|2996, 33008|3045, 33013|3079, 33013|3122, 33014|3150, 33014|3191, 33015|3253, 33051|3297, 33119|3412, 33121|3439, 33121|3463, 33122|3497, 33122|3576, 33125|3631, 33125|3806, 33126|3847, 33126|4006, http://www.sina.com.cn, 
33366|1, 33366|2511, 33367|2626, 33373|2720, 33381|2966, 33385|3026, 33392|3061, 33392|3092, 33393|3123, 33393|3189, 33394|3217, 33398|3268, 33400|3319, 33406|3386, 33406|3408, 33407|3433, 33407|3625, 33409|3652, 33409|3870, 33410|3893, 33410|3915, 33414|3938, 33419|3965, 33419|4023, http://www.sohu.com, 
33524|1, 33524|1861, 33525|1888, 33525|2727, 33528|2766, 33533|2853, 33533|2917, 33541|3018, 33547|3178, 33552|3232, 33552|3266, 33553|3290, 33553|3417, 33565|3587, 33568|3647, 33571|3681, 33573|3717, 33573|3805, 33575|3833, 33577|3881, 33577|4029, http://www.taobao.com, 
33666|1, 33666|2544, 33668|2597, 33669|2630, 33673|2677, 33680|2836, 33682|3038, 33682|3078, 33691|3173, 33692|3249, 33693|3279, 33702|3414, 33710|3484, 33711|3512, 33711|3548, 33713|3595, 33715|3622, 33715|4001, http://www.taobao.com, 
33814|1, 33814|1703, 33815|1734, 33815|2495, 33816|2609, 33831|2856, 33842|3030, 33842|3167, 33843|3228, 33850|3301, 33855|3340, 33857|3460, 33857|3511, 33859|3543, 33859|3565, 33868|3610, 33868|3633, 33870|3669, 33870|3775, 33871|3808, 33871|4024, http://www.netflix.com, 
34106|1, 34106|1444, 34108|1465, 34108|1686, 34109|1720, 34109|2480, 34112|2569, 34116|2613, 34122|2739, 34124|2775, 34126|2819, 34137|3061, 34137|3196, 34143|3294, 34162|3439, 34166|3479, 34166|3506, 34167|3546, 34167|3650, 34182|3775, 34182|4177, http://www.reddit.com, 
34224|1, 34224|1723, 34225|1756, 34225|2641, 34226|2673, 34249|3046, 34250|3082, 34250|3234, 34300|3545, 34300|3690, 34301|3761, 34301|3850, 34302|3873, 34303|3913, 34303|4014, http://www.qq.com, 
34411|1, 34411|2478, 34437|3099, 34438|3163, 34443|3231, 34443|3284, 34445|3365, 34450|3410, 34450|3503, 34451|3564, 34451|3637, 34453|3662, 34453|3924, 34460|3953, 34463|4020, http://www.sohu.com, 
34551|1, 34553|30, 34553|1695, 34554|1798, 34554|2537, 34555|2613, 34559|2661, 34570|2888, 34579|3002, 34580|3115, 34580|3203, 34581|3239, 34690|3475, 34691|3613, 34694|3928, 34697|3957, 34699|3997, 34699|4018, http://www.sina.com.cn, 
34832|1, 34832|2005, 34833|2039, 34833|2594, 34834|2623, 34846|2975, 34851|3005, 34857|3057, 34857|3094, 34858|3118, 34858|3170, 34859|3206, 34865|3298, 34874|3698, 34874|3735, 34879|3960, 34883|4039, http://www.360.cn, 
34967|1, 34967|2697, 34974|2876, 34980|2959, 34993|3155, 34994|3210, 34994|3368, 35007|3680, 35007|3742, 35015|3970, 35028|4534, http://www.360.cn, 
35104|1, 35104|2116, 35105|2136, 35105|2533, 35107|2624, 35107|2660, 35126|3070, 35131|3128, 35132|3152, 35164|3264, 35167|3451, 35167|4021, http://www.jd.com, 
35274|1, 35274|1324, 35275|1347, 35275|1747, 35276|1785, 35276|2697, 35277|2734, 35291|2966, 35295|3035, 35300|3094, 35301|3132, 35301|3369, 35303|3419, 35315|3576, 35315|3599, 35317|3625, 35318|3649, 35326|3681, 35327|3709, 35327|3731, 35333|3814, 35333|3897, 35334|3919, 35334|4011, http://www.netflix.com, 
35531|1, 35531|1708, 35532|1740, 35532|1847, 35533|1874, 35533|1971, 35537|2008, 35537|2598, 35538|2625, 35547|2970, 35561|3090, 35561|3115, 35562|3141, 35562|3167, 35563|3206, 35575|3356, 35579|3395, 35581|3427, 35581|3542, 35582|3566, 35583|3611, 35583|3645, 35591|3719, 35591|3793, 35592|3827, 35593|3896, 35593|4003, http://www.live.com, 
35656|1, 35656|1735, 35657|1808, 35657|2586, 35658|2636, 35672|2903, 35681|3023, 35682|3087, 35682|3218, 35697|3398, 35710|3503, 35715|3585, 35715|4035, http://www.wikipedia.org, 
35758|1, 35758|2637, 35799|2879, 35802|2908, 35805|2940, 35805|3187, 35806|3233, 35815|3351, 35820|3400, 35852|3549, 35855|3579, 35859|3619, 35906|3753, 35906|4004, http://www.facebook.com, 
35946|1, 35946|2661, 35952|2721, 35952|2757, 35971|2931, 35974|3039, 35979|3069, 35979|3104, 35981|3149, 35983|3205, 35983|3291, 35984|3329, 35984|3370, 35985|3397, 35997|3462, 36003|3492, 36007|3522, 36029|3562, 36069|3590, 36116|3643, 36120|3669, 36124|3710, 36136|3761, 36148|3804, 36150|3828, 36150|3910, 36153|3957, 36154|4003, http://www.google.com, 
36235|1, 36235|1766, 36236|1789, 36236|2556, 36237|2610, 36238|2653, 36238|2756, 36239|2807, 36245|2983, 36253|3168, 36261|3254, 36267|3379, 36275|3512, 36275|3584, 36276|3608, 36277|3634, 36277|3658, 36278|3700, 36278|3891, 36279|3919, 36281|3941, 36281|4008, http://www.baidu.com, 
36514|1, 36514|2656, 36516|2998, 36518|3028, 36520|3070, 36524|3158, 36535|3218, 36540|3259, 36543|3306, 36546|3344, 36546|3375, 36547|3399, 36547|3443, 36548|3467, 36548|3660, 36565|3699, 36576|3756, 36576|3857, 36577|3903, 36578|3940, 36595|4049, http://www.baidu.com, 
36931|1, 36931|2573, 36932|2612, 36945|2749, 36956|3002, 36957|3051, 36957|3078, 36958|3106, 36959|3138, 36964|3231, 36968|3287, 36970|3319, 36972|3359, 36982|3387, 36982|3411, 36986|3439, 36990|3485, 36990|3548, 36991|3611, 36991|4101, http://www.wikipedia.org, 
37024|1, 37024|1804, 37025|1850, 37025|2653, 37026|2683, 37034|2801, 37038|2867, 37049|3114, 37049|3165, 37051|3203, 37057|3254, 37097|3300, 37101|3501, 37102|3669, 37102|3840, 37103|3881, 37103|3952, 37104|3975, 37104|4009, http://www.qq.com, 
37188|1, 37188|2607, 37195|2725, 37226|3085, 37227|3110, 37227|3187, 37228|3212, 37229|3241, 37232|3272, 37234|3321, 37251|3406, 37357|3506, 37357|3531, 37369|3630, 37391|3691, 37393|3714, 37393|3826, 37396|3870, 37396|3894, 37397|3920, 37413|3949, 37423|4067, http://www.google.com, 
37468|1, 37468|2602, 37470|2686, 37482|2916, 37493|3063, 37493|3129, 37494|3157, 37494|3307, 37501|3418, 37505|3448, 37508|3476, 37513|3503, 37513|3549, 37516|3576, 37516|3601, 37518|3626, 37518|4014, http://www.taobao.com, 
37594|1, 37594|84, 37595|112, 37595|1749, 37596|1776, 37596|2681, 37609|2869, 37611|2955, 37621|3174, 37622|3204, 37623|3229, 37628|3284, 37628|3303, 37633|3403, 37635|3429, 37635|3451, 37642|3486, 37644|3511, 37647|3574, 37647|3598, 37648|3626, 37648|3755, 37663|3870, 37663|4033, http://www.reddit.com, 
37697|1, 37697|1727, 37698|1761, 37698|2559, 37699|2632, 37713|2943, 37716|2984, 37722|3061, 37722|3098, 37723|3121, 37726|3151, 37729|3178, 37731|3217, 37739|3367, 37740|3447, 37753|3480, 37756|3506, 37756|3551, 37757|3575, 37757|3822, 37758|3845, 37763|3876, 37763|4028, http://www.linkedin.com, 
37920|1, 37920|1761, 37921|1784, 37921|2634, 37922|2758, 37929|3018, 37934|3112, 37939|3142, 37939|3181, 37940|3215, 38054|3658, 38054|3892, 38055|3979, 38055|4006, http://www.sina.com.cn, 
38242|1, 38242|1752, 38243|1777, 38243|2627, 38244|2692, 38267|2988, 38267|3019, 38268|3060, 38268|3217, 38269|3245, 38271|3278, 38285|3459, 38285|3561, 38287|3589, 38287|3672, 38292|3695, 38296|3720, 38296|3793, 38297|3815, 38298|3837, 38298|3969, 38300|3994, 38300|4037, http://www.live.com, 
38340|1, 38340|1776, 38341|1800, 38341|2648, 38342|2686, 38355|3010, 38360|3095, 38361|3121, 38362|3148, 38364|3173, 38367|3214, 38374|3292, 38376|3320, 38376|3356, 38378|3385, 38379|3409, 38379|3430, 38381|3456, 38381|3479, 38382|3506, 38382|3573, 38384|3597, 38384|3635, 38385|3670, 38386|3703, 38386|3787, 38388|3810, 38388|3852, 38399|3883, 38399|3931, 38401|3951, 38403|3973, 38406|3995, 38407|4015, http://www.vk.com, 
38492|1, 38492|1668, 38493|1691, 38493|2553, 38500|2610, 38501|2638, 38516|2885, 38516|2973, 38523|3025, 38524|3095, 38524|3219, 38525|3250, 38529|3292, 38537|3396, 38538|3428, 38540|3455, 38540|3482, 38541|3523, 38541|3638, 38543|3662, 38543|3783, 38546|3808, 38546|3898, 38547|3920, 38547|4012, http://www.live.com, 
38598|1, 38598|2493, 38599|2570, 38600|2620, 38610|2789, 38625|3009, 38626|3053, 38626|3155, 38627|3179, 38628|3202, 38633|3279, 38640|3446, 38648|3477, 38648|3510, 38654|3550, 38657|3574, 38657|3879, 38663|3922, 38663|4039, http://www.linkedin.com, 
38819|1, 38819|1754, 38820|1778, 38820|2599, 38821|2765, 38830|3019, 38830|3052, 38833|3081, 38834|3106, 38839|3133, 38839|3158, 38841|3262, 38849|3348, 38849|3383, 38855|3416, 38863|3506, 38869|3531, 38869|3556, 38870|3579, 38870|3731, 38885|3814, 38885|4029, http://www.reddit.com, 
38919|1, 38919|1594, 38920|1628, 38921|1653, 38921|2578, 38922|2608, 38929|2714, 38930|2740, 38946|3001, 38946|3078, 38947|3102, 38947|3151, 38948|3187, 38955|3367, 38966|3915, 38966|4070, http://www.360.cn, 
39051|1, 39051|1784, 39052|1812, 39052|2503, 39054|2598, 39055|2635, 39069|2908, 39082|3098, 39082|3180, 39083|3216, 39092|3352, 39095|3387, 39095|3411, 39096|3433, 39097|3459, 39097|3663, 39125|3696, 39145|4252, http://www.baidu.com, 
39369|1, 39369|2631, 39370|2692, 39375|2738, 39385|2949, 39385|3021, 39389|3069, 39389|3099, 39394|3123, 39394|3170, 39395|3193, 39395|3267, 39397|3326, 39402|3372, 39406|3402, 39416|3430, 39417|3456, 39419|3480, 39421|3506, 39425|3585, 39426|3647, 39426|4031, http://www.wikipedia.org, 
39482|1, 39482|468, 39484|494, 39484|2113, 39485|2147, 39485|2503, 39487|2573, 39488|2626, 39507|2956, 39512|3051, 39513|3077, 39513|3172, 39514|3212, 39518|3239, 39531|3534, 39531|4025, http://www.jd.com, 
39616|1, 39616|2441, 39626|2697, 39653|2939, 39653|3001, 39654|3043, 39654|3125, 39659|3210, 39674|3283, 39694|3357, 39710|3392, 39760|3420, 39791|3460, 39823|3621, 39823|3768, 39826|3804, 39827|3826, 39827|3847, 39838|3868, 39853|3949, 39853|4017, http://www.google.com, 
39919|1, 39919|1711, 39920|1739, 39920|2559, 39921|2599, 39925|2650, 39927|2749, 39933|2829, 39945|3045, 39946|3116, 39946|3144, 39947|3169, 39949|3193, 39952|3222, 39954|3259, 39960|3296, 39961|3328, 39962|3373, 39964|3440, 39964|3514, 39966|3538, 39966|3561, 39971|3584, 39974|3630, 39976|3668, 39976|3792, 39977|3812, 39977|4001, http://www.netflix.com, 
40164|1, 40164|2586, 40178|2827, 40180|2926, 40189|3103, 40190|3161, 40190|3240, 40196|3313, 40198|3349, 40202|3376, 40206|3480, 40208|3503, 40208|3524, 40216|3549, 40216|3603, 40218|3633, 40218|3778, 40219|3801, 40219|4014, http://www.netflix.com, 
40394|1, 40394|2677, 40403|2875, 40403|3531, 40404|3564, 40405|3588, 40410|3612, 40412|3638, 40415|3672, 40422|3709, 40428|3735, 40432|3791, 40435|3818, 40444|3847, 40446|4000, 40446|4042, http://www.wikipedia.org, 
40506|1, 40506|2589, 40507|2611, 40508|2647, 40519|2818, 40530|3027, 40531|3054, 40531|3190, 40566|3407, 40567|3457, 40568|3484, 40568|3777, 40569|3818, 40570|3849, 40570|4005, http://www.jd.com, 
40695|1, 40695|1740, 40696|1765, 40696|2535, 40698|2614, 40698|2647, 40700|2733, 40722|3074, 40723|3127, 40723|3233, 40729|3301, 40729|3338, 40731|3364, 40737|3407, 40737|3433, 40738|3461, 40739|3492, 40739|3547, 40740|3585, 40741|3624, 40745|3649, 40749|3675, 40749|3707, 40751|3734, 40751|3876, 40752|3898, 40752|4003, http://www.netflix.com, 
40907|1, 40907|2714, 40910|2866, 40919|3081, 40928|3125, 40928|3182, 40929|3210, 40929|3274, 40938|3420, 40943|3468, 40943|3515, 40945|3543, 40945|3579, 40950|3612, 40950|3638, 40951|3664, 40951|3759, 40953|3801, 40953|3829, 40955|3852, 40955|3922, 40956|3950, 40956|3973, 40958|3996, 40958|4019, http://www.netflix.com, 
41108|1, 41108|1735, 41109|1767, 41109|2647, 41110|2682, 41134|3071, 41134|3188, 41135|3220, 41136|3253, 41156|3483, 41156|3509, 41160|3533, 41160|3578, 41161|3602, 41161|3725, 41171|3753, 41175|3784, 41176|3847, 41176|4285, http://www.reddit.com, 
41230|1, 41230|1698, 41231|1737, 41231|2617, 41232|2646, 41237|2700, 41243|2788, 41247|2905, 41251|2967, 41251|3007, 41256|3100, 41256|3121, 41257|3148, 41257|3176, 41258|3201, 41262|3255, 41271|3361, 41282|3413, 41284|3435, 41284|3508, 41285|3536, 41285|3684, 41310|3779, 41311|3869, 41341|4248, http://www.amazon.com, 
41503|1, 41503|1789, 41504|1814, 41504|2689, 41524|3101, 41525|3141, 41525|3170, 41526|3200, 41533|3261, 41538|3309, 41542|3400, 41543|3431, 41545|3464, 41545|4009, http://www.tmall.com, 
41605|1, 41605|2614, 41606|2642, 41611|2694, 41615|2778, 41627|2813, 41634|2983, 41644|3095, 41644|3184, 41645|3220, 41646|3255, 41660|3362, 41663|3405, 41664|3440, 41668|3470, 41670|3495, 41689|3523, 41700|3550, 41773|3602, 41777|3633, 41782|3670, 41790|3702, 41806|3813, 41810|3841, 41813|4004, http://www.google.com, 
41891|1, 41891|1818, 41892|1842, 41892|2467, 41894|2587, 41895|2621, 41899|2660, 41899|2699, 41909|2960, 41918|2998, 41918|3066, 41919|3092, 41919|3182, 41920|3216, 41935|3390, 41938|3413, 41938|4005, http://www.tmall.com, 
42015|1, 42015|117, 42016|143, 42016|2571, 42021|2667, 42038|2772, 42048|2996, 42057|3148, 42062|3191, 42067|3249, 42067|3304, 42081|3403, 42099|3432, 42100|3456, 42114|3480, 42185|3522, 42196|3612, 42201|3651, 42214|3698, 42222|3737, 42222|3869, 42225|3893, 42225|3915, 42226|3943, 42244|4001, http://www.google.com, 
42318|1, 42318|2594, 42319|2678, 42325|2820, 42339|2887, 42345|3044, 42354|3126, 42354|3171, 42355|3196, 42355|3262, 42356|3290, 42357|3314, 42400|3522, 42463|3564, 42491|3624, 42494|3652, 42504|3708, 42516|3814, 42516|3904, 42522|3929, 42525|3964, 42526|3990, 42526|4008, http://www.google.com, 
42602|1, 42602|2592, 42603|2743, 42644|2932, 42649|3097, 42654|3130, 42654|3181, 42655|3216, 42656|3241, 42660|3283, 42673|3404, 42724|3549, 42738|3606, 42742|3631, 42747|3659, 42758|4146, http://www.facebook.com, 
42793|1, 42793|2690, 42794|2720, 42796|2750, 42804|2850, 42837|3023, 42846|3254, 42848|3311, 42850|3336, 42853|3374, 42855|3435, 42889|3551, 42891|3579, 42894|3607, 42906|3632, 42921|3688, 42941|3726, 42943|3891, 42943|4208, http://www.facebook.com, 
42974|1, 42974|1803, 42975|1832, 42975|2643, 42981|2706, 42984|2766, 42985|2804, 42988|2865, 42990|2895, 42991|2941, 42994|2969, 42995|3005, 43000|3040, 43000|3079, 43001|3167, 43001|3285, 43002|3313, 43003|3346, 43006|3370, 43008|3414, 43011|3450, 43013|3485, 43015|3509, 43016|3534, 43023|3581, 43024|3605, 43028|3628, 43028|3679, 43029|3715, 43029|3831, 43039|3876, 43044|3939, 43044|4074, http://www.reddit.com, 
43078|1, 43078|1760, 43079|1793, 43079|2561, 43080|2595, 43081|2640, 43082|2666, 43086|2711, 43099|2905, 43102|2949, 43109|3153, 43109|3206, 43113|3263, 43125|3388, 43131|3428, 43131|3455, 43133|3480, 43134|3507, 43136|3531, 43136|3552, 43139|3577, 43139|3603, 43140|3630, 43142|3655, 43148|3684, 43148|3711, 43150|3737, 43163|3816, 43170|3944, 43194|4336, http://www.imgur.com, 
43285|1, 43285|2568, 43286|2607, 43299|2815, 43306|2913, 43312|3034, 43312|3162, 43313|3200, 43321|3233, 43326|3319, 43332|3357, 43332|3387, 43336|3411, 43336|3459, 43342|3524, 43342|3576, 43343|3602, 43345|3627, 43351|3651, 43351|3677, 43353|3712, 43358|3738, 43366|3792, 43366|4305, http://www.imgur.com, 
43457|1, 43457|141, 43458|165, 43458|275, 43459|305, 43459|1753, 43460|1779, 43460|2597, 43476|2927, 43480|3004, 43485|3049, 43485|3080, 43486|3106, 43486|3131, 43488|3154, 43488|3283, 43492|3327, 43498|3420, 43499|3458, 43505|3488, 43505|3515, 43510|3551, 43510|3575, 43512|3604, 43512|3626, 43517|3682, 43517|3722, 43518|3746, 43520|3776, 43526|3800, 43527|3837, 43536|3886, 43541|3915, 43542|4450, http://www.imgur.com, 
