167|1, 167|184, 168|214, 168|286, 169|315, 169|618, 170|855, 170|2301, 171|2325, 171|2400, 174|2433, 174|2726, 175|2752, 175|4003, http://www.linkedin.com, 
176|1, 176|2269, 177|2300, 178|2346, 178|4062, http://www.linkedin.com, 
178|1, 178|1667, 179|1696, 179|3619, 185|3723, 188|3753, 188|4055, http://www.yahoo.com, 
205|1, 205|1142, 206|1166, 206|2012, 207|2042, 207|2750, 208|2778, 208|3559, 209|3622, 209|4028, http://www.live.com, 
209|1, 209|1810, 210|1836, 210|4010, http://www.360.cn, 
213|1, 213|2809, 214|3030, 214|4043, http://www.facebook.com, 
215|1, 215|1652, 216|1683, 216|2430, 218|2509, 218|3328, 219|3490, 219|3699, 220|3729, 220|4001, http://www.qq.com, 
232|1, 232|1623, 233|1659, 233|4013, http://www.qq.com, 
235|1, 235|1613, 236|1634, 236|3547, 239|3633, 241|3670, 248|4213, http://www.yahoo.com, 
254|1, 254|1202, 255|1228, 255|2613, 256|2716, 256|2905, 257|2946, 257|3635, 258|3870, 258|4017, http://www.vk.com, 
259|1, 259|1252, 260|1304, 260|1650, 261|1671, 261|2775, 262|3000, 262|4083, http://www.instagram.com, 
264|1, 264|2002, 265|2024, 265|3808, 266|3832, 268|3860, 269|3887, 269|4010, http://www.jd.com, 
283|1, 283|1645, 284|1677, 284|2393, 285|2423, 286|2480, 286|3107, 287|3134, 287|4009, http://www.taobao.com, 
292|1, 292|1665, 293|1700, 293|3452, 294|3475, 294|4016, http://www.baidu.com, 
305|1, 305|1652, 306|1677, 306|4009, http://www.netflix.com, 
308|1, 308|4017, http://www.tmall.com, 
313|1, 313|4002, http://www.baidu.com, 
316|1, 316|1630, 317|1659, 317|3212, 318|3258, 318|3377, 319|3413, 320|4319, http://www.imgur.com, 
324|1, 324|1658, 325|1690, 325|2405, 329|2459, 330|2499, 330|3142, 332|3542, 332|3583, 333|3675, 333|4059, http://www.sina.com.cn, 
368|1, 368|1624, 369|1646, 369|2341, 370|2463, 370|3336, 371|3366, 371|3907, 372|3994, 372|4029, http://www.live.com, 
372|1, 372|1685, 373|1705, 373|4008, http://www.sina.com.cn, 
407|1, 407|1718, 408|1755, 408|2412, 409|2490, 409|3625, 410|3736, 410|3791, 412|3904, 412|3945, 413|3983, 413|4049, http://www.amazon.com, 
415|1, 415|1605, 416|1637, 416|2352, 417|2431, 417|3643, 418|3679, 418|4082, http://www.reddit.com, 
418|1, 418|3715, 419|3789, 419|4001, http://www.360.cn, 
447|1, 447|1764, 448|1786, 448|2522, 450|2670, 450|3704, 451|3730, 451|4022, http://www.taobao.com, 
452|1, 452|2745, 453|2905, 453|3791, 454|3865, 454|4001, http://www.instagram.com, 
455|1, 455|3433, 456|3456, 456|4005, http://www.baidu.com, 
460|1, 460|1645, 461|1677, 461|3486, 462|3537, 462|4007, http://www.sohu.com, 
478|1, 478|4087, http://www.instagram.com, 
479|1, 479|4009, http://www.vk.com, 
483|1, 483|1750, 484|1776, 484|2569, 486|2607, 486|3783, 492|3868, 495|4104, http://www.yahoo.com, 
510|1, 510|1782, 511|1814, 511|4020, http://www.vk.com, 
511|1, 511|1755, 512|1780, 512|4131, http://www.reddit.com, 
512|1, 512|1803, 513|1835, 517|4280, http://www.amazon.com, 
519|1, 519|1727, 520|1755, 520|3255, 521|3659, 521|4095, http://www.sina.com.cn, 
560|1, 560|1943, 561|1972, 561|2549, 563|3067, 563|3543, 564|3568, 569|4021, http://www.360.cn, 
584|1, 584|4152, http://www.vk.com, 
586|1, 586|1711, 587|1736, 603|4387, http://www.yahoo.com, 
607|1, 607|1259, 608|1288, 608|4005, http://www.tmall.com, 
612|1, 612|1749, 613|1778, 613|3588, 614|3741, 614|3770, 615|3975, 615|4039, http://www.qq.com, 
622|1, 622|1749, 623|1772, 623|3673, 624|3781, 626|4059, http://www.jd.com, 
648|1, 648|1744, 649|1771, 649|2506, 652|2824, 652|4187, http://www.amazon.com, 
658|1, 658|1768, 659|1813, 659|4145, http://www.linkedin.com, 
661|1, 661|1796, 662|1833, 662|3534, 663|3622, 663|4015, http://www.sohu.com, 
668|1, 668|4014, http://www.linkedin.com, 
668|1, 668|3030, 669|3234, 669|3822, 670|3992, 670|4134, http://www.instagram.com, 
672|1, 672|1806, 673|1833, 673|3527, 674|3569, 674|4169, http://www.imgur.com, 
677|1, 677|1854, 678|1875, 678|2556, 683|2876, 683|3442, 684|3472, 684|4025, http://www.taobao.com, 
687|1, 687|123, 688|146, 688|1703, 689|1727, 689|2499, 690|2534, 690|3634, 691|3720, 695|4113, http://www.qq.com, 
698|1, 698|2160, 699|2183, 699|4016, http://www.sina.com.cn, 
725|1, 725|1748, 726|1784, 726|2569, 727|2603, 727|3558, 728|3593, 728|4014, http://www.live.com, 
728|1, 728|2593, 729|2677, 729|4004, http://www.live.com, 
729|1, 729|1746, 730|1778, 730|2562, 732|2613, 732|3610, 733|3637, 733|4036, http://www.baidu.com, 
747|1, 747|1712, 748|1742, 748|2470, 749|2589, 750|2648, 750|4022, http://www.qq.com, 
753|1, 753|1729, 754|1756, 754|4011, http://www.netflix.com, 
759|1, 759|2667, 760|2904, 763|4151, http://www.360.cn, 
779|1, 779|1873, 780|1897, 780|4013, http://www.tmall.com, 
785|1, 785|1799, 786|1823, 786|4001, http://www.amazon.com, 
792|1, 792|2478, 794|2510, 794|4052, http://www.amazon.com, 
796|1, 796|2287, 797|2547, 797|3390, 798|3530, 798|4014, http://www.instagram.com, 
800|1, 800|4006, http://www.linkedin.com, 
802|1, 802|4199, http://www.linkedin.com, 
802|1, 802|3383, 803|3499, 803|3671, 804|3698, 804|4023, http://www.vk.com, 
804|1, 804|3287, 805|3597, 807|4076, http://www.360.cn, 
822|1, 822|1248, 823|1279, 823|2065, 825|2206, 825|4040, http://www.live.com, 
825|1, 825|3676, 826|3707, 826|4005, http://www.sohu.com, 
839|1, 839|2739, 840|2843, 840|4112, http://www.facebook.com, 
841|1, 841|1291, 842|1323, 842|4021, http://www.wikipedia.org, 
842|1, 842|2069, 843|2097, 843|4006, http://www.jd.com, 
868|1, 868|4010, http://www.vk.com, 
872|1, 872|2601, 874|2639, 874|4144, http://www.sohu.com, 
883|1, 883|2523, 884|2963, 884|4360, http://www.facebook.com, 
884|1, 884|1753, 885|1784, 885|3798, 894|3911, 894|4018, http://www.yahoo.com, 
911|1, 911|1206, 912|1232, 912|2843, 913|2893, 913|2942, 914|3022, 914|4026, http://www.imgur.com, 
916|1, 916|1779, 917|1805, 917|3558, 918|3582, 918|4012, http://www.baidu.com, 
933|1, 933|1742, 934|1776, 934|3212, 935|3465, 937|4030, http://www.qq.com, 
947|1, 947|1851, 948|1872, 948|2523, 951|2601, 954|2634, 954|3455, 955|3484, 955|4018, http://www.taobao.com, 
959|1, 959|1721, 960|1761, 960|2513, 961|2639, 961|3285, 962|3724, 962|4059, http://www.sina.com.cn, 
992|1, 992|1783, 993|1806, 993|2779, 994|2981, 994|3756, 996|3822, 999|3866, 999|4019, http://www.yahoo.com, 
1011|1, 1011|1759, 1012|1786, 1012|2596, 1014|2642, 1018|4008, http://www.amazon.com, 
1020|1, 1020|1226, 1021|1252, 1021|4021, http://www.reddit.com, 
1021|1, 1021|1890, 1022|1912, 1022|2532, 1024|2687, 1024|4003, http://www.tmall.com, 
1028|1, 1028|1205, 1029|1229, 1029|2950, 1030|3025, 1030|4012, http://www.taobao.com, 
1030|1, 1030|3750, 1034|3889, 1034|4453, http://www.yahoo.com, 
1042|1, 1042|1813, 1043|1839, 1043|2778, 1044|2905, 1044|4043, http://www.facebook.com, 
1|1, 1|4078, http://www.wikipedia.org, 
1|1, 1|4006, http://www.google.com, 
1|1, 1|4014, http://www.google.com, 
1|1, 1|4006, http://www.tmall.com, 
1|1, 1|4008, http://www.tmall.com, 
1|1, 1|4027, http://www.vk.com, 
1|1, 1|4138, http://www.facebook.com, 
1|1, 1|4014, http://www.imgur.com, 
1|1, 1|4028, http://www.instagram.com, 
1|1, 1|4026, http://www.jd.com, 
1|1, 1|4061, http://www.sohu.com, 
1|1, 1|4085, http://www.instagram.com, 
1|1, 1|4037, http://www.jd.com, 
1|1, 1|4003, http://www.imgur.com, 
1|1, 1|4380, http://www.sohu.com, 
1|1, 1|4222, http://www.instagram.com, 
1|1, 1|4147, http://www.wikipedia.org, 
1|1, 1|4022, http://www.wikipedia.org, 
1|1, 1|4002, http://www.amazon.com, 
1|1, 1|4087, http://www.yahoo.com, 
1|1, 1|4022, http://www.sina.com.cn, 
1|1, 1|4034, http://www.sohu.com, 
1|1, 1|4050, http://www.taobao.com, 
1|1, 1|4016, http://www.taobao.com, 
1|1, 1|4018, http://www.netflix.com, 
1|1, 1|4135, http://www.reddit.com, 
1|1, 1|4028, http://www.qq.com, 
1|1, 1|4044, http://www.sohu.com, 
1|1, 1|4008, http://www.sina.com.cn, 
1|1, 1|4028, http://www.360.cn, 
1|1, 1|4498, http://www.360.cn, 
1|1, 1|4023, http://www.jd.com, 
1|1, 1|4028, http://www.netflix.com, 
1|1, 1|4016, http://www.live.com, 
1|1, 1|4041, http://www.wikipedia.org, 
1|1, 1|4021, http://www.facebook.com, 
1|1, 1|4014, http://www.google.com, 
1|1, 1|4005, http://www.baidu.com, 
1|1, 1|4040, http://www.baidu.com, 
1|1, 1|4120, http://www.wikipedia.org, 
1|1, 1|4019, http://www.qq.com, 
1|1, 1|4068, http://www.google.com, 
1|1, 1|4005, http://www.taobao.com, 
1|1, 1|4044, http://www.reddit.com, 
1|1, 1|4046, http://www.linkedin.com, 
1|1, 1|4021, http://www.sina.com.cn, 
1|1, 1|4007, http://www.live.com, 
1|1, 1|4012, http://www.vk.com, 
1|1, 1|4023, http://www.live.com, 
1|1, 1|4054, http://www.linkedin.com, 
1|1, 1|4302, http://www.reddit.com, 
1|1, 1|4015, http://www.360.cn, 
1|1, 1|4279, http://www.baidu.com, 
1|1, 1|4039, http://www.wikipedia.org, 
1|1, 1|4036, http://www.jd.com, 
1|1, 1|4005, http://www.google.com, 
1|1, 1|4016, http://www.netflix.com, 
1|1, 1|4007, http://www.netflix.com, 
1|1, 1|4053, http://www.wikipedia.org, 
1|1, 1|4016, http://www.jd.com, 
1|1, 1|4002, http://www.netflix.com, 
1|1, 1|4012, http://www.netflix.com, 
1|1, 1|4245, http://www.reddit.com, 
1|1, 1|4287, http://www.amazon.com, 
1|1, 1|4005, http://www.tmall.com, 
1|1, 1|4020, http://www.google.com, 
1|1, 1|4002, http://www.tmall.com, 
1|1, 1|4001, http://www.google.com, 
1|1, 1|4001, http://www.google.com, 
1|1, 1|4074, http://www.facebook.com, 
1|1, 1|4208, http://www.facebook.com, 
1|1, 1|4084, http://www.reddit.com, 
1|1, 1|4354, http://www.imgur.com, 
1|1, 1|4306, http://www.imgur.com, 
1|1, 1|4189, http://www.imgur.com, 
