3143|1, 3145|273, 3151|306, 3151|342, 3152|398, 3153|427, 3153|453, 3155|499, 3156|529, 3157|554, 3160|580, 3162|619, 3179|801, 3185|832, 3211|1068, 3214|1101, 3215|1123, 3218|1157, 3230|1190, 3233|1228, 3237|1249, 3239|1267, 3249|1286, 3254|1308, 3260|1331, 3266|1359, 3272|1381, 3274|1413, 3275|1434, 3275|1455, 3281|1479, 3290|1507, 3292|1549, 3293|1572, 3293|1591, 3297|1619, 3297|1643, 3303|1673, 3328|1751, 3332|1819, 3332|1841, 3340|1864, 3358|1906, 3362|1935, 3374|1976, 3383|2037, 3383|2090, 3386|2154, 3393|2185, 3394|2213, 3398|2242, 3409|2280, 3417|2309, 3421|2341, 3421|2382, 3422|2428, 3423|2455, 3423|2495, 3424|2515, 3428|2539, 3448|2583, 3454|2613, 3461|2646, 3470|2686, 3476|2716, 3488|2745, 3498|2789, 3504|2815, 3505|2837, 3505|2898, 3508|2939, 3512|2966, 3512|2990, 3514|3016, 3514|3040, 3518|3064, 3518|3087, 3522|3107, 3526|3131, 3533|3156, 3533|3196, 3538|3224, 3538|3261, 3539|3284, 3541|3312, 3541|3351, 3542|3371, 3542|4022, http://www.linkedin.com, 
3685|1, 3685|469, 3686|495, 3686|617, 3688|645, 3688|756, 3691|782, 3693|805, 3693|1366, 3694|1383, 3694|2216, 3695|2261, 3695|2283, 3696|2308, 3697|2360, 3699|2398, 3723|2725, 3729|2800, 3729|2930, 3731|3016, 3735|3058, 3735|3086, 3742|3116, 3743|3139, 3749|3177, 3752|3207, 3752|3533, 3759|3561, 3760|4076, http://www.linkedin.com, 
3946|1, 3946|1655, 3947|1677, 3947|2474, 3958|2669, 3981|2903, 3981|3051, 3982|3073, 3982|3195, 3985|3221, 3985|3266, 3989|3311, 4001|3336, 4003|3374, 4007|3398, 4007|3421, 4009|3447, 4010|3472, 4011|3498, 4011|3602, 4015|3629, 4037|3733, 4048|3763, 4052|3786, 4066|3808, 4126|3999, 4166|4064, http://www.yahoo.com, 
4709|1, 4709|1106, 4710|1152, 4710|1975, 4711|2001, 4711|2023, 4714|2052, 4721|2088, 4744|2495, 4745|2577, 4746|2611, 4747|2760, 4750|2789, 4750|2933, 4754|2982, 4754|3072, 4758|3097, 4762|3135, 4762|3163, 4766|3189, 4768|3214, 4769|3235, 4770|3256, 4771|3280, 4771|3371, 4774|3397, 4774|3478, 4775|3499, 4780|3569, 4790|3633, 4808|3697, 4816|3725, 4835|3753, 4873|3837, 4873|3904, 4875|3983, 4877|4011, http://www.live.com, 
4934|1, 4934|1637, 4935|1662, 4935|2449, 4942|2613, 4950|2743, 4967|2995, 4967|3053, 4968|3087, 4968|3434, 4972|3485, 4972|3600, 4973|3621, 4973|3686, 4974|3749, 4974|3773, 4978|3794, 4978|3907, 4979|3931, 4979|4016, http://www.360.cn, 
5114|1, 5114|217, 5115|245, 5115|1134, 5116|1158, 5116|2449, 5117|2531, 5117|2573, 5119|2821, 5182|3044, 5182|3220, 5234|3443, 5269|3522, 5273|3552, 5273|4057, http://www.facebook.com, 
5340|1, 5340|1638, 5341|1662, 5341|2396, 5342|2441, 5344|2520, 5349|2572, 5358|2754, 5370|2911, 5377|3006, 5377|3107, 5415|3303, 5415|3339, 5419|3501, 5419|3652, 5420|3677, 5420|3710, 5427|3739, 5431|3765, 5432|3795, 5445|3870, 5445|3895, 5446|3921, 5446|3963, 5449|3989, 5449|4011, http://www.qq.com, 
5830|1, 5830|1607, 5831|1630, 5831|2392, 5832|2484, 5832|2517, 5850|2761, 5864|3004, 5864|3284, 5865|3354, 5865|3556, 5866|3849, 5867|3888, 5867|3913, 5869|3946, 5874|3981, 5875|4021, http://www.qq.com, 
6126|1, 6126|1574, 6127|1602, 6127|2407, 6128|2492, 6130|2519, 6155|2817, 6161|2858, 6161|2991, 6162|3079, 6169|3233, 6169|3262, 6182|3286, 6189|3342, 6189|3388, 6191|3422, 6191|3534, 6197|3557, 6216|3643, 6220|3676, 6329|3926, 6405|4223, http://www.yahoo.com, 
6554|1, 6554|613, 6555|635, 6555|1148, 6556|1174, 6556|1966, 6557|2002, 6557|2028, 6559|2135, 6567|2167, 6583|2399, 6589|2473, 6589|2565, 6590|2605, 6590|2630, 6594|2730, 6594|2781, 6597|2803, 6597|2864, 6598|2901, 6599|2922, 6601|2962, 6601|3009, 6604|3036, 6604|3106, 6607|3146, 6607|3210, 6611|3245, 6611|3292, 6620|3314, 6621|3336, 6625|3360, 6627|3382, 6627|3404, 6628|3425, 6630|3454, 6639|3560, 6651|3650, 6713|3885, 6761|3939, 6813|3972, 6815|4023, http://www.vk.com, 
6918|1, 6918|1238, 6919|1261, 6919|1344, 6920|1366, 6920|1392, 6922|1423, 6925|1449, 6926|1475, 6927|1499, 6927|1629, 6928|1659, 6929|1680, 6930|1703, 6930|1726, 6932|1757, 6932|1800, 6935|1834, 6936|1863, 6936|1885, 6937|1911, 6937|1983, 6938|2017, 6938|2337, 6939|2365, 6939|2611, 6940|2637, 6940|2692, 6942|2784, 6965|3006, 6974|3189, 6974|3221, 6976|3293, 6990|3453, 6990|3482, 6997|3504, 6999|3535, 7001|3564, 7001|3936, 7006|3969, 7111|4091, http://www.instagram.com, 
7516|1, 7516|1565, 7517|1592, 7517|2388, 7518|2431, 7528|2531, 7536|2662, 7544|2823, 7545|2860, 7551|2887, 7551|2972, 7552|3000, 7573|3090, 7577|3216, 7578|3356, 7578|3450, 7579|3476, 7579|3521, 7581|3546, 7586|3595, 7592|3629, 7592|3653, 7595|3681, 7598|3704, 7598|3766, 7599|3790, 7601|3816, 7602|3840, 7603|3867, 7605|3895, 7605|3971, 7606|3997, 7606|4017, http://www.jd.com, 
8015|1, 8015|1609, 8016|1631, 8016|2357, 8017|2405, 8018|2432, 8020|2491, 8021|2608, 8046|2821, 8052|2869, 8052|2938, 8053|3021, 8057|3145, 8057|3172, 8060|3234, 8060|3261, 8061|3286, 8063|3314, 8063|3450, 8067|3479, 8067|3619, 8068|3643, 8068|3730, 8071|3751, 8072|3773, 8076|3797, 8076|3847, 8078|3868, 8078|3892, 8079|3916, 8079|4020, http://www.taobao.com, 
8357|1, 8357|637, 8358|670, 8359|697, 8359|1674, 8360|1709, 8360|2501, 8363|2597, 8366|2650, 8371|2744, 8394|3016, 8394|3133, 8395|3159, 8395|3416, 8397|3461, 8399|3484, 8399|3603, 8400|3628, 8400|3684, 8401|3723, 8405|3746, 8405|4004, http://www.baidu.com, 
8780|1, 8781|65, 8781|1626, 8782|1648, 8782|2460, 8783|2491, 8784|2528, 8789|2606, 8793|2659, 8805|2812, 8811|2990, 8811|3019, 8812|3042, 8812|3170, 8815|3274, 8819|3301, 8819|3326, 8822|3352, 8827|3377, 8827|3485, 8830|3513, 8835|4010, http://www.netflix.com, 
9037|1, 9037|108, 9038|128, 9038|150, 9039|175, 9039|1035, 9043|1057, 9043|1107, 9044|1132, 9044|1332, 9045|1353, 9045|1732, 9047|1776, 9047|1798, 9048|1820, 9048|2489, 9049|2514, 9049|2550, 9061|2716, 9077|2967, 9077|3025, 9078|3053, 9081|3177, 9081|3245, 9085|3266, 9085|3357, 9087|3383, 9087|4010, http://www.tmall.com, 
9318|1, 9318|1108, 9320|1132, 9320|1282, 9321|1305, 9321|1857, 9323|1887, 9323|2017, 9325|2044, 9325|2337, 9327|2398, 9329|2437, 9342|2643, 9344|2774, 9355|2838, 9359|2901, 9359|2969, 9360|2999, 9360|3236, 9361|3260, 9363|3288, 9363|3452, 9364|3479, 9364|3502, 9369|3558, 9369|3857, 9377|3876, 9379|3902, 9379|3927, 9380|3953, 9382|4012, http://www.baidu.com, 
9649|1, 9649|1614, 9650|1636, 9650|2449, 9651|2497, 9653|2528, 9657|2575, 9660|2623, 9663|2652, 9668|2805, 9683|2894, 9683|3125, 9684|3165, 9687|3218, 9690|3264, 9690|3290, 9693|3320, 9693|3350, 9696|3384, 9698|3420, 9698|3444, 9701|3466, 9701|3489, 9702|3516, 9705|3559, 9709|3586, 9718|3654, 9726|3724, 9753|3789, 9786|3818, 9810|3843, 9882|3944, 9927|4311, http://www.imgur.com, 
10062|1, 10062|1652, 10063|1674, 10063|2390, 10064|2422, 10069|2475, 10069|2511, 10085|2760, 10094|2919, 10100|2964, 10100|3039, 10131|3123, 10187|3159, 10272|3558, 10272|3600, 10289|3691, 10289|3727, 10291|3759, 10295|3781, 10296|3807, 10302|3837, 10302|3859, 10305|3885, 10308|3909, 10311|4075, http://www.sina.com.cn, 
11342|1, 11342|716, 11343|742, 11343|882, 11344|902, 11344|1570, 11345|1609, 11345|2354, 11347|2465, 11365|2682, 11374|2820, 11379|2864, 11379|2889, 11380|2944, 11380|3072, 11381|3103, 11382|3174, 11383|3223, 11383|3296, 11385|3344, 11387|3378, 11387|3456, 11391|3492, 11391|3599, 11398|3625, 11400|3674, 11400|3783, 11403|3811, 11412|4006, http://www.live.com, 
11538|1, 11538|1643, 11539|1668, 11539|2435, 11544|2605, 11561|2827, 11567|2941, 11567|3047, 11568|3078, 11568|3453, 11570|3558, 11571|3690, 11571|3774, 11572|3797, 11575|3844, 11575|3922, 11578|3967, 11579|4002, http://www.sina.com.cn, 
11830|1, 11830|1657, 11831|1679, 11831|2425, 11833|2491, 11835|2534, 11838|2569, 11859|2843, 11865|2897, 11866|2931, 11866|3076, 11867|3100, 11868|3125, 11868|3155, 11870|3179, 11870|3202, 11874|3246, 11882|3290, 11884|3320, 11884|3341, 11886|3364, 11886|3615, 11889|3637, 11899|3749, 11904|3780, 11912|3804, 11934|3917, 11952|3957, 11955|3995, 11955|4061, http://www.amazon.com, 
12657|1, 12657|1061, 12659|1088, 12659|1602, 12660|1627, 12660|2375, 12662|2454, 12664|2484, 12664|2510, 12667|2548, 12668|2584, 12682|2761, 12695|2884, 12695|3096, 12705|3266, 12712|3307, 12717|3352, 12718|3377, 12720|3419, 12720|3566, 12736|3666, 12738|3702, 12846|3775, 13220|4105, http://www.reddit.com, 
13272|1, 13272|2582, 13292|2874, 13300|2939, 13306|3122, 13306|3254, 13308|3385, 13318|3721, 13322|3796, 13324|3861, 13325|3914, 13325|3954, 13329|3979, 13329|4008, http://www.360.cn, 
14216|1, 14217|47, 14217|1745, 14218|1771, 14218|2531, 14221|2678, 14223|2715, 14227|2751, 14231|2781, 14235|2812, 14239|2878, 14240|2931, 14253|3014, 14253|3321, 14254|3370, 14254|3408, 14255|3426, 14255|3507, 14256|3580, 14256|3712, 14258|3737, 14258|3759, 14259|3781, 14262|3827, 14262|3851, 14263|3876, 14264|3899, 14264|3926, 14266|3950, 14270|4029, http://www.taobao.com, 
14332|1, 14332|2468, 14333|2502, 14336|2550, 14348|2751, 14366|2903, 14366|3104, 14368|3188, 14368|3220, 14372|3247, 14378|3286, 14380|3315, 14382|3355, 14387|3376, 14389|3401, 14389|3770, 14394|3802, 14396|3877, 14398|3908, 14402|3942, 14404|4014, http://www.instagram.com, 
14567|1, 14567|2382, 14569|2433, 14572|2515, 14591|2829, 14592|2857, 14599|2932, 14605|2997, 14605|3069, 14606|3101, 14606|3399, 14607|3421, 14608|3445, 14610|3468, 14610|3555, 14611|3597, 14611|3677, 14612|3720, 14616|3748, 14616|4016, http://www.baidu.com, 
14858|1, 14858|1257, 14859|1278, 14859|1598, 14860|1620, 14860|2405, 14861|2457, 14861|2488, 14863|2521, 14870|2574, 14876|2695, 14886|2839, 14888|2882, 14888|3083, 14889|3149, 14889|3456, 14890|3492, 14891|3544, 14893|3570, 14893|3756, 14894|3785, 14894|3827, 14896|3860, 14898|3885, 14898|4013, http://www.sohu.com, 
16096|1, 16096|2462, 16099|2546, 16108|2685, 16112|2781, 16130|2924, 16130|3105, 16136|3250, 16143|3290, 16144|3334, 16153|3358, 16155|3385, 16155|3751, 16160|3774, 16163|3861, 16167|3891, 16169|4092, http://www.instagram.com, 
16338|1, 16338|2570, 16365|2968, 16371|3070, 16371|3243, 16372|3279, 16372|3330, 16375|3451, 16375|3474, 16378|3496, 16378|3548, 16379|3570, 16381|3638, 16381|3662, 16384|3691, 16384|3740, 16385|3792, 16387|3858, 16391|3896, 16391|3920, 16395|3942, 16401|3980, 16407|4019, http://www.vk.com, 
16518|1, 16518|964, 16519|991, 16519|1717, 16520|1759, 16520|2489, 16521|2578, 16523|2615, 16525|2643, 16541|2875, 16549|2960, 16556|3074, 16556|3242, 16557|3290, 16564|3466, 16577|3523, 16582|3561, 16587|3602, 16587|3633, 16588|3661, 16588|3758, 16594|3791, 16616|3875, 16667|4104, http://www.yahoo.com, 
16923|1, 16923|2565, 16926|2718, 16935|2854, 16942|2953, 16951|3083, 16957|3197, 16957|3369, 16958|3399, 16959|3502, 16961|3602, 16961|3691, 16964|3716, 16964|3763, 16965|3795, 16967|3853, 16970|3921, 16973|4029, http://www.vk.com, 
17104|1, 17104|1693, 17105|1738, 17105|2473, 17106|2647, 17109|2735, 17117|2837, 17127|3002, 17133|3076, 17133|3218, 17135|3293, 17151|3449, 17153|3488, 17154|3519, 17169|4139, http://www.reddit.com, 
17212|1, 17212|1740, 17213|1772, 17213|2573, 17216|2647, 17226|2807, 17231|2858, 17246|3051, 17247|3079, 17247|3261, 17262|3504, 17265|3530, 17265|3730, 17270|3756, 17273|3785, 17323|4287, http://www.amazon.com, 
17524|1, 17524|1713, 17525|1735, 17525|2470, 17528|2619, 17531|2656, 17532|2696, 17544|2881, 17553|2963, 17559|3017, 17559|3207, 17560|3264, 17661|3667, 17661|3833, 17664|3887, 17669|3984, 17683|4103, http://www.sina.com.cn, 
18046|1, 18046|1714, 18047|1738, 18047|2561, 18067|2926, 18083|3126, 18083|3391, 18086|3527, 18086|3580, 18087|3641, 18116|4030, http://www.360.cn, 
18639|1, 18639|676, 18640|703, 18640|2118, 18641|2157, 18641|2199, 18643|2227, 18657|2381, 18673|2592, 18673|2762, 18674|2788, 18674|2834, 18677|2973, 18680|2998, 18680|3052, 18683|3093, 18683|3141, 18686|3190, 18686|3262, 18689|3320, 18689|3377, 18693|3415, 18693|3441, 18697|3465, 18707|3511, 18707|3535, 18709|3560, 18709|3586, 18712|3628, 18713|3680, 18715|3774, 18719|3837, 18722|3886, 18734|4164, http://www.vk.com, 
18823|1, 18823|1711, 18824|1735, 18824|2569, 18825|2676, 18837|2974, 18851|3094, 18852|3128, 18852|3317, 18853|3347, 18854|3406, 18856|3482, 18860|3515, 18874|3604, 18878|3634, 18878|3656, 18880|3684, 18881|3712, 18882|3734, 18882|3783, 18884|3823, 18895|3884, 19098|4396, http://www.yahoo.com, 
19237|1, 19237|1220, 19238|1246, 19238|2060, 19251|2420, 19259|2482, 19260|2514, 19265|2547, 19265|2587, 19266|2621, 19266|2732, 19267|2837, 19268|2918, 19270|3053, 19274|3169, 19274|4017, http://www.tmall.com, 
19381|1, 19381|1716, 19382|1738, 19382|2615, 19383|2644, 19383|2665, 19409|3034, 19415|3152, 19415|3191, 19445|3241, 19452|3310, 19452|3392, 19454|3544, 19454|3602, 19457|3754, 19457|3785, 19463|3988, 19469|4052, http://www.qq.com, 
19558|1, 19558|1751, 19559|1773, 19559|2489, 19560|2670, 19562|2723, 19566|2754, 19569|2806, 19579|3020, 19592|3208, 19592|3248, 19593|3282, 19619|3484, 19619|3694, 19622|3805, 19661|3860, 19665|3931, 19667|4083, http://www.jd.com, 
19856|1, 19856|1696, 19857|1726, 19857|2514, 19873|2826, 19878|2870, 19888|3094, 19888|3121, 19891|3190, 19891|3258, 19893|3439, 19893|3474, 19897|3510, 19897|3603, 19907|3646, 19907|3668, 19908|3689, 19908|3766, 19910|3808, 19910|3927, 19921|3955, 19932|4194, http://www.amazon.com, 
20232|1, 20232|1694, 20233|1722, 20233|2551, 20234|2597, 20237|2667, 20241|2697, 20252|2850, 20254|2998, 20254|3068, 20260|3098, 20261|3143, 20267|3172, 20267|3291, 20269|3347, 20273|3374, 20273|3421, 20280|3446, 20285|3470, 20287|3493, 20287|3517, 20288|3549, 20289|3573, 20289|3792, 20297|3818, 20300|3926, 20303|3955, 20305|3982, 20308|4008, http://www.linkedin.com, 
20488|1, 20488|1776, 20489|1806, 20489|2622, 20490|2680, 20496|2784, 20500|2842, 20513|3048, 20514|3079, 20521|3166, 20522|3220, 20522|3544, 20525|3631, 20525|3786, 20526|3840, 20530|4003, http://www.sohu.com, 
20848|1, 20848|2580, 20849|2648, 20865|2850, 20866|2883, 20881|3048, 20881|3296, 20883|3336, 20883|3381, 20887|3458, 20895|3509, 20901|3548, 20901|3573, 20903|3600, 20903|3869, 20910|3895, 20910|4028, http://www.linkedin.com, 
21100|1, 21100|2634, 21103|2763, 21104|2809, 21134|3241, 21134|3416, 21136|3477, 21152|3631, 21158|3665, 21159|3692, 21159|3778, 21163|3834, 21169|3931, 21172|4146, http://www.instagram.com, 
21337|1, 21337|1706, 21338|1727, 21338|2530, 21339|2580, 21357|2889, 21371|3095, 21371|3272, 21372|3318, 21373|3350, 21383|3542, 21385|3581, 21388|3632, 21392|3669, 21392|3698, 21404|3782, 21408|3857, 21413|4123, http://www.imgur.com, 
21509|1, 21509|1739, 21510|1767, 21510|2539, 21511|2570, 21530|2889, 21549|3163, 21549|3210, 21550|3259, 21551|3313, 21552|3345, 21552|3454, 21554|3486, 21554|3532, 21557|3556, 21557|3604, 21558|3642, 21560|3671, 21560|3719, 21564|3759, 21567|4009, http://www.taobao.com, 
21655|1, 21655|108, 21656|131, 21656|154, 21657|180, 21658|202, 21663|232, 21664|271, 21665|299, 21667|331, 21667|599, 21668|624, 21668|646, 21670|671, 21675|710, 21676|739, 21676|832, 21677|861, 21677|960, 21678|1018, 21679|1043, 21680|1071, 21684|1122, 21686|1176, 21686|1259, 21687|1303, 21687|1677, 21688|1711, 21688|2480, 21689|2507, 21689|2542, 21690|2578, 21692|2622, 21692|2768, 21704|2903, 21708|2975, 21717|3058, 21718|3105, 21724|3191, 21724|3281, 21725|3314, 21761|3612, 21762|3642, 21763|3728, 21769|4120, http://www.qq.com, 
21861|1, 21861|1801, 21862|1823, 21862|2491, 21863|2689, 21873|2804, 21889|3088, 21896|3137, 21896|3230, 21897|3285, 21897|4006, http://www.sina.com.cn, 
22199|1, 22199|1733, 22200|1757, 22200|2522, 22201|2578, 22201|2612, 22202|2659, 22202|2688, 22204|2724, 22211|2781, 22234|3098, 22234|3331, 22235|3366, 22237|3539, 22239|3566, 22241|3601, 22241|3682, 22243|3724, 22245|3756, 22245|3818, 22253|3875, 22253|3963, 22256|3997, 22257|4022, http://www.live.com, 
22317|1, 22317|2516, 22318|2602, 22321|2686, 22346|3028, 22352|3109, 22352|3246, 22353|3301, 22353|3358, 22354|3404, 22355|3449, 22355|3480, 22356|3510, 22358|3553, 22358|3669, 22362|3715, 22362|3784, 22367|3823, 22370|3861, 22370|3884, 22371|3933, 22374|3969, 22374|4014, http://www.live.com, 
22428|1, 22428|1732, 22429|1754, 22429|2490, 22431|2571, 22432|2621, 22434|2654, 22434|2691, 22457|3003, 22465|3086, 22465|3212, 22466|3251, 22466|3574, 22468|3618, 22470|3646, 22470|3691, 22471|3748, 22471|3838, 22472|3860, 22476|3931, 22476|4009, http://www.baidu.com, 
22764|1, 22764|1701, 22765|1724, 22765|2482, 22767|2601, 22768|2656, 22770|2694, 22774|2735, 22778|2817, 22786|2923, 22801|3112, 22801|3450, 22802|3493, 22803|3568, 22803|3691, 22807|3803, 22807|3910, 22808|3943, 22810|4010, http://www.qq.com, 
22921|1, 22921|1716, 22922|1739, 22922|2559, 22930|2989, 22948|3044, 22955|3111, 22955|3180, 22956|3296, 22957|3378, 22959|3407, 22959|3430, 22963|3464, 22971|3531, 22971|3605, 22973|3632, 22974|3688, 22974|3886, 22976|3930, 22980|3976, 22984|4021, http://www.netflix.com, 
23304|1, 23304|2639, 23305|2675, 23325|2890, 23331|2957, 23332|2990, 23340|3071, 23349|3161, 23349|3360, 23352|3590, 23353|3677, 23355|3753, 23355|3895, 23359|3924, 23364|4150, http://www.360.cn, 
23467|1, 23467|1728, 23468|1750, 23468|2432, 23469|2608, 23469|2632, 23471|2660, 23486|2866, 23495|3021, 23501|3122, 23501|3175, 23503|3364, 23505|3405, 23505|3432, 23509|3469, 23509|4021, http://www.tmall.com, 
23609|1, 23609|1756, 23610|1781, 23610|2256, 23611|2290, 23611|2408, 23613|2432, 23613|2527, 23616|2590, 23619|2688, 23621|2741, 23636|2969, 23652|3134, 23652|3402, 23654|3457, 23654|3586, 23658|3636, 23658|3691, 23663|3723, 23668|3749, 23668|3774, 23669|3798, 23669|3845, 23670|3885, 23671|3913, 23671|4010, http://www.amazon.com, 
23982|1, 23982|2455, 23984|2495, 23984|2528, 23985|2575, 23987|2602, 24017|3009, 24017|3159, 24019|3240, 24019|3409, 24023|3445, 24023|3537, 24032|3574, 24033|3602, 24034|3630, 24034|3703, 24036|3748, 24036|3875, 24057|3980, 24062|4014, http://www.amazon.com, 
24279|1, 24279|1993, 24280|2131, 24280|2168, 24313|2573, 24314|2615, 24314|2775, 24320|2865, 24328|2961, 24338|3000, 24338|3417, 24351|3556, 24353|3866, 24354|4032, http://www.instagram.com, 
24585|1, 24585|2656, 24586|2694, 24588|2740, 24618|3172, 24618|3272, 24620|3401, 24636|3518, 24638|3550, 24639|3586, 24640|3618, 24640|3840, 24647|3887, 24648|3961, 24654|4019, http://www.linkedin.com, 
24868|1, 24868|2417, 24872|2634, 24898|3047, 24898|3116, 24900|3279, 24904|3309, 24904|3345, 24911|3371, 24917|3419, 24918|3464, 24918|3493, 24919|3520, 24919|3816, 24926|3915, 24926|4208, http://www.linkedin.com, 
25120|1, 25120|2631, 25121|2695, 25139|3012, 25153|3183, 25153|3313, 25154|3346, 25154|3391, 25158|3507, 25158|3556, 25161|3591, 25161|3650, 25163|3679, 25165|3706, 25165|3779, 25168|3815, 25168|3885, 25171|3928, 25171|3972, 25175|3996, 25175|4031, http://www.vk.com, 
25225|1, 25225|2549, 25226|2651, 25237|2807, 25240|2844, 25250|3046, 25257|3155, 25257|3296, 25262|3605, 25282|4018, http://www.360.cn, 
25386|1, 25386|1194, 25387|1219, 25387|2009, 25389|2089, 25400|2228, 25416|2494, 25423|2593, 25423|2652, 25424|2676, 25424|2720, 25425|2753, 25426|2851, 25427|2887, 25428|2934, 25429|2961, 25429|3065, 25433|3093, 25433|3182, 25441|3212, 25441|3331, 25443|3355, 25445|3390, 25445|3503, 25448|3538, 25448|3611, 25449|3651, 25453|4018, http://www.live.com, 
25501|1, 25501|2571, 25502|2672, 25516|2786, 25528|3017, 25537|3153, 25537|3336, 25538|3396, 25538|3686, 25540|3715, 25541|3779, 25541|3838, 25542|3862, 25544|4013, http://www.sohu.com, 
25674|1, 25674|2655, 25675|2708, 25677|2746, 25690|2850, 25702|2937, 25708|3016, 25716|3214, 25716|3323, 25718|3377, 25718|3440, 25766|3587, 25773|3611, 25789|3666, 25830|3788, 25830|3811, 25835|3870, 25840|4120, http://www.facebook.com, 
25951|1, 25951|1255, 25952|1280, 25952|2149, 25953|2194, 25953|2223, 25955|2261, 25971|2476, 25985|2631, 25985|2744, 25986|2786, 26014|3076, 26017|3129, 26032|3230, 26034|3369, 26034|3660, 26035|3707, 26035|3749, 26037|3782, 26037|3812, 26042|3860, 26048|3886, 26048|3912, 26055|3957, 26058|4035, http://www.wikipedia.org, 
26119|1, 26119|1724, 26120|1755, 26120|2533, 26121|2568, 26121|2623, 26127|2711, 26148|3054, 26154|3166, 26154|3258, 26155|3287, 26176|3320, 26176|3428, 26180|3535, 26180|3877, 26181|3931, 26181|3957, 26182|3986, 26183|4012, http://www.jd.com, 
26285|1, 26285|2556, 26286|2624, 26296|2776, 26318|3068, 26318|3231, 26322|3461, 26322|3506, 26325|3532, 26325|3582, 26328|3638, 26328|3692, 26331|3714, 26331|3771, 26334|3822, 26334|3895, 26338|3919, 26338|3960, 26347|3993, 26352|4018, http://www.vk.com, 
26466|1, 26466|2509, 26467|2535, 26471|2653, 26479|2793, 26485|2869, 26486|2930, 26487|2985, 26496|3076, 26502|3149, 26502|3311, 26504|3441, 26504|3536, 26509|3832, 26518|4157, http://www.sohu.com, 
26717|1, 26717|2531, 26768|2970, 26776|3154, 26777|3228, 26783|3327, 26822|3496, 26835|3564, 26881|3695, 26884|4368, http://www.facebook.com, 
26937|1, 26937|1740, 26938|1767, 26938|2572, 26939|2600, 26939|2654, 26941|2689, 26952|2889, 26956|2918, 26971|3122, 26971|3316, 26973|3359, 26979|3474, 26979|3502, 26982|3525, 26993|3583, 26999|3610, 26999|3639, 27000|3680, 27001|3731, 27001|3782, 27003|3811, 27033|3924, 27058|4032, http://www.yahoo.com, 
27380|1, 27380|1188, 27381|1214, 27381|1778, 27386|1814, 27386|1841, 27387|1864, 27387|2066, 27389|2133, 27389|2166, 27396|2268, 27416|2555, 27423|2592, 27423|2734, 27425|2790, 27425|2816, 27428|2851, 27430|2899, 27433|2929, 27433|2951, 27438|3030, 27438|3056, 27441|3085, 27442|3117, 27450|3201, 27453|3228, 27459|3300, 27465|3329, 27466|3366, 27468|3400, 27600|4035, http://www.imgur.com, 
27726|1, 27726|1703, 27727|1729, 27727|2490, 27728|2566, 27730|2610, 27733|2650, 27745|2895, 27753|2993, 27754|3037, 27760|3067, 27760|3156, 27761|3182, 27761|3508, 27762|3535, 27763|3567, 27765|3591, 27765|3660, 27766|3682, 27766|3797, 27767|3827, 27767|3848, 27771|3873, 27771|4020, http://www.baidu.com, 
28100|1, 28100|533, 28101|561, 28101|1633, 28102|1662, 28102|1728, 28103|1750, 28103|2581, 28106|2686, 28111|2743, 28117|2801, 28123|3049, 28123|3136, 28130|3218, 28175|3453, 28181|3795, 28182|3833, 28183|3976, 28185|4038, http://www.qq.com, 
28360|1, 28360|1741, 28361|1763, 28361|2545, 28367|2624, 28368|2655, 28370|2684, 28377|2809, 28394|3035, 28400|3119, 28400|3268, 28401|3321, 28403|3360, 28403|3478, 28405|3507, 28405|3528, 28411|3656, 28411|3685, 28415|3711, 28415|4019, http://www.taobao.com, 
28536|1, 28536|121, 28538|150, 28538|1732, 28539|1771, 28539|2524, 28541|2649, 28559|2910, 28572|3079, 28572|3296, 28671|3734, 28671|3836, 28672|3935, 28674|4070, http://www.sina.com.cn, 
28939|1, 28939|1744, 28940|1766, 28940|2561, 28941|2640, 28941|2672, 28959|2990, 28967|3023, 28968|3066, 28974|3113, 28974|3207, 28978|3365, 28978|3390, 28982|3414, 28982|3444, 28996|3497, 28996|3523, 29002|3550, 29003|3584, 29003|3611, 29004|3633, 29004|3730, 29008|3765, 29022|3831, 29031|3876, 29079|4009, http://www.yahoo.com, 
29326|1, 29326|1716, 29327|1749, 29327|2495, 29329|2598, 29329|2644, 29330|2683, 29330|2719, 29344|2868, 29363|3177, 29363|3369, 29377|3451, 29379|3516, 29381|3557, 29381|3727, 29386|3779, 29394|3936, 29399|4023, http://www.amazon.com, 
29630|1, 29630|1183, 29631|1208, 29631|2015, 29632|2062, 29632|2086, 29635|2135, 29642|2189, 29646|2314, 29652|2470, 29665|2592, 29665|2653, 29667|2822, 29685|2981, 29686|3017, 29686|4007, http://www.reddit.com, 
29766|1, 29766|1688, 29767|1714, 29767|2503, 29768|2538, 29775|2693, 29783|2769, 29785|2806, 29797|2908, 29804|3009, 29804|3401, 29805|3435, 29805|3479, 29808|3587, 29811|3620, 29812|3646, 29812|4009, http://www.tmall.com, 
29905|1, 29905|1170, 29906|1212, 29906|1975, 29907|2138, 29909|2173, 29930|2510, 29940|2557, 29940|2700, 29941|2731, 29943|2808, 29943|2957, 29945|3032, 29946|3061, 29949|3089, 29951|3121, 29953|3207, 29957|3257, 29957|3612, 29963|3636, 29969|3694, 29969|3718, 29973|3748, 29974|3795, 29974|4018, http://www.taobao.com, 
30096|1, 30096|2491, 30097|2645, 30097|2680, 30129|3132, 30129|3242, 30130|3274, 30130|3330, 30151|3546, 30155|3579, 30157|3606, 30158|3644, 30159|3669, 30159|3769, 30186|3907, 30203|3978, 30370|4717, http://www.yahoo.com, 
30448|1, 30448|2535, 30449|2577, 30449|2599, 30451|2626, 30456|2786, 30458|2913, 30473|3004, 30477|3042, 30497|3195, 30500|3222, 30507|3264, 30507|3337, 30532|3483, 30557|3577, 30578|3611, 30583|3657, 30593|3687, 30596|3714, 30599|3756, 30607|3911, 30607|4037, http://www.facebook.com, 
30667|1, 30667|2583, 30668|2639, 30681|2848, 30687|2992, 30697|3073, 30700|3155, 30700|3329, 30702|3399, 30702|3441, 30706|3465, 30719|3557, 30721|3585, 30723|3612, 30723|4079, http://www.wikipedia.org, 
30784|1, 30784|2576, 30785|2637, 30785|2669, 30801|2859, 30825|3064, 30832|3169, 30832|3371, 30835|3407, 30839|3440, 30851|3482, 30866|3516, 30888|3545, 30906|3581, 30926|3609, 30968|3641, 30994|3722, 31013|3801, 31023|3833, 31024|3857, 31030|3903, 31035|3979, 31036|4009, http://www.google.com, 
31144|1, 31144|2550, 31145|2605, 31146|2640, 31146|2675, 31147|2707, 31153|2767, 31154|2795, 31172|2978, 31187|3197, 31194|3266, 31194|3323, 31336|3707, 31390|3909, 31395|4011, http://www.google.com, 
31505|1, 31505|1715, 31506|1739, 31506|2530, 31507|2566, 31507|2606, 31509|2631, 31510|2656, 31525|2863, 31527|2932, 31540|3073, 31540|3280, 31541|3352, 31542|3449, 31544|3486, 31548|3512, 31548|4007, http://www.tmall.com, 
31640|1, 31640|2607, 31674|3184, 31674|3260, 31675|3296, 31676|3354, 31678|3441, 31682|3491, 31682|4010, http://www.tmall.com, 
31764|1, 31764|2440, 31767|2593, 31770|2649, 31772|2693, 31772|2717, 31777|2823, 31784|2927, 31797|3093, 31797|3229, 31798|3269, 31798|3299, 31801|3384, 31801|3418, 31804|3444, 31804|3509, 31805|3545, 31807|3586, 31807|3609, 31809|3643, 31810|3668, 31810|3709, 31811|3734, 31813|3813, 31813|3836, 31817|3863, 31817|3910, 31821|3958, 31833|4028, http://www.vk.com, 
31942|1, 31942|2564, 31943|2662, 31998|3128, 32004|3188, 32020|3316, 32055|3425, 32070|3481, 32091|3544, 32116|3830, 32116|4139, http://www.facebook.com, 
32169|1, 32169|1779, 32170|1807, 32170|2564, 32171|2645, 32171|2678, 32177|2750, 32199|3044, 32203|3101, 32203|3239, 32204|3262, 32210|3474, 32222|3499, 32222|3520, 32225|3580, 32228|3623, 32228|3647, 32229|3671, 32229|3699, 32230|3723, 32232|3748, 32234|3790, 32237|3819, 32237|3840, 32238|3861, 32241|3888, 32241|3909, 32245|3937, 32245|3960, 32251|3983, 32253|4016, http://www.imgur.com, 
32352|1, 32352|2555, 32355|2652, 32361|2742, 32365|2846, 32374|3033, 32382|3092, 32389|3206, 32389|3247, 32390|3296, 32407|3417, 32420|3493, 32431|3570, 32431|3644, 32435|3666, 32435|3711, 32439|3828, 32445|3973, 32445|4029, http://www.instagram.com, 
32624|1, 32624|1763, 32625|1785, 32625|2623, 32626|2727, 32645|3044, 32652|3079, 32658|3214, 32658|3311, 32659|3349, 32667|3439, 32672|3527, 32673|3553, 32673|3608, 32678|3803, 32678|4027, http://www.jd.com, 
32766|1, 32766|2498, 32767|2617, 32769|2650, 32785|3011, 32800|3138, 32802|3195, 32806|3243, 32813|3312, 32815|3347, 32815|3565, 32816|3592, 32816|3642, 32820|3693, 32820|3904, 32821|3927, 32833|4062, http://www.sohu.com, 
32942|1, 32942|2573, 32943|2630, 32967|2981, 32976|3067, 32976|3116, 32977|3145, 32979|3258, 32985|3340, 32993|3398, 33004|3488, 33005|3542, 33008|3579, 33013|3612, 33026|3755, 33028|3858, 33028|4087, http://www.instagram.com, 
33202|1, 33202|2419, 33203|2565, 33203|2597, 33205|2626, 33228|2941, 33235|3055, 33236|3122, 33260|3173, 33264|3208, 33264|3238, 33271|3313, 33276|3630, 33276|3678, 33279|3751, 33283|3812, 33302|4037, http://www.jd.com, 
33467|1, 33467|1724, 33468|1753, 33468|2640, 33469|2666, 33469|2717, 33471|2766, 33490|2977, 33499|3120, 33499|3245, 33523|3524, 33525|3554, 33530|3620, 33531|3664, 33534|3702, 33538|3726, 33538|3747, 33546|3792, 33547|3820, 33553|3855, 33555|4004, http://www.imgur.com, 
33661|1, 33661|1700, 33662|1723, 33662|2461, 33663|2578, 33663|2621, 33664|2646, 33664|2668, 33666|2694, 33669|2736, 33670|2762, 33694|3105, 33696|3190, 33696|3218, 33697|3278, 33699|3329, 33714|3582, 33715|3698, 33719|3831, 33728|4372, http://www.sohu.com, 
33985|1, 33985|2547, 33986|2628, 33986|2653, 33999|2833, 34014|3060, 34020|3116, 34020|3185, 34021|3232, 34023|3276, 34027|3306, 34032|3350, 34036|3399, 34038|3424, 34038|3537, 34040|3572, 34059|3708, 34059|3777, 34065|3910, 34073|4223, http://www.instagram.com, 
34215|1, 34215|2531, 34228|2760, 34234|2880, 34248|3110, 34248|3157, 34251|3224, 34251|3256, 34260|3348, 34265|3400, 34284|3564, 34284|3593, 34286|3620, 34287|3649, 34288|4154, http://www.wikipedia.org, 
34349|1, 34349|2526, 34350|2580, 34350|2630, 34370|2937, 34383|3108, 34386|3175, 34407|3362, 34415|3394, 34417|3426, 34420|3463, 34423|4043, http://www.wikipedia.org, 
34475|1, 34475|1257, 34476|1279, 34476|2125, 34477|2178, 34477|2244, 34486|2328, 34487|2362, 34510|2685, 34513|2758, 34539|2952, 34542|3061, 34542|3338, 34555|3438, 34556|3468, 34567|3590, 34586|3763, 34603|4003, http://www.amazon.com, 
35114|1, 35114|1718, 35115|1740, 35115|2502, 35116|2536, 35118|2570, 35122|2658, 35148|3066, 35149|3114, 35156|3148, 35157|3180, 35158|3207, 35161|3233, 35171|3347, 35173|3420, 35173|3452, 35177|3484, 35191|3557, 35195|3598, 35197|3630, 35198|3659, 35199|3682, 35199|3785, 35204|3835, 35241|3967, 35278|4088, http://www.yahoo.com, 
35517|1, 35517|1694, 35518|1735, 35518|2518, 35519|2659, 35522|2705, 35536|2840, 35538|2947, 35539|3015, 35546|3061, 35548|3091, 35552|3136, 35552|3210, 35553|3244, 35569|3306, 35660|3423, 35664|3458, 35664|3579, 35668|3635, 35669|3690, 35669|3826, 35672|3865, 35672|4024, http://www.sina.com.cn, 
35967|1, 35967|2510, 35969|2638, 35979|2730, 35986|2964, 35993|3038, 36001|3073, 36001|3135, 36002|3161, 36002|3200, 36004|3229, 36008|3255, 36015|3328, 36020|3371, 36020|3548, 36021|3570, 36021|3639, 36025|3665, 36025|3884, 36026|3906, 36026|3950, 36033|3978, 36034|4002, http://www.sohu.com, 
36168|1, 36168|1740, 36169|1769, 36169|2688, 36170|2741, 36172|2789, 36177|2872, 36179|2926, 36188|3033, 36196|3196, 36202|3248, 36202|3436, 36217|3604, 36221|3671, 36221|3705, 36224|3731, 36225|3771, 36227|3806, 36227|3829, 36231|3856, 36231|4051, http://www.taobao.com, 
36336|1, 36337|47, 36337|2535, 36338|2561, 36340|2595, 36342|2644, 36346|2695, 36349|2733, 36359|3046, 36365|3086, 36372|3176, 36373|3267, 36374|3297, 36377|3349, 36393|3499, 36394|3529, 36396|3566, 36400|3612, 36400|4019, http://www.taobao.com, 
36520|1, 36520|1699, 36521|1722, 36521|2511, 36522|2620, 36536|2801, 36548|2914, 36555|3130, 36555|3156, 36556|3185, 36559|3247, 36568|3321, 36568|3355, 36573|3477, 36573|3531, 36577|3560, 36577|3584, 36585|3628, 36585|3685, 36588|3743, 36588|4019, http://www.netflix.com, 
36876|1, 36876|1674, 36877|1700, 36877|2406, 36879|2494, 36882|2580, 36885|2620, 36894|2746, 36898|2787, 36898|2832, 36913|3073, 36913|3146, 36914|3180, 36914|3207, 36916|3249, 36946|3452, 36952|3485, 36953|3520, 36953|3648, 36961|3717, 36968|3864, 36968|4136, http://www.reddit.com, 
37020|1, 37020|1713, 37021|1742, 37021|2609, 37022|2656, 37024|2687, 37054|3042, 37054|3250, 37106|3537, 37106|3630, 37107|3706, 37108|3780, 37108|3891, 37110|3929, 37111|3960, 37112|3989, 37112|4029, http://www.qq.com, 
37242|1, 37242|2515, 37264|2992, 37277|3191, 37282|3266, 37282|3322, 37287|3388, 37293|3446, 37294|3475, 37295|3499, 37295|3595, 37296|3624, 37296|3675, 37300|3699, 37300|3962, 37301|3987, 37309|4045, http://www.sohu.com, 
37420|1, 37420|1715, 37421|1814, 37421|2558, 37424|2625, 37425|2674, 37442|2907, 37456|3021, 37456|3173, 37457|3223, 37458|3256, 37573|3485, 37573|3633, 37580|3946, 37582|3975, 37583|4010, http://www.sina.com.cn, 
37743|1, 37744|46, 37744|1712, 37745|1740, 37745|2544, 37746|2593, 37746|2641, 37748|2856, 37769|3023, 37777|3062, 37777|3163, 37778|3189, 37780|3220, 37789|3314, 37793|3359, 37803|3754, 37808|4030, http://www.360.cn, 
37908|1, 37908|2716, 37911|2753, 37926|2960, 37936|3110, 37943|3222, 37943|3387, 37944|3440, 37960|3727, 37966|3984, 37983|4499, http://www.360.cn, 
38068|1, 38068|1738, 38069|1764, 38069|2553, 38072|2643, 38072|2668, 38098|3055, 38106|3139, 38108|3172, 38112|3215, 38141|3468, 38141|3496, 38145|3676, 38145|4027, http://www.jd.com, 
38261|1, 38261|1302, 38262|1323, 38262|1347, 38263|1368, 38263|1738, 38264|1768, 38264|2649, 38267|2750, 38271|2839, 38286|3016, 38297|3114, 38297|3357, 38299|3386, 38301|3433, 38319|3596, 38319|3622, 38323|3645, 38323|3696, 38333|3730, 38333|3776, 38339|3861, 38341|3894, 38341|4029, http://www.netflix.com, 
38575|1, 38575|1700, 38576|1722, 38577|1755, 38577|1863, 38579|1889, 38579|1986, 38582|2018, 38582|2049, 38584|2078, 38584|2488, 38585|2613, 38587|2640, 38590|2677, 38618|3094, 38618|3156, 38619|3181, 38622|3221, 38633|3341, 38635|3410, 38637|3436, 38639|3469, 38639|3553, 38640|3581, 38643|3619, 38643|3661, 38648|3733, 38651|3766, 38651|3809, 38652|3830, 38655|3907, 38655|4017, http://www.live.com, 
38714|1, 38714|1708, 38715|1731, 38715|2545, 38716|2651, 38734|2912, 38743|3018, 38749|3072, 38749|3202, 38750|3231, 38767|3377, 38784|3523, 38790|3596, 38790|4042, http://www.wikipedia.org, 
38841|1, 38841|2568, 38842|2637, 38886|2896, 38889|2923, 38896|2958, 38896|3205, 38902|3247, 38910|3356, 38912|3399, 38944|3552, 38963|3595, 38969|3632, 39011|3728, 39020|4022, http://www.facebook.com, 
39074|1, 39074|2600, 39075|2673, 39081|2734, 39085|2767, 39101|2918, 39112|3050, 39118|3078, 39118|3116, 39120|3150, 39120|3199, 39121|3260, 39121|3299, 39122|3334, 39123|3383, 39132|3408, 39145|3472, 39168|3503, 39173|3533, 39198|3558, 39228|3601, 39260|3626, 39286|3680, 39295|3721, 39309|3771, 39323|3815, 39331|3839, 39331|3923, 39336|3963, 39337|3995, 39337|4015, http://www.google.com, 
39443|1, 39443|1765, 39444|1788, 39444|2570, 39446|2624, 39447|2675, 39447|2777, 39450|2823, 39459|3004, 39463|3146, 39473|3250, 39476|3322, 39487|3432, 39489|3560, 39489|3629, 39490|3656, 39491|3679, 39493|3709, 39493|3913, 39495|3938, 39495|3964, 39499|3987, 39499|4007, http://www.baidu.com, 
39746|1, 39746|76, 39747|97, 39747|2547, 39748|2673, 39754|3020, 39754|3049, 39757|3076, 39761|3180, 39773|3239, 39779|3276, 39784|3327, 39786|3355, 39786|3706, 39814|3776, 39815|3841, 39815|3875, 39817|3923, 39818|3950, 39835|4044, http://www.baidu.com, 
40197|1, 40197|541, 40198|563, 40198|752, 40200|774, 40200|2426, 40201|2581, 40203|2626, 40213|2741, 40227|3003, 40233|3066, 40234|3101, 40236|3127, 40236|3156, 40240|3236, 40247|3300, 40253|3341, 40257|3381, 40264|3408, 40265|3433, 40270|3459, 40273|3506, 40274|4122, http://www.wikipedia.org, 
40311|1, 40311|1728, 40312|1751, 40312|2589, 40313|2636, 40313|2694, 40327|2803, 40330|2857, 40342|3122, 40347|3157, 40347|3180, 40349|3210, 40354|3266, 40395|3312, 40397|3508, 40400|3682, 40400|3775, 40401|3813, 40402|3853, 40404|3894, 40404|3966, 40406|3989, 40406|4020, http://www.qq.com, 
40490|1, 40490|2621, 40494|2717, 40537|3097, 40537|3171, 40538|3199, 40540|3225, 40540|3255, 40544|3285, 40556|3335, 40587|3417, 40621|3453, 40694|3544, 40715|3644, 40742|3704, 40747|3728, 40747|3840, 40753|3883, 40753|3933, 40761|3958, 40779|4069, http://www.google.com, 
40850|1, 40850|2590, 40851|2614, 40853|2698, 40859|2776, 40879|3073, 40885|3105, 40885|3275, 40887|3316, 40892|3402, 40904|3459, 40904|3487, 40908|3514, 40910|3539, 40910|3586, 40914|3613, 40914|4005, http://www.taobao.com, 
41003|1, 41003|97, 41004|123, 41004|1729, 41005|1762, 41005|2661, 41006|2693, 41023|2866, 41031|2961, 41038|3123, 41041|3214, 41041|3241, 41045|3292, 41045|3318, 41054|3413, 41061|3442, 41061|3464, 41069|3498, 41073|3524, 41075|3556, 41077|3611, 41077|3769, 41092|3848, 41092|4045, http://www.reddit.com, 
41130|1, 41130|1730, 41131|1753, 41131|2585, 41132|2651, 41150|2941, 41157|3001, 41163|3079, 41165|3122, 41165|3145, 41167|3174, 41171|3201, 41171|3232, 41176|3317, 41184|3429, 41198|3502, 41198|3531, 41199|3553, 41200|3575, 41200|3870, 41206|3900, 41206|4023, http://www.linkedin.com, 
41377|1, 41377|1750, 41378|1775, 41378|2612, 41379|2647, 41383|2769, 41383|2824, 41399|3110, 41400|3158, 41402|3198, 41403|3229, 41514|3620, 41519|3760, 41519|3796, 41520|3828, 41523|4024, http://www.sina.com.cn, 
41752|1, 41752|1714, 41753|1743, 41753|2509, 41754|2642, 41757|2699, 41774|2899, 41786|3030, 41786|3208, 41787|3232, 41788|3259, 41790|3294, 41803|3444, 41806|3503, 41806|3573, 41810|3605, 41810|3710, 41818|3736, 41818|3830, 41821|3853, 41822|3874, 41822|4008, http://www.live.com, 
41866|1, 41866|1721, 41867|1746, 41867|2533, 41868|2625, 41868|2666, 41869|2700, 41889|3027, 41896|3114, 41896|3140, 41898|3165, 41898|3191, 41903|3219, 41910|3306, 41915|3339, 41916|3369, 41919|3401, 41919|3450, 41920|3473, 41920|3498, 41921|3522, 41923|3550, 41923|3593, 41926|3615, 41926|3683, 41927|3714, 41929|3747, 41929|3807, 41933|3829, 41933|3871, 41941|3901, 41943|3928, 41947|3951, 41947|3971, 41949|3992, 41949|4013, http://www.vk.com, 
42057|1, 42057|1682, 42058|1704, 42058|2544, 42065|2623, 42065|2649, 42083|2892, 42085|2932, 42091|2982, 42098|3037, 42098|3182, 42099|3204, 42099|3232, 42101|3260, 42106|3295, 42111|3338, 42115|3439, 42115|3493, 42119|3535, 42119|3652, 42121|3674, 42123|3708, 42123|3797, 42126|3820, 42126|3933, 42127|3957, 42127|4024, http://www.live.com, 
42180|1, 42180|2513, 42181|2569, 42182|2628, 42197|2794, 42203|3005, 42213|3072, 42213|3120, 42214|3147, 42214|3176, 42216|3200, 42216|3222, 42220|3274, 42233|3464, 42240|3495, 42241|3524, 42246|3555, 42247|3594, 42247|3617, 42248|3637, 42248|3925, 42254|3974, 42254|4055, http://www.linkedin.com, 
42448|1, 42448|1753, 42449|1775, 42449|2720, 42462|2941, 42464|3072, 42470|3100, 42471|3127, 42476|3152, 42477|3179, 42478|3281, 42484|3328, 42493|3399, 42499|3437, 42510|3491, 42516|3551, 42517|3577, 42517|3753, 42532|3821, 42533|4304, http://www.reddit.com, 
42570|1, 42570|2547, 42571|2580, 42571|2605, 42573|2634, 42583|2739, 42583|2766, 42586|2791, 42604|3076, 42604|3150, 42605|3176, 42605|3205, 42610|3266, 42635|3785, 42635|4004, http://www.360.cn, 
42726|1, 42726|1740, 42727|1762, 42727|2529, 42730|2626, 42732|2662, 42749|2933, 42766|3094, 42766|3172, 42767|3205, 42770|3241, 42774|3312, 42784|3413, 42784|3693, 42809|3720, 42813|3904, 42838|4280, http://www.baidu.com, 
43079|1, 43079|528, 43080|551, 43080|1331, 43081|1355, 43081|2589, 43082|2646, 43085|2707, 43092|2751, 43101|2963, 43102|3006, 43109|3083, 43109|3112, 43110|3137, 43115|3162, 43115|3247, 43116|3282, 43118|3337, 43124|3387, 43133|3418, 43133|3444, 43142|3469, 43148|3495, 43148|3520, 43150|3553, 43151|3661, 43151|4040, http://www.wikipedia.org, 
43216|1, 43216|1725, 43217|1751, 43217|2521, 43218|2562, 43220|2638, 43222|2684, 43253|3062, 43253|3166, 43254|3189, 43255|3227, 43258|3255, 43275|3551, 43276|3667, 43276|4007, http://www.jd.com, 
43372|1, 43372|2447, 43373|2577, 43401|2805, 43420|3006, 43420|3088, 43421|3115, 43421|3142, 43423|3225, 43450|3296, 43471|3353, 43509|3409, 43540|3435, 43580|3465, 43617|3597, 43627|3664, 43627|3752, 43632|3785, 43633|3815, 43633|3884, 43657|3928, 43659|4005, http://www.google.com, 
43755|1, 43755|1706, 43756|1745, 43756|2506, 43757|2575, 43759|2633, 43762|2676, 43767|2777, 43774|2862, 43783|2986, 43790|3145, 43791|3179, 43793|3203, 43793|3227, 43797|3253, 43800|3287, 43803|3319, 43806|3363, 43806|3406, 43808|3473, 43810|3504, 43810|3548, 43814|3572, 43814|3617, 43822|3664, 43822|3687, 43825|3786, 43825|4017, http://www.netflix.com, 
44053|1, 44053|2600, 44068|2831, 44074|2933, 44087|3116, 44087|3198, 44088|3226, 44088|3250, 44091|3280, 44095|3361, 44101|3389, 44105|3494, 44109|3518, 44109|3560, 44117|3588, 44117|3641, 44119|3675, 44120|3718, 44120|4008, http://www.netflix.com, 
44335|1, 44335|2633, 44336|2667, 44336|2692, 44346|2803, 44350|3012, 44350|3055, 44351|3089, 44351|3236, 44352|3272, 44352|3331, 44353|3364, 44353|3387, 44355|3422, 44355|3494, 44356|3517, 44356|3546, 44358|3576, 44358|3602, 44363|3627, 44365|3652, 44367|3676, 44377|3721, 44388|3750, 44388|3773, 44395|3832, 44395|3856, 44403|3951, 44403|4054, http://www.wikipedia.org, 
44463|1, 44463|2524, 44464|2569, 44464|2626, 44466|2657, 44478|2818, 44496|3029, 44496|3147, 44497|3175, 44498|3205, 44504|3231, 44536|3467, 44538|3498, 44538|3526, 44539|3736, 44539|3765, 44540|3788, 44540|3828, 44542|3865, 44542|4017, http://www.jd.com, 
44706|1, 44706|1737, 44707|1761, 44707|2543, 44709|2636, 44710|2669, 44712|2727, 44736|3032, 44742|3125, 44742|3215, 44743|3245, 44746|3311, 44750|3359, 44756|3385, 44759|3426, 44759|3482, 44760|3507, 44762|3545, 44762|3606, 44766|3646, 44769|3671, 44773|3697, 44774|3729, 44774|3779, 44776|3804, 44777|3827, 44777|4004, http://www.netflix.com, 
44980|1, 44980|2619, 44981|2651, 44981|2733, 44987|2871, 44995|3001, 45004|3144, 45010|3182, 45010|3252, 45011|3293, 45012|3331, 45028|3483, 45028|3534, 45030|3562, 45030|3585, 45034|3628, 45034|3682, 45035|3706, 45037|3741, 45037|3769, 45039|3819, 45039|3849, 45041|3871, 45041|4013, http://www.netflix.com, 
45233|1, 45233|1721, 45234|1751, 45234|2616, 45235|2659, 45237|2690, 45267|3080, 45267|3180, 45268|3203, 45268|3227, 45270|3267, 45287|3454, 45299|3524, 45300|3548, 45300|3571, 45302|3593, 45302|3767, 45312|3797, 45317|3855, 45317|4237, http://www.reddit.com, 
45379|1, 45379|1716, 45380|1740, 45380|2569, 45381|2685, 45384|2720, 45391|2814, 45400|2945, 45408|2992, 45408|3046, 45414|3138, 45414|3165, 45415|3190, 45415|3217, 45417|3243, 45417|3268, 45428|3402, 45444|3454, 45444|3477, 45445|3499, 45446|3525, 45446|3727, 45451|3764, 45461|3910, 45491|4236, http://www.amazon.com, 
45678|1, 45678|1773, 45679|1806, 45679|2665, 45680|2706, 45707|3109, 45708|3160, 45708|3189, 45710|3218, 45714|3250, 45721|3327, 45725|3418, 45729|3445, 45729|4006, http://www.tmall.com, 
45802|1, 45802|2587, 45803|2634, 45803|2660, 45805|2715, 45819|2798, 45824|2833, 45835|2963, 45848|3116, 45848|3187, 45850|3239, 45852|3274, 45870|3383, 45874|3424, 45878|3462, 45895|3491, 45901|3517, 45934|3545, 45939|3568, 46005|3599, 46009|3651, 46017|3692, 46024|3715, 46042|3802, 46056|3862, 46062|4022, http://www.google.com, 
46164|1, 46164|1702, 46165|1724, 46165|2473, 46167|2540, 46170|2637, 46171|2676, 46177|2712, 46185|2867, 46194|3009, 46200|3054, 46200|3131, 46201|3161, 46201|3193, 46204|3226, 46216|3333, 46222|3430, 46222|4003, http://www.tmall.com, 
46315|1, 46315|129, 46316|153, 46316|2519, 46317|2584, 46319|2618, 46336|2783, 46348|2941, 46364|3158, 46368|3198, 46373|3250, 46382|3307, 46411|3411, 46431|3443, 46449|3468, 46458|3491, 46515|3530, 46527|3608, 46542|3662, 46563|3710, 46571|3748, 46571|3790, 46575|3858, 46576|3882, 46577|3903, 46591|4001, http://www.google.com, 
46698|1, 46698|2607, 46699|2691, 46710|2816, 46718|2891, 46727|2949, 46740|3120, 46746|3177, 46746|3239, 46747|3265, 46749|3303, 46749|3327, 46794|3493, 46839|3565, 46905|3634, 46912|3663, 46923|3700, 46941|3787, 46945|3862, 46945|3894, 46953|3917, 46959|3942, 46960|3968, 46960|4004, http://www.google.com, 
47068|1, 47068|2566, 47069|2610, 47069|2651, 47108|2948, 47128|3082, 47135|3146, 47135|3196, 47136|3232, 47138|3259, 47138|3293, 47142|3331, 47201|3556, 47232|3624, 47237|3648, 47242|3676, 47246|3700, 47246|3747, 47251|3816, 47260|4076, http://www.facebook.com, 
47310|1, 47310|2672, 47311|2705, 47312|2736, 47313|2768, 47316|2824, 47359|3003, 47375|3265, 47379|3330, 47379|3355, 47383|3381, 47388|3451, 47428|3560, 47429|3597, 47438|3625, 47448|3649, 47462|3675, 47483|3744, 47486|3771, 47486|4206, http://www.facebook.com, 
47533|1, 47533|1709, 47534|1733, 47534|2554, 47535|2613, 47538|2687, 47549|2776, 47549|2814, 47553|2870, 47553|2903, 47560|2952, 47562|2979, 47562|3013, 47568|3051, 47568|3261, 47569|3296, 47569|3325, 47571|3358, 47575|3382, 47575|3414, 47580|3457, 47584|3496, 47584|3521, 47588|3546, 47596|3580, 47600|3616, 47604|3640, 47605|3663, 47605|3866, 47612|3944, 47613|4085, http://www.reddit.com, 
47651|1, 47651|1755, 47652|1781, 47652|2516, 47654|2581, 47654|2607, 47655|2661, 47657|2687, 47660|2731, 47668|2804, 47682|2967, 47689|3163, 47689|3224, 47693|3282, 47700|3404, 47712|3445, 47713|3476, 47717|3500, 47717|3527, 47720|3551, 47720|3574, 47721|3597, 47724|3623, 47724|3651, 47728|3676, 47735|3704, 47736|3728, 47737|3757, 47742|3782, 47749|3961, 47779|4355, http://www.imgur.com, 
47892|1, 47892|2519, 47895|2612, 47895|2663, 47918|2922, 47926|3040, 47926|3127, 47927|3150, 47927|3175, 47929|3212, 47931|3240, 47944|3333, 47947|3366, 47950|3400, 47951|3423, 47953|3448, 47954|3472, 47958|3535, 47958|3561, 47962|3587, 47962|3613, 47966|3639, 47967|3663, 47973|3690, 47974|3713, 47975|3750, 47982|3802, 47983|3840, 47983|4307, http://www.imgur.com, 
48092|1, 48092|123, 48093|150, 48093|315, 48094|342, 48094|1720, 48095|1745, 48095|2611, 48113|2880, 48120|3011, 48127|3062, 48127|3267, 48128|3294, 48131|3340, 48138|3433, 48146|3468, 48153|3501, 48153|3530, 48154|3562, 48156|3590, 48158|3618, 48158|3641, 48161|3665, 48163|3731, 48166|3759, 48170|3790, 48170|3813, 48178|3849, 48179|3884, 48194|3929, 48194|4190, http://www.imgur.com, 
