2947|1, 2949|65, 2955|99, 2955|190, 2956|219, 2956|244, 2957|291, 2958|321, 2959|347, 2961|371, 2963|411, 2980|593, 2986|624, 3012|860, 3015|893, 3016|917, 3019|949, 3031|982, 3034|1020, 3038|1040, 3041|1058, 3050|1078, 3055|1100, 3061|1123, 3067|1151, 3073|1173, 3075|1204, 3076|1226, 3076|1246, 3082|1271, 3091|1300, 3093|1341, 3094|1364, 3094|1383, 3098|1412, 3098|1434, 3104|1470, 3129|1543, 3133|1611, 3133|1634, 3141|1656, 3159|1698, 3163|1727, 3175|1769, 3184|1829, 3184|1881, 3187|1947, 3194|1977, 3195|2005, 3199|2034, 3210|2071, 3218|2101, 3222|2133, 3222|2173, 3223|2220, 3224|2247, 3224|2307, 3228|2331, 3248|2375, 3254|2405, 3261|2438, 3270|2478, 3276|2508, 3288|2537, 3298|2581, 3304|2607, 3305|2629, 3305|2690, 3307|2731, 3311|2758, 3311|2782, 3313|2810, 3313|2832, 3317|2856, 3317|2878, 3321|2899, 3325|2923, 3332|2948, 3332|2988, 3337|3016, 3337|3053, 3338|3077, 3340|3104, 3340|3142, 3341|3163, 3341|4009, http://www.linkedin.com, 
3481|1, 3481|459, 3482|485, 3482|607, 3484|635, 3484|745, 3487|773, 3489|795, 3489|2304, 3490|2350, 3492|2486, 3516|2715, 3522|2789, 3522|2920, 3524|3006, 3528|3049, 3528|3076, 3535|3106, 3536|3129, 3542|3167, 3545|3197, 3545|3523, 3552|3551, 3553|4066, http://www.linkedin.com, 
3739|1, 3739|2468, 3750|2663, 3773|2897, 3773|3044, 3774|3067, 3774|3188, 3777|3215, 3777|3260, 3781|3305, 3793|3330, 3795|3368, 3799|3391, 3799|3415, 3801|3441, 3802|3466, 3803|3492, 3803|3596, 3807|3623, 3820|3727, 3830|3757, 3834|3780, 3848|3803, 3908|3994, 3948|4058, http://www.yahoo.com, 
4473|1, 4473|1967, 4474|1995, 4474|2016, 4477|2045, 4484|2081, 4507|2499, 4508|2570, 4509|2604, 4510|2753, 4512|2781, 4512|2925, 4516|2975, 4516|3065, 4520|3090, 4524|3134, 4524|3156, 4528|3182, 4530|3207, 4531|3228, 4532|3249, 4532|3364, 4535|3390, 4535|3492, 4540|3562, 4549|3626, 4567|3690, 4575|3719, 4594|3746, 4632|3830, 4632|3896, 4633|3976, 4635|4004, http://www.live.com, 
4691|1, 4691|2426, 4698|2590, 4706|2722, 4723|2972, 4723|3031, 4724|3064, 4724|3411, 4728|3462, 4728|3662, 4729|3726, 4729|3749, 4733|3771, 4733|3884, 4734|3908, 4735|4012, http://www.360.cn, 
4863|1, 4863|204, 4864|233, 4864|1121, 4865|1146, 4865|2436, 4866|2519, 4866|2561, 4868|2811, 4930|3033, 4930|3208, 4982|3484, 5017|3509, 5021|3539, 5021|4045, http://www.facebook.com, 
5087|1, 5087|2434, 5088|2513, 5093|2565, 5102|2748, 5114|2909, 5121|2999, 5121|3100, 5158|3297, 5158|3332, 5161|3494, 5161|3645, 5162|3670, 5162|3703, 5169|3732, 5173|3757, 5174|3834, 5187|3863, 5187|3888, 5188|3914, 5188|3956, 5191|3982, 5191|4005, http://www.qq.com, 
5560|1, 5560|2386, 5561|2480, 5561|2511, 5579|2757, 5593|2999, 5593|3278, 5594|3350, 5594|3562, 5595|3844, 5596|3883, 5596|3908, 5598|3941, 5603|3976, 5604|4016, http://www.qq.com, 
5853|1, 5853|2400, 5854|2486, 5856|2518, 5881|2812, 5887|2853, 5887|2984, 5888|3158, 5895|3228, 5895|3255, 5908|3280, 5915|3336, 5915|3382, 5917|3416, 5917|3528, 5923|3551, 5937|3637, 5941|3674, 6050|3920, 6119|4217, http://www.yahoo.com, 
6262|1, 6262|601, 6263|624, 6263|1957, 6264|1991, 6264|2015, 6266|2123, 6274|2155, 6290|2387, 6296|2461, 6296|2553, 6297|2593, 6297|2617, 6300|2719, 6300|2768, 6303|2791, 6303|2852, 6304|2888, 6304|2909, 6306|2950, 6306|2996, 6309|3024, 6309|3094, 6312|3136, 6312|3198, 6316|3234, 6316|3279, 6325|3302, 6326|3324, 6330|3347, 6332|3370, 6332|3391, 6333|3413, 6335|3441, 6344|3548, 6356|3638, 6417|3874, 6465|3927, 6517|3960, 6519|4018, http://www.vk.com, 
6621|1, 6621|1336, 6622|1359, 6622|1385, 6625|1416, 6627|1442, 6628|1468, 6629|1492, 6629|1652, 6630|1673, 6631|1696, 6631|1719, 6633|1750, 6633|1793, 6636|1827, 6637|1855, 6637|1877, 6638|1904, 6638|1976, 6639|2010, 6639|2331, 6640|2358, 6640|2604, 6641|2631, 6641|2685, 6643|2777, 6665|3001, 6674|3182, 6674|3213, 6676|3286, 6690|3446, 6690|3475, 6697|3497, 6699|3528, 6701|3557, 6701|3929, 6706|3962, 6811|4084, http://www.instagram.com, 
7214|1, 7214|2382, 7215|2426, 7225|2526, 7233|2657, 7241|2818, 7242|2858, 7248|2882, 7248|2967, 7249|2995, 7270|3172, 7270|3445, 7271|3471, 7271|3516, 7273|3542, 7278|3590, 7284|3624, 7284|3648, 7287|3676, 7290|3699, 7290|3761, 7292|3786, 7293|3811, 7293|3835, 7294|3862, 7294|3965, 7295|3992, 7295|4012, http://www.jd.com, 
7694|1, 7694|2428, 7696|2484, 7697|2601, 7722|2814, 7728|2862, 7728|2935, 7729|3111, 7732|3138, 7732|3165, 7735|3227, 7735|3254, 7736|3282, 7738|3307, 7738|3443, 7742|3472, 7742|3611, 7743|3636, 7743|3722, 7746|3744, 7747|3766, 7751|3791, 7751|3840, 7753|3861, 7753|3885, 7754|3909, 7754|4014, http://www.taobao.com, 
8027|1, 8027|632, 8028|665, 8029|692, 8029|2495, 8032|2592, 8035|2645, 8040|2740, 8063|3011, 8063|3127, 8064|3154, 8064|3411, 8065|3456, 8067|3479, 8067|3598, 8068|3623, 8068|3678, 8069|3718, 8073|3741, 8073|4020, http://www.baidu.com, 
8435|1, 8435|2436, 8436|2467, 8437|2504, 8442|2583, 8446|2644, 8458|2787, 8464|2966, 8464|2995, 8465|3018, 8465|3146, 8468|3250, 8472|3278, 8472|3302, 8475|3328, 8480|3352, 8480|3461, 8483|3489, 8483|3955, 8488|3986, 8491|4012, http://www.netflix.com, 
8688|1, 8688|100, 8689|121, 8689|142, 8690|168, 8690|1028, 8694|1050, 8694|1725, 8696|1769, 8696|2481, 8697|2507, 8697|2542, 8709|2709, 8724|2962, 8724|3018, 8725|3046, 8728|3206, 8728|3237, 8732|3259, 8732|3351, 8734|3376, 8734|4003, http://www.tmall.com, 
8960|1, 8960|1103, 8962|1127, 8962|1276, 8963|1300, 8963|1852, 8965|1882, 8965|2012, 8967|2039, 8967|2340, 8969|2396, 8971|2432, 8984|2638, 8986|2783, 8997|2838, 9001|2896, 9001|2964, 9002|2994, 9002|3230, 9003|3256, 9005|3283, 9005|3446, 9006|3474, 9006|3496, 9011|3554, 9011|3851, 9019|3871, 9021|3897, 9021|3922, 9022|3948, 9024|4008, http://www.baidu.com, 
9286|1, 9286|2444, 9287|2493, 9289|2524, 9293|2571, 9296|2620, 9299|2678, 9304|2806, 9319|2890, 9319|3121, 9320|3160, 9322|3214, 9325|3260, 9325|3286, 9328|3316, 9328|3346, 9330|3380, 9332|3416, 9332|3440, 9335|3463, 9335|3484, 9336|3513, 9339|3555, 9343|3581, 9352|3650, 9360|3720, 9387|3785, 9422|3814, 9444|3839, 9516|3940, 9560|4321, http://www.imgur.com, 
9691|1, 9691|2408, 9692|2461, 9692|2502, 9708|2747, 9717|2905, 9723|2950, 9723|3025, 9754|3109, 9811|3144, 9893|3544, 9893|3586, 9908|3678, 9908|3712, 9910|3745, 9914|3767, 9915|3792, 9921|3823, 9921|3844, 9924|3871, 9927|3894, 9930|4061, http://www.sina.com.cn, 
10920|1, 10920|706, 10921|735, 10921|871, 10922|892, 10922|2344, 10923|2465, 10941|2672, 10950|2810, 10955|2854, 10955|2879, 10956|2934, 10956|3062, 10957|3093, 10958|3164, 10959|3213, 10959|3286, 10960|3339, 10962|3368, 10962|3445, 10966|3482, 10966|3589, 10973|3616, 10975|3663, 10975|3773, 10978|3801, 10978|3909, 10986|3997, 10992|4032, http://www.live.com, 
11112|1, 11112|2424, 11117|2616, 11134|2823, 11140|2931, 11140|3037, 11141|3072, 11141|3443, 11143|3549, 11144|3680, 11144|3763, 11145|3793, 11148|3835, 11148|3911, 11151|3958, 11152|3992, 11154|4013, http://www.sina.com.cn, 
11368|1, 11368|2414, 11369|2488, 11371|2524, 11374|2563, 11395|2834, 11401|2887, 11402|2921, 11402|3065, 11403|3090, 11404|3114, 11404|3144, 11406|3169, 11406|3192, 11410|3236, 11419|3280, 11420|3310, 11420|3330, 11422|3354, 11422|3605, 11425|3627, 11434|3739, 11439|3769, 11447|3794, 11466|3907, 11484|3948, 11487|3985, 11487|4052, http://www.amazon.com, 
12187|1, 12187|1045, 12189|1072, 12189|2358, 12190|2438, 12192|2468, 12192|2493, 12195|2531, 12196|2568, 12210|2746, 12223|2896, 12223|3079, 12233|3250, 12240|3314, 12245|3336, 12246|3361, 12248|3403, 12248|3551, 12263|3650, 12265|3685, 12373|3759, 12747|4089, http://www.reddit.com, 
12799|1, 12799|2577, 12819|2875, 12827|2936, 12833|3117, 12833|3249, 12835|3475, 12844|3717, 12846|3791, 12848|3857, 12849|3923, 12849|3948, 12853|3974, 12853|4002, http://www.360.cn, 
13696|1, 13697|41, 13697|2524, 13698|2672, 13700|2709, 13704|2745, 13708|2775, 13712|2806, 13716|2872, 13717|2925, 13730|3025, 13730|3315, 13731|3364, 13731|3401, 13732|3420, 13732|3705, 13734|3731, 13734|3753, 13735|3775, 13738|3821, 13738|3847, 13739|3870, 13740|3893, 13740|3920, 13742|3944, 13746|4023, http://www.taobao.com, 
13807|1, 13807|2458, 13808|2493, 13811|2541, 13823|2749, 13840|2907, 13840|3094, 13842|3181, 13842|3211, 13846|3239, 13852|3277, 13854|3306, 13856|3346, 13861|3367, 13863|3392, 13863|3760, 13868|3793, 13869|3868, 13871|3901, 13875|3933, 13877|4005, http://www.instagram.com, 
14039|1, 14039|2375, 14041|2427, 14044|2528, 14063|2823, 14064|2851, 14071|2926, 14077|2991, 14077|3062, 14078|3095, 14078|3393, 14079|3415, 14079|3439, 14081|3462, 14081|3549, 14082|3591, 14082|3670, 14083|3716, 14087|3742, 14087|4011, http://www.baidu.com, 
14323|1, 14323|2400, 14324|2452, 14324|2483, 14326|2517, 14333|2572, 14339|2691, 14349|2834, 14351|2877, 14351|3077, 14352|3144, 14352|3450, 14353|3487, 14353|3539, 14355|3565, 14355|3750, 14356|3780, 14356|3821, 14358|3855, 14360|3881, 14360|4009, http://www.sohu.com, 
15542|1, 15542|2457, 15545|2541, 15554|2680, 15558|2776, 15576|2920, 15576|3099, 15582|3246, 15589|3285, 15590|3329, 15599|3353, 15601|3380, 15601|3746, 15606|3769, 15609|3857, 15613|3942, 15615|4088, http://www.instagram.com, 
15783|1, 15783|2564, 15810|2964, 15816|3065, 15816|3237, 15817|3274, 15817|3323, 15820|3445, 15820|3468, 15823|3491, 15823|3541, 15824|3564, 15826|3632, 15826|3656, 15829|3685, 15829|3733, 15830|3786, 15832|3852, 15836|3890, 15836|3913, 15840|3935, 15846|3974, 15852|4013, http://www.vk.com, 
15959|1, 15959|958, 15960|985, 15960|2572, 15961|2609, 15963|2637, 15979|2875, 15987|2956, 15994|3068, 15994|3236, 15995|3283, 16002|3479, 16015|3517, 16020|3556, 16025|3597, 16025|3627, 16026|3655, 16026|3751, 16032|3785, 16044|3870, 16093|4105, http://www.yahoo.com, 
16333|1, 16333|2560, 16336|2714, 16345|2853, 16352|2952, 16361|3078, 16367|3192, 16367|3363, 16368|3394, 16369|3497, 16371|3597, 16371|3686, 16374|3711, 16374|3757, 16375|3791, 16377|3872, 16380|3916, 16383|4024, http://www.vk.com, 
16514|1, 16514|2466, 16515|2650, 16518|2730, 16526|2831, 16536|2996, 16542|3070, 16542|3211, 16544|3288, 16560|3443, 16562|3482, 16563|3513, 16578|4134, http://www.reddit.com, 
16621|1, 16621|2567, 16624|2643, 16634|2801, 16639|2852, 16654|3045, 16655|3073, 16655|3254, 16670|3499, 16673|3524, 16673|3724, 16678|3750, 16681|3779, 16727|4282, http://www.amazon.com, 
16926|1, 16926|2462, 16929|2612, 16932|2649, 16933|2691, 16945|2919, 16954|2956, 16960|3010, 16960|3199, 16961|3257, 17060|3661, 17060|3826, 17063|3880, 17067|3979, 17080|4096, http://www.sina.com.cn, 
17403|1, 17403|2553, 17421|3071, 17437|3119, 17437|3384, 17439|3521, 17439|3572, 17440|3642, 17460|4025, http://www.360.cn, 
17969|1, 17969|670, 17970|697, 17970|2112, 17971|2152, 17971|2192, 17973|2221, 17987|2376, 18003|2633, 18003|2755, 18004|2782, 18004|2828, 18007|2967, 18010|2992, 18010|3050, 18013|3087, 18013|3134, 18016|3184, 18016|3256, 18019|3325, 18019|3370, 18023|3410, 18023|3434, 18027|3459, 18037|3505, 18037|3529, 18039|3554, 18039|3579, 18042|3622, 18043|3675, 18045|3769, 18049|3831, 18052|3880, 18064|4158, http://www.vk.com, 
18151|1, 18151|2607, 18152|2668, 18164|2966, 18178|3085, 18179|3121, 18179|3308, 18180|3339, 18181|3398, 18183|3474, 18187|3507, 18201|3596, 18205|3626, 18205|3648, 18207|3676, 18208|3704, 18209|3726, 18209|3775, 18211|3815, 18219|3875, 18409|4388, http://www.yahoo.com, 
18544|1, 18544|2090, 18557|2414, 18565|2473, 18566|2505, 18571|2538, 18571|2577, 18572|2612, 18572|2722, 18573|2828, 18574|2909, 18576|3044, 18580|3164, 18580|4008, http://www.tmall.com, 
18683|1, 18683|2606, 18684|2636, 18684|2657, 18710|3033, 18716|3144, 18716|3182, 18746|3234, 18753|3302, 18753|3385, 18755|3537, 18755|3593, 18756|3746, 18756|3776, 18762|3981, 18768|4044, http://www.qq.com, 
18850|1, 18850|2470, 18851|2652, 18853|2705, 18857|2735, 18860|2837, 18870|3153, 18883|3189, 18883|3231, 18884|3263, 18905|3465, 18905|3678, 18908|3787, 18947|3841, 18950|3912, 18951|4064, http://www.jd.com, 
19122|1, 19122|2508, 19135|2823, 19140|2952, 19150|3089, 19150|3116, 19153|3185, 19153|3253, 19155|3434, 19155|3469, 19159|3506, 19159|3598, 19169|3641, 19169|3663, 19170|3684, 19170|3761, 19172|3802, 19172|3921, 19183|3950, 19194|4190, http://www.amazon.com, 
19488|1, 19488|2540, 19489|2588, 19492|2657, 19496|2686, 19507|2913, 19509|2988, 19509|3058, 19515|3088, 19516|3133, 19522|3163, 19522|3281, 19524|3337, 19528|3365, 19528|3410, 19535|3436, 19540|3460, 19542|3483, 19542|3507, 19543|3538, 19544|3563, 19544|3781, 19552|3808, 19555|3916, 19558|3945, 19560|3974, 19563|3998, 19563|4147, http://www.linkedin.com, 
19741|1, 19741|2615, 19742|2673, 19748|2777, 19752|2835, 19765|3041, 19766|3072, 19773|3159, 19774|3213, 19774|3536, 19776|3624, 19776|3779, 19777|3833, 19781|4018, http://www.sohu.com, 
20093|1, 20093|2567, 20094|2637, 20110|2839, 20111|2871, 20126|3036, 20126|3284, 20128|3324, 20128|3369, 20132|3447, 20140|3497, 20146|3536, 20146|3561, 20148|3587, 20148|3857, 20155|3883, 20155|4017, http://www.linkedin.com, 
20345|1, 20345|2624, 20348|2754, 20349|3032, 20378|3236, 20378|3406, 20380|3467, 20396|3625, 20402|3654, 20403|3682, 20403|3768, 20406|3824, 20412|3995, 20415|4136, http://www.instagram.com, 
20578|1, 20578|2517, 20579|2568, 20597|2878, 20611|3085, 20611|3259, 20612|3307, 20613|3339, 20622|3530, 20624|3569, 20627|3623, 20631|3657, 20631|3686, 20643|3811, 20647|3845, 20652|4171, http://www.imgur.com, 
20745|1, 20745|2558, 20760|2878, 20779|3153, 20779|3199, 20780|3248, 20781|3302, 20781|3444, 20783|3474, 20783|3520, 20786|3545, 20786|3592, 20787|3631, 20789|3660, 20789|3708, 20793|3749, 20793|3976, 20796|3999, 20797|4027, http://www.taobao.com, 
20881|1, 20881|149, 20882|175, 20883|198, 20888|227, 20889|265, 20890|294, 20892|326, 20892|594, 20893|619, 20893|641, 20895|666, 20900|705, 20901|734, 20901|827, 20902|856, 20902|954, 20903|1013, 20904|1039, 20905|1065, 20909|1123, 20911|1171, 20911|1253, 20912|1299, 20912|2537, 20913|2574, 20915|2618, 20915|2802, 20927|2901, 20931|2970, 20940|3053, 20941|3100, 20947|3186, 20947|3275, 20948|3309, 20984|3607, 20984|3637, 20985|3723, 20989|4115, http://www.qq.com, 
21076|1, 21076|2483, 21077|2683, 21087|2797, 21103|3081, 21110|3130, 21110|3223, 21111|3278, 21111|4019, http://www.sina.com.cn, 
21383|1, 21383|2605, 21384|2653, 21384|2681, 21386|2718, 21393|2776, 21416|3092, 21416|3325, 21417|3360, 21419|3533, 21420|3560, 21422|3595, 21422|3675, 21424|3718, 21426|3750, 21426|3812, 21434|3870, 21434|3957, 21437|3991, 21438|4016, http://www.live.com, 
21498|1, 21498|2596, 21501|2679, 21526|3022, 21532|3106, 21532|3238, 21533|3294, 21533|3352, 21534|3396, 21535|3442, 21535|3473, 21536|3503, 21538|3546, 21538|3661, 21542|3709, 21542|3777, 21547|3816, 21550|3855, 21550|3876, 21551|3925, 21554|3962, 21554|4007, http://www.live.com, 
21608|1, 21608|2565, 21609|2615, 21611|2648, 21611|2685, 21634|3022, 21642|3101, 21642|3206, 21643|3245, 21643|3567, 21644|3612, 21646|3640, 21646|3685, 21647|3742, 21647|3831, 21648|3854, 21652|3925, 21652|4003, http://www.baidu.com, 
21926|1, 21926|2593, 21927|2648, 21929|2686, 21933|2732, 21937|2823, 21945|2916, 21960|3104, 21960|3441, 21961|3485, 21962|3560, 21962|3683, 21966|3795, 21966|3902, 21967|3935, 21969|4002, http://www.qq.com, 
22076|1, 22076|2552, 22084|2983, 22102|3037, 22109|3104, 22109|3173, 22110|3292, 22111|3371, 22113|3400, 22113|3422, 22117|3457, 22125|3524, 22125|3598, 22127|3624, 22128|3681, 22128|3878, 22130|3923, 22134|3969, 22138|4014, http://www.netflix.com, 
22453|1, 22453|2633, 22454|2669, 22473|2906, 22479|2951, 22480|2984, 22488|3065, 22497|3159, 22497|3353, 22499|3619, 22500|3671, 22502|3750, 22502|3888, 22504|3920, 22505|4153, http://www.360.cn, 
22596|1, 22596|2427, 22597|2603, 22597|2629, 22599|2655, 22614|2911, 22623|3016, 22629|3117, 22629|3170, 22631|3362, 22633|3400, 22633|3437, 22637|3464, 22637|4016, http://www.tmall.com, 
22732|1, 22732|2250, 22733|2290, 22733|2400, 22735|2426, 22735|2519, 22738|2598, 22741|2681, 22743|2735, 22758|2972, 22774|3127, 22774|3395, 22776|3450, 22776|3579, 22780|3629, 22780|3684, 22785|3716, 22790|3742, 22790|3767, 22791|3791, 22791|3844, 22792|3878, 22793|3906, 22793|4004, http://www.amazon.com, 
23098|1, 23098|2512, 23099|2560, 23101|2586, 23131|2996, 23131|3143, 23133|3224, 23133|3392, 23137|3429, 23137|3520, 23146|3558, 23147|3586, 23148|3613, 23148|3687, 23150|3732, 23150|3858, 23171|3964, 23176|4000, 23176|4053, http://www.amazon.com, 
23391|1, 23391|1968, 23392|2108, 23392|2290, 23424|2549, 23425|2590, 23425|2751, 23431|2841, 23439|2937, 23449|2976, 23449|3393, 23461|3532, 23463|3842, 23464|4016, http://www.instagram.com, 
23693|1, 23693|2647, 23694|2685, 23696|2731, 23726|3163, 23726|3263, 23728|3392, 23744|3509, 23746|3541, 23747|3577, 23748|3609, 23748|3831, 23755|3878, 23756|3952, 23762|4010, http://www.linkedin.com, 
23974|1, 23974|2409, 23978|2758, 24004|3041, 24004|3109, 24006|3276, 24010|3303, 24010|3338, 24017|3364, 24023|3413, 24024|3457, 24024|3486, 24025|3513, 24025|3809, 24032|3937, 24032|4201, http://www.linkedin.com, 
24226|1, 24226|2624, 24227|2689, 24245|3011, 24259|3178, 24259|3306, 24260|3340, 24260|3385, 24263|3501, 24263|3549, 24266|3586, 24266|3644, 24267|3673, 24269|3700, 24269|3773, 24272|3809, 24272|3879, 24275|3922, 24275|3966, 24279|3990, 24279|4025, http://www.vk.com, 
24329|1, 24329|2542, 24330|2645, 24341|2801, 24344|2838, 24354|3039, 24361|3148, 24361|3288, 24365|3598, 24380|4075, http://www.360.cn, 
24468|1, 24468|2071, 24479|2211, 24495|2477, 24502|2576, 24502|2635, 24503|2659, 24503|2703, 24504|2736, 24505|2834, 24506|2870, 24507|2917, 24508|2944, 24508|3047, 24512|3076, 24512|3164, 24520|3194, 24520|3314, 24522|3339, 24524|3373, 24524|3486, 24527|3521, 24527|3594, 24528|3634, 24532|4002, http://www.live.com, 
24580|1, 24580|2585, 24581|2666, 24595|2781, 24607|3011, 24616|3147, 24616|3679, 24618|3710, 24619|3773, 24619|3832, 24620|3856, 24622|4007, http://www.sohu.com, 
24739|1, 24739|2650, 24740|2703, 24742|2741, 24754|2845, 24766|2933, 24772|3011, 24777|3209, 24777|3434, 24824|3582, 24831|3606, 24847|3662, 24888|3783, 24888|3806, 24893|3865, 24898|4115, http://www.facebook.com, 
25008|1, 25008|2143, 25009|2188, 25009|2217, 25011|2256, 25027|2470, 25041|2626, 25041|2738, 25042|2799, 25070|3070, 25073|3123, 25088|3224, 25090|3363, 25090|3662, 25091|3705, 25091|3743, 25093|3776, 25093|3805, 25099|3854, 25104|3880, 25104|3906, 25111|3951, 25114|4030, http://www.wikipedia.org, 
25175|1, 25175|2527, 25176|2564, 25176|2617, 25182|2706, 25203|3051, 25209|3162, 25209|3252, 25210|3282, 25231|3315, 25231|3872, 25232|3927, 25232|3952, 25233|3981, 25234|4008, http://www.jd.com, 
25315|1, 25315|2550, 25316|2618, 25326|2770, 25348|3062, 25348|3224, 25352|3455, 25352|3500, 25355|3526, 25355|3576, 25358|3632, 25358|3686, 25361|3709, 25361|3765, 25364|3819, 25364|3888, 25368|3914, 25368|3953, 25377|3987, 25382|4012, http://www.vk.com, 
25492|1, 25492|2608, 25495|2646, 25503|2786, 25509|2865, 25510|2924, 25511|2996, 25520|3069, 25526|3145, 25526|3304, 25528|3435, 25528|3546, 25533|3826, 25542|4151, http://www.sohu.com, 
25732|1, 25732|2526, 25782|2965, 25790|3149, 25791|3231, 25797|3322, 25836|3491, 25849|3559, 25895|3714, 25898|4363, http://www.facebook.com, 
25951|1, 25951|2564, 25952|2592, 25952|2645, 25954|2682, 25965|2881, 25969|2910, 25984|3115, 25984|3308, 25986|3354, 25992|3467, 25992|3493, 25995|3519, 26006|3575, 26012|3602, 26012|3630, 26013|3672, 26014|3723, 26014|3773, 26016|3804, 26037|3916, 26062|4024, http://www.yahoo.com, 
26367|1, 26367|1774, 26372|1808, 26372|2059, 26373|2128, 26373|2159, 26380|2268, 26400|2550, 26406|2586, 26406|2728, 26408|2784, 26408|2810, 26410|2845, 26412|2894, 26415|2923, 26415|2945, 26419|3024, 26419|3050, 26422|3079, 26423|3111, 26431|3195, 26434|3222, 26440|3294, 26446|3323, 26447|3360, 26449|3394, 26580|4029, http://www.imgur.com, 
26704|1, 26704|2484, 26705|2560, 26707|2604, 26710|2644, 26722|2889, 26730|2987, 26731|3031, 26737|3061, 26737|3150, 26738|3176, 26738|3502, 26739|3529, 26739|3560, 26741|3585, 26741|3654, 26742|3676, 26742|3790, 26743|3821, 26743|3842, 26747|3867, 26747|4014, http://www.baidu.com, 
27057|1, 27057|2574, 27060|2685, 27065|2744, 27071|2795, 27077|3043, 27077|3129, 27084|3214, 27128|3468, 27134|3789, 27136|4033, http://www.qq.com, 
27301|1, 27301|2617, 27302|2648, 27304|2677, 27311|2802, 27328|3028, 27334|3111, 27334|3260, 27335|3314, 27336|3353, 27336|3471, 27338|3500, 27338|3521, 27344|3649, 27344|3677, 27348|3704, 27348|4012, http://www.taobao.com, 
27465|1, 27465|112, 27467|142, 27467|2516, 27468|2642, 27486|2902, 27499|3071, 27499|3288, 27596|3726, 27596|3828, 27597|3927, 27599|4062, http://www.sina.com.cn, 
27827|1, 27827|2554, 27828|2633, 27828|2781, 27845|2984, 27853|3017, 27854|3059, 27860|3106, 27860|3200, 27864|3359, 27864|3383, 27868|3407, 27868|3436, 27882|3490, 27882|3515, 27888|3544, 27889|3577, 27889|3604, 27890|3625, 27890|3723, 27894|3758, 27903|3824, 27912|3869, 27960|4002, http://www.yahoo.com, 
28195|1, 28195|2651, 28196|2677, 28196|2713, 28210|2889, 28229|3174, 28229|3363, 28243|3445, 28245|3510, 28247|3550, 28247|3720, 28252|3773, 28260|3930, 28261|4017, http://www.amazon.com, 
28490|1, 28490|2010, 28491|2057, 28491|2080, 28494|2130, 28501|2184, 28505|2324, 28511|2466, 28524|2587, 28524|2648, 28526|2823, 28544|2976, 28545|3013, 28545|4003, http://www.reddit.com, 
28625|1, 28625|2534, 28631|2689, 28639|2765, 28641|2820, 28653|2904, 28660|3005, 28660|3397, 28661|3431, 28661|3475, 28664|3584, 28667|3616, 28668|3642, 28668|4005, http://www.tmall.com, 
28757|1, 28757|1971, 28758|2135, 28760|2186, 28781|2508, 28791|2553, 28791|2697, 28792|2727, 28793|2804, 28793|2953, 28795|3028, 28796|3058, 28799|3085, 28801|3117, 28807|3203, 28807|3608, 28813|3632, 28819|3691, 28819|3713, 28823|3744, 28824|3791, 28824|4014, http://www.taobao.com, 
28946|1, 28946|2474, 28947|2631, 28947|2663, 28979|3117, 28979|3225, 28980|3258, 28980|3313, 29001|3531, 29005|3563, 29007|3590, 29008|3628, 29009|3653, 29009|3753, 29031|3891, 29048|4455, http://www.yahoo.com, 
29284|1, 29284|2538, 29285|2572, 29285|2593, 29287|2620, 29291|2780, 29292|2907, 29307|2998, 29311|3036, 29331|3189, 29334|3216, 29341|3258, 29341|3331, 29366|3477, 29391|3572, 29412|3605, 29417|3651, 29427|3682, 29429|3708, 29433|3750, 29440|3905, 29440|4046, http://www.facebook.com, 
