52|1, 52|581, 53|607, 53|709, 54|736, 54|798, 57|967, 57|1010, 58|1248, 60|1284, 60|1305, 59|1331, 60|1363, 61|1401, 60|1432, 60|1659, 59|1687, 59|1895, 58|1997, 62|2025, 62|2148, 61|2186, 60|2243, 60|2262, 61|2320, 61|2719, 62|2751, 62|2796, 63|2825, 64|2864, 64|3121, 65|3148, 65|4011, http://www.linkedin.com, 
4|1, 4|2327, 5|2375, 5|2404, 7|2736, 7|2983, 9|3065, 10|4124, http://www.linkedin.com, 
3|1, 3|2476, 4|2567, 6|2728, 6|3116, 8|3238, 8|3720, 15|3780, 17|3806, 17|4065, http://www.yahoo.com, 
3|1, 3|1956, 4|2015, 4|2093, 6|2486, 6|2721, 7|2802, 8|2827, 8|3566, 11|3616, 11|3673, 10|3739, 10|3917, 11|3988, 11|4025, http://www.live.com, 
2|1, 2|2468, 3|2627, 5|2676, 5|3462, 7|3511, 7|3690, 8|3776, 8|3799, 7|3822, 7|4023, http://www.360.cn, 
3|1, 3|240, 2|268, 2|2533, 3|2598, 3|2620, 7|3053, 7|3210, 10|3267, 16|3546, 16|4040, http://www.facebook.com, 
2|1, 2|2503, 3|2601, 4|2715, 5|2915, 5|3375, 6|3527, 8|3566, 8|3712, 9|3748, 9|3774, 10|3799, 10|3932, 11|3955, 11|4001, http://www.qq.com, 
2|1, 2|2483, 3|2544, 5|2780, 5|3315, 6|3382, 6|3917, 7|3944, 7|4008, http://www.qq.com, 
2|1, 2|2433, 3|2488, 3|2546, 5|2723, 5|3051, 7|3251, 7|3657, 16|3696, 16|4156, http://www.yahoo.com, 
3|1, 3|1983, 4|2016, 4|2067, 6|2179, 6|2647, 8|2743, 8|2939, 10|2975, 10|3161, 12|3188, 12|3702, 14|3953, 14|4019, http://www.vk.com, 
3|1, 3|2615, 4|2655, 4|2924, 6|3201, 6|3356, 8|3499, 9|4059, http://www.instagram.com, 
3|1, 3|2381, 4|2443, 4|2514, 6|2651, 6|3494, 7|3521, 7|3857, 8|3884, 9|4016, http://www.jd.com, 
3|1, 3|2462, 4|2521, 4|2551, 6|2808, 6|2999, 8|3173, 8|3313, 10|3344, 10|4002, http://www.taobao.com, 
3|1, 3|2495, 4|2616, 4|2647, 3|2759, 6|2970, 6|3509, 8|3533, 8|3745, 9|3770, 9|4009, http://www.baidu.com, 
4|1, 4|2477, 5|2507, 5|2577, 7|2662, 7|3136, 9|3259, 9|3876, 8|3896, 8|4024, http://www.netflix.com, 
3|1, 3|2521, 4|2545, 4|2576, 6|2650, 6|3083, 8|3208, 8|4021, http://www.tmall.com, 
2|1, 2|2331, 3|2414, 3|2627, 5|2734, 5|3305, 7|3341, 7|3520, 8|3572, 8|4011, http://www.baidu.com, 
2|1, 2|2471, 3|2511, 3|2582, 5|2635, 5|3286, 7|3312, 6|3342, 6|3407, 8|3440, 7|3467, 7|3539, 9|3581, 8|3609, 8|3805, 11|3841, 12|4225, http://www.imgur.com, 
2|1, 2|2487, 3|2528, 3|2761, 5|2933, 5|3571, 8|3616, 8|3702, 9|3744, 9|4014, http://www.sina.com.cn, 
2|1, 2|2373, 3|2483, 5|2685, 5|3368, 7|3400, 10|4062, http://www.live.com, 
2|1, 2|2529, 5|2833, 5|3699, 6|3770, 7|3814, 7|3937, 8|3980, 9|4018, http://www.sina.com.cn, 
2|1, 2|2482, 3|2551, 3|2581, 5|2815, 5|3201, 7|3225, 7|3719, 10|3801, 10|4007, http://www.amazon.com, 
3|1, 3|2393, 4|2467, 4|2602, 6|2777, 6|3173, 7|3312, 8|4086, http://www.reddit.com, 
3|1, 3|2590, 4|2891, 6|2953, 6|3320, 10|3701, 12|3814, 12|3948, 13|3988, 13|4011, http://www.360.cn, 
4|1, 3|85, 3|1184, 2|1210, 2|2637, 3|2742, 3|2780, 5|2819, 5|3752, 7|3774, 7|3819, 8|3848, 8|3962, 10|3988, 10|4012, http://www.taobao.com, 
3|1, 3|2445, 4|2517, 4|2855, 6|2997, 6|3198, 8|3230, 8|3881, 9|3917, 9|4025, http://www.instagram.com, 
3|1, 3|2446, 4|2516, 6|2826, 6|3484, 8|3508, 8|3686, 9|3726, 9|4010, http://www.baidu.com, 
3|1, 3|2480, 4|2536, 4|2614, 6|2663, 6|3587, 8|3619, 8|3808, 9|3833, 9|4003, http://www.sohu.com, 
2|1, 2|2481, 3|2560, 3|2798, 5|2894, 5|3246, 7|3297, 7|3863, 8|3907, 8|4064, http://www.instagram.com, 
3|1, 3|2582, 6|2926, 6|3338, 8|3463, 8|3584, 10|3650, 10|3805, 12|3854, 12|4029, http://www.vk.com, 
3|1, 3|2527, 4|2626, 4|2657, 6|2857, 6|3462, 8|3523, 8|3801, 13|3884, 17|3922, 18|4588, http://www.yahoo.com, 
3|1, 3|2587, 4|2738, 4|2874, 6|2951, 6|3604, 8|3654, 8|3848, 10|3941, 10|4015, http://www.vk.com, 
3|1, 3|2560, 5|2729, 6|2824, 6|3303, 8|3366, 8|4333, http://www.reddit.com, 
2|1, 2|2602, 3|2676, 3|2833, 5|2866, 5|3443, 7|3561, 9|4166, http://www.amazon.com, 
3|1, 3|2478, 4|2577, 4|2724, 6|2881, 6|3291, 7|3535, 8|3734, 8|3883, 9|3986, 9|4116, http://www.sina.com.cn, 
3|1, 3|508, 2|540, 2|2631, 5|3136, 5|3546, 7|3576, 7|3598, 8|3652, 10|4042, http://www.360.cn, 
2|1, 2|2170, 3|2212, 3|2367, 5|2612, 5|2853, 7|2984, 7|3114, 9|3139, 9|3309, 11|3399, 11|3691, 12|3786, 12|4185, http://www.vk.com, 
2|1, 2|2692, 5|2913, 5|3463, 7|3531, 17|4276, http://www.yahoo.com, 
2|1, 2|2070, 5|2431, 5|2934, 7|3071, 7|4006, http://www.tmall.com, 
2|1, 2|2631, 3|2673, 3|2738, 5|3177, 5|3628, 6|3760, 10|4012, http://www.qq.com, 
2|1, 2|2608, 3|2752, 3|2780, 5|2817, 5|3759, 6|3884, 6|4020, http://www.jd.com, 
2|1, 2|2558, 5|2889, 5|3456, 7|3486, 7|4004, http://www.amazon.com, 
1|1, 1|2597, 2|2660, 1|2716, 4|2751, 4|3307, 6|3346, 6|3939, 7|3976, 7|4003, http://www.linkedin.com, 
2|1, 2|2590, 3|2690, 3|2752, 2|2831, 5|3060, 5|3622, 7|3681, 7|3860, 8|3886, 8|4091, http://www.sohu.com, 
2|1, 2|2603, 3|2627, 5|2872, 5|3350, 7|3393, 7|4010, http://www.linkedin.com, 
2|1, 2|2626, 3|2778, 3|2815, 5|3244, 5|3484, 7|3648, 7|3825, 8|3913, 8|4066, http://www.instagram.com, 
2|1, 2|2584, 5|2840, 5|3375, 6|3487, 8|3606, 7|3655, 7|3693, 9|3724, 8|3799, 9|4532, http://www.imgur.com, 
2|1, 2|2718, 5|3180, 5|3476, 7|3504, 7|3651, 9|3691, 9|4008, http://www.taobao.com, 
2|1, 2|2613, 3|2652, 3|2696, 5|2926, 5|3681, 6|3714, 6|4127, http://www.qq.com, 
2|1, 2|2536, 3|2802, 5|3060, 5|4007, http://www.sina.com.cn, 
2|1, 2|2672, 3|2714, 3|2744, 2|2800, 5|3124, 5|3623, 7|3662, 7|4016, http://www.live.com, 
2|1, 2|2613, 3|2705, 3|2741, 5|3095, 5|3566, 7|3604, 7|4016, http://www.live.com, 
2|1, 2|2569, 3|2635, 3|2699, 5|3010, 5|3633, 7|3662, 7|3877, 8|3944, 8|4025, http://www.baidu.com, 
2|1, 2|2651, 3|2703, 3|2751, 5|2803, 5|3505, 7|3540, 7|3635, 9|3803, 10|4016, http://www.qq.com, 
2|1, 2|2564, 3|2697, 5|3055, 5|3358, 7|3430, 7|3930, 9|3999, 9|4021, http://www.netflix.com, 
2|1, 2|2637, 3|2683, 6|2848, 6|3355, 8|3594, 9|3675, 9|4118, http://www.360.cn, 
3|1, 3|2620, 4|2648, 4|2674, 6|2865, 6|3317, 8|3412, 8|4012, http://www.tmall.com, 
3|1, 3|2665, 4|2741, 6|2971, 6|3461, 8|3501, 8|4003, http://www.amazon.com, 
3|1, 3|2547, 4|2590, 4|2961, 6|3063, 6|3260, 8|3285, 8|4030, http://www.amazon.com, 
3|1, 3|2165, 4|2197, 4|2580, 6|2643, 6|2883, 8|2976, 8|3533, 9|3668, 9|4034, http://www.instagram.com, 
3|1, 3|2655, 4|2705, 4|2746, 6|3094, 6|3279, 8|3398, 9|4036, http://www.linkedin.com, 
3|1, 3|2502, 6|3012, 6|3127, 8|3313, 8|4223, http://www.linkedin.com, 
2|1, 2|2610, 3|2709, 2|2967, 5|3169, 5|3410, 7|3522, 7|3724, 9|3748, 9|3886, 11|3940, 11|4012, http://www.vk.com, 
2|1, 2|2664, 5|2826, 5|3305, 7|3605, 9|3932, 11|4151, http://www.360.cn, 
2|1, 2|2084, 3|2188, 5|2511, 5|2957, 7|2983, 6|4072, http://www.live.com, 
2|1, 2|2690, 3|2792, 5|3029, 5|3703, 7|3730, 7|3879, 8|3904, 8|4007, http://www.sohu.com, 
2|1, 2|2726, 3|2754, 4|2848, 7|2949, 7|3461, 16|3604, 16|4094, http://www.facebook.com, 
3|1, 3|2215, 4|2242, 4|2484, 6|2644, 6|2795, 8|2914, 8|3725, 9|3770, 9|4042, http://www.wikipedia.org, 
3|1, 3|2599, 4|2626, 4|2720, 6|3030, 6|3867, 7|3962, 7|4014, http://www.jd.com, 
3|1, 3|2633, 4|2668, 6|3079, 6|3449, 8|3504, 8|3645, 10|3690, 10|3829, 12|3870, 12|4036, http://www.vk.com, 
3|1, 3|2560, 4|2678, 6|2798, 6|3336, 8|3468, 8|3552, 9|3857, 9|4049, http://www.sohu.com, 
3|1, 3|2980, 8|3150, 8|3325, 17|3508, 18|4379, http://www.facebook.com, 
3|1, 3|2616, 4|2671, 4|2697, 6|2780, 6|3491, 8|3518, 8|3911, 17|3979, 17|4089, http://www.yahoo.com, 
3|1, 3|2099, 4|2170, 4|2273, 6|2566, 6|2891, 7|2929, 7|3066, 8|3095, 8|3151, 9|3239, 9|4113, http://www.imgur.com, 
1|1, 1|2552, 2|2643, 2|2680, 4|2925, 4|3624, 6|3674, 6|3831, 7|3861, 7|4007, http://www.baidu.com, 
4|1, 4|2677, 5|2756, 7|2822, 7|3470, 9|3803, 10|3854, 12|4048, http://www.qq.com, 
2|1, 2|2595, 3|2674, 3|2703, 2|2766, 5|2917, 5|3502, 7|3525, 7|3645, 9|3704, 9|4041, http://www.taobao.com, 
2|1, 2|2668, 5|2900, 5|3674, 6|3853, 7|3950, 7|4006, http://www.sina.com.cn, 
1|1, 1|2610, 2|2692, 4|2906, 4|3383, 6|3412, 6|3828, 15|3881, 15|4171, http://www.yahoo.com, 
2|1, 2|2665, 3|2705, 3|2783, 5|3191, 5|3357, 7|3422, 7|4034, http://www.amazon.com, 
2|1, 2|2093, 3|2118, 3|2142, 5|2214, 5|2733, 7|3000, 7|4010, http://www.reddit.com, 
2|1, 2|2583, 3|2692, 4|2808, 5|2839, 5|3517, 7|3612, 7|4011, http://www.tmall.com, 
2|1, 2|2177, 3|2218, 5|2474, 5|3002, 7|3069, 7|3112, 8|3138, 8|3172, 10|3205, 10|4024, http://www.taobao.com, 
2|1, 2|2631, 3|2705, 5|3146, 5|3494, 7|3605, 7|3833, 16|3989, 17|4739, http://www.yahoo.com, 
1|1, 1|2582, 2|2623, 2|2669, 3|2808, 3|2940, 6|3028, 7|3086, 7|3384, 15|3529, 16|3623, 16|4066, http://www.facebook.com, 
2|1, 2|2655, 3|2740, 5|2913, 5|3409, 7|3446, 7|4204, http://www.wikipedia.org, 
2|1, 2|2626, 3|2683, 3|2746, 5|2936, 5|3410, 7|3453, 7|3493, 17|3528, 25|3559, 25|4020, http://www.google.com, 
2|1, 2|2692, 3|2722, 3|2785, 2|2810, 2|2841, 5|3151, 5|3686, 25|3926, 25|4024, http://www.google.com, 
2|1, 2|2521, 3|2580, 3|2672, 5|2858, 5|3405, 7|3499, 7|4021, http://www.tmall.com, 
2|1, 2|2618, 5|3125, 5|3419, 7|3505, 7|4005, http://www.tmall.com, 
2|1, 2|2469, 3|2609, 3|2722, 2|2750, 2|2822, 5|2959, 5|3407, 7|3448, 7|3568, 9|3618, 9|3766, 11|3841, 11|4056, http://www.vk.com, 
2|1, 2|2616, 3|2718, 8|3199, 8|3272, 17|3419, 17|4141, http://www.facebook.com, 
1|1, 1|2608, 2|2692, 2|2766, 4|3046, 4|3279, 5|3363, 5|3578, 6|3633, 6|3763, 8|3803, 7|3834, 7|3903, 9|3926, 8|3950, 8|4024, http://www.imgur.com, 
2|1, 2|2610, 3|2719, 3|2943, 5|3115, 5|3278, 6|3304, 6|3356, 8|3515, 8|3739, 9|3853, 9|4042, http://www.instagram.com, 
2|1, 2|2668, 5|2921, 5|3362, 6|3430, 6|4032, http://www.jd.com, 
2|1, 2|2507, 3|2632, 3|2666, 5|2909, 5|3155, 6|3210, 6|3367, 8|3434, 8|3609, 9|3637, 9|4074, http://www.sohu.com, 
2|1, 2|2595, 3|2648, 3|2692, 5|3053, 5|3159, 6|3268, 8|3345, 8|3679, 9|3871, 9|4099, http://www.instagram.com, 
2|1, 2|2571, 3|2608, 3|2640, 5|2918, 5|3129, 6|3189, 6|3305, 7|3621, 7|3684, 8|3755, 9|3826, 9|4041, http://www.jd.com, 
1|1, 1|2685, 2|2717, 2|2787, 4|2977, 4|3246, 5|3352, 6|3573, 7|3632, 7|3685, 9|3722, 8|3746, 8|4108, http://www.imgur.com, 
2|1, 2|2628, 3|2664, 3|2780, 5|3122, 5|3296, 6|3332, 6|3389, 8|3656, 9|3842, 9|4198, http://www.sohu.com, 
2|1, 2|2575, 3|2656, 3|2708, 5|3087, 5|3215, 6|3250, 6|3428, 8|3453, 9|4237, http://www.instagram.com, 
2|1, 2|2561, 3|2775, 5|2857, 5|3176, 6|3228, 6|3376, 8|3422, 9|4293, http://www.wikipedia.org, 
3|1, 3|2571, 4|2651, 4|2682, 6|3116, 7|3185, 7|3332, 9|3417, 9|4171, http://www.wikipedia.org, 
3|1, 3|2192, 4|2224, 4|2340, 6|2371, 6|2512, 7|2764, 7|2966, 9|3077, 9|3483, 10|3557, 10|3697, 11|3994, 11|4051, http://www.amazon.com, 
3|1, 3|3024, 6|3125, 6|3167, 7|3196, 7|3437, 9|3474, 18|4090, http://www.yahoo.com, 
2|1, 2|2661, 3|2722, 5|2855, 5|3211, 6|3257, 6|3650, 7|3706, 7|3878, 8|3912, 8|4005, http://www.sina.com.cn, 
2|1, 2|2576, 3|2705, 5|2992, 5|3191, 6|3226, 6|3334, 8|3387, 8|3598, 9|3626, 9|4004, http://www.sohu.com, 
3|1, 3|2758, 4|2800, 4|2842, 3|2941, 6|2993, 6|3451, 7|3511, 9|3689, 9|3792, 11|3827, 11|4015, http://www.taobao.com, 
2|1, 2|2614, 3|2669, 3|2721, 4|2746, 5|3066, 5|3265, 6|3324, 6|3370, 8|3519, 8|3554, 10|3581, 10|4043, http://www.taobao.com, 
2|1, 2|2563, 3|2684, 5|2925, 5|3203, 6|3240, 6|3372, 8|3472, 8|4015, http://www.netflix.com, 
2|1, 2|2507, 3|2572, 3|2664, 5|2796, 5|3184, 6|3219, 6|3249, 8|3366, 8|4033, http://www.reddit.com, 
1|1, 1|2620, 2|2671, 2|2706, 4|3043, 4|3269, 5|3554, 5|3912, 6|3941, 7|3978, 9|4004, http://www.qq.com, 
2|1, 2|2887, 5|3201, 6|3261, 6|3361, 8|3446, 8|3640, 9|3664, 9|4001, http://www.sohu.com, 
2|1, 2|2580, 3|2607, 3|2737, 5|3004, 5|3245, 6|3271, 6|3308, 7|3634, 8|3945, 9|3997, 9|4032, http://www.sina.com.cn, 
1|1, 1|2594, 2|2657, 2|2687, 4|3039, 4|3183, 5|3207, 5|3363, 8|3762, 9|4030, http://www.360.cn, 
2|1, 2|2673, 3|2761, 5|2949, 5|3404, 6|3434, 8|3740, 9|4043, http://www.360.cn, 
2|1, 2|2660, 3|2688, 3|2723, 5|3144, 6|3192, 6|4044, http://www.jd.com, 
2|1, 2|2624, 3|2765, 3|2800, 5|3032, 5|3376, 6|3404, 6|3610, 8|3642, 8|4004, http://www.netflix.com, 
2|1, 2|2571, 3|2691, 3|2750, 5|3153, 5|3263, 6|3301, 6|3519, 8|3547, 8|4019, http://www.live.com, 
2|1, 2|2565, 3|2654, 5|2895, 5|3222, 6|3249, 8|3396, 8|4058, http://www.wikipedia.org, 
2|1, 2|2650, 7|2913, 7|3347, 8|3419, 11|3520, 17|3618, 17|4043, http://www.facebook.com, 
1|1, 1|2606, 2|2690, 2|2750, 3|2780, 4|2814, 4|3352, 5|3391, 7|3426, 7|3452, 10|3517, 25|3550, 25|4012, http://www.google.com, 
2|1, 2|2690, 3|2716, 3|2839, 6|3017, 5|3062, 5|3262, 6|3321, 6|3721, 8|3764, 8|3954, 9|3981, 9|4004, http://www.baidu.com, 
2|1, 2|2686, 3|2883, 5|3063, 5|3186, 6|3227, 6|3835, 7|3891, 7|4053, http://www.baidu.com, 
4|1, 4|2579, 5|2643, 7|2717, 7|3074, 8|3120, 8|3319, 10|3355, 10|4108, http://www.wikipedia.org, 
1|1, 1|2654, 2|2681, 2|2750, 4|2863, 4|3173, 5|3197, 5|3359, 7|3697, 7|3819, 8|3870, 9|3906, 9|4006, http://www.qq.com, 
1|1, 1|2635, 2|2711, 4|3111, 4|3188, 5|3215, 5|3336, 7|3384, 25|3467, 25|4043, http://www.google.com, 
1|1, 1|2668, 2|2755, 4|3055, 4|3336, 5|3376, 7|3483, 7|3567, 9|3590, 9|4011, http://www.taobao.com, 
1|1, 1|2650, 2|2708, 2|2741, 4|2968, 4|3127, 5|3228, 5|3355, 7|3457, 7|4001, http://www.reddit.com, 
1|1, 1|2628, 3|2919, 4|3016, 4|3094, 5|3137, 5|3281, 7|3443, 7|4120, http://www.linkedin.com, 
1|1, 1|2633, 2|2667, 2|2707, 4|2832, 4|3216, 5|3246, 5|3476, 6|3773, 6|3841, 7|3876, 7|4015, http://www.sina.com.cn, 
1|1, 1|2591, 2|2729, 3|2890, 4|3063, 4|3264, 5|3292, 5|3352, 7|3533, 7|4019, http://www.live.com, 
1|1, 1|2554, 2|2645, 2|2718, 3|2756, 4|3135, 5|3162, 5|3279, 7|3357, 7|3545, 9|3572, 9|3735, 11|3768, 11|4015, http://www.vk.com, 
1|1, 1|2640, 2|2669, 2|2822, 4|2953, 4|3226, 5|3255, 5|3553, 7|3583, 7|4002, http://www.live.com, 
1|1, 1|2564, 2|2641, 2|2734, 4|2866, 4|3167, 5|3198, 5|3271, 7|3483, 7|4072, http://www.linkedin.com, 
1|1, 1|2666, 4|2832, 4|3223, 5|3335, 7|3417, 7|4255, http://www.reddit.com, 
1|1, 1|2537, 2|2598, 2|2748, 4|2784, 4|3193, 5|3225, 5|3258, 7|3437, 9|3992, 9|4021, http://www.360.cn, 
1|1, 1|2642, 2|2680, 2|2740, 4|3040, 4|3176, 5|3218, 5|3808, 6|3988, 7|4326, http://www.baidu.com, 
3|1, 3|2645, 4|2727, 4|2776, 6|2922, 6|3266, 7|3307, 7|3361, 9|3412, 9|4153, http://www.wikipedia.org, 
1|1, 1|2631, 2|2692, 2|2737, 4|3119, 4|3257, 5|3289, 5|4030, http://www.jd.com, 
1|1, 1|2475, 2|2598, 4|2799, 4|3141, 5|3169, 5|3195, 6|3288, 7|3380, 25|3436, 25|4017, http://www.google.com, 
1|1, 1|2580, 2|2656, 2|2747, 4|2838, 4|3140, 5|3202, 5|3522, 7|3553, 7|4016, http://www.netflix.com, 
1|1, 1|2674, 4|2902, 4|3250, 5|3275, 5|3415, 7|3518, 7|4003, http://www.netflix.com, 
1|1, 1|2690, 2|2717, 2|2808, 4|2988, 4|3291, 5|3327, 5|3413, 7|3446, 7|3542, 8|3570, 8|3650, 9|3676, 9|4076, http://www.wikipedia.org, 
1|1, 1|2642, 2|2681, 2|2728, 4|2836, 4|3252, 5|3283, 5|3603, 6|3814, 6|3866, 7|3896, 7|4071, http://www.jd.com, 
1|1, 1|2678, 2|2720, 4|3011, 4|3230, 5|3255, 5|3553, 7|3584, 7|4019, http://www.netflix.com, 
1|1, 1|2635, 2|2662, 2|2777, 4|3009, 4|3298, 5|3344, 5|3482, 7|3529, 7|3758, 8|3787, 8|4010, http://www.netflix.com, 
1|1, 1|2614, 2|2673, 2|2704, 4|3048, 4|3197, 5|3218, 5|3454, 7|3539, 7|4172, http://www.reddit.com, 
1|1, 1|2588, 2|2704, 2|2797, 4|2960, 4|3206, 5|3235, 5|3288, 7|3378, 7|3769, 8|3929, 8|4144, http://www.amazon.com, 
1|1, 1|2670, 2|2718, 4|2924, 4|3182, 5|3211, 5|3338, 7|3435, 7|4012, http://www.tmall.com, 
1|1, 1|2607, 2|2641, 2|2710, 5|2776, 4|2851, 4|3252, 5|3287, 5|3341, 7|3429, 7|3510, 25|3537, 25|4039, http://www.google.com, 
1|1, 1|2537, 2|2658, 2|2694, 1|2735, 4|2851, 4|3180, 5|3219, 5|3345, 7|3456, 7|4003, http://www.tmall.com, 
1|1, 1|2538, 2|2599, 2|2638, 4|2727, 4|3130, 5|3217, 5|3319, 7|3428, 25|3464, 25|4019, http://www.google.com, 
1|1, 1|2633, 2|2713, 2|2830, 4|2904, 4|3261, 5|3290, 5|3393, 25|3587, 25|4029, http://www.google.com, 
1|1, 1|2620, 2|2658, 6|2856, 6|3214, 7|3245, 7|3345, 16|3573, 16|4004, http://www.facebook.com, 
1|1, 1|2690, 2|2734, 2|2823, 6|3008, 6|3296, 7|3356, 7|3470, 16|3589, 16|4128, http://www.facebook.com, 
1|1, 1|2611, 2|2712, 4|2797, 4|3313, 5|3353, 5|3479, 7|3519, 7|4062, http://www.reddit.com, 
1|1, 1|2631, 2|2675, 2|2817, 4|2983, 4|3245, 5|3284, 5|3365, 6|3462, 6|3522, 8|3548, 7|3574, 7|3620, 9|3645, 9|3673, 8|3699, 9|4223, http://www.imgur.com, 
1|1, 1|2543, 2|2643, 2|2679, 4|2931, 4|3185, 5|3210, 5|3344, 7|3399, 6|3433, 6|3484, 8|3507, 8|3568, 7|3596, 7|3620, 9|3648, 8|3674, 8|4155, http://www.imgur.com, 
1|1, 1|2639, 2|2702, 4|3028, 4|3291, 5|3319, 5|3457, 7|3487, 6|3522, 6|3616, 7|3642, 7|3749, 9|3785, 8|3810, 8|4176, http://www.imgur.com, 
