617930|1, 617930|36, 619411|71, 619411|130, 619485|157, 619559|186, 619559|210, 620152|260, 620226|288, 621180|314, 621362|341, 624866|519, 625268|564, 628745|797, 629131|830, 629763|858, 629829|883, 630357|915, 630931|955, 631325|986, 631719|1006, 632109|1024, 632685|1044, 634337|1066, 635224|1090, 635448|1117, 635784|1141, 636818|1170, 636884|1192, 636884|1213, 637280|1238, 638956|1268, 639515|1308, 639569|1329, 639569|1352, 642026|1378, 642224|1403, 642782|1447, 644058|1533, 644354|1578, 645714|1600, 646698|1631, 647937|1666, 649971|1694, 651213|1738, 653116|1797, 653116|1847, 653535|1914, 657207|1944, 657856|1973, 658120|2008, 658834|2044, 659212|2069, 659374|2099, 659883|2152, 659949|2188, 659949|2252, 660033|2273, 663545|2300, 666447|2350, 666513|2376, 667333|2408, 668282|2444, 670946|2477, 671600|2507, 674034|2548, 674166|2573, 674232|2596, 674232|2656, 677540|2700, 677614|2725, 677614|2748, 677961|2778, 677961|2800, 678483|2823, 678483|2843, 679250|2865, 679552|2891, 681485|2914, 681485|2954, 682095|2983, 682095|3020, 682339|3044, 682339|3107, 682393|3135, 682393|4001, http://www.linkedin.com, 
691773|1, 691773|441, 691847|468, 691847|591, 692140|616, 692140|706, 692338|727, 692338|754, 692477|776, 692477|1335, 692531|1354, 692531|2204, 692607|2232, 692607|2253, 692686|2286, 692760|2332, 693673|2469, 696308|2724, 696750|2773, 696750|2900, 696898|2994, 697578|3030, 697578|3062, 698358|3087, 698358|3110, 699241|3149, 699439|3179, 699439|3503, 699901|3535, 699975|4052, http://www.linkedin.com, 
730175|1, 730175|1625, 730248|1648, 730248|2405, 730322|2470, 731512|2653, 734390|2876, 734390|3021, 734879|3045, 735093|3166, 735093|3215, 735767|3238, 735767|3285, 736751|3308, 736943|3346, 737675|3368, 737845|3394, 737845|3420, 737911|3447, 737977|3470, 737977|3573, 739412|3637, 740508|3707, 741254|3734, 742007|3757, 743654|3783, 750714|3985, 753995|4040, http://www.yahoo.com, 
800755|1, 800755|1103, 800827|1126, 800827|1890, 800901|1949, 800901|1996, 801310|2026, 804647|2336, 805445|2523, 805445|2552, 805935|2587, 806075|2734, 806223|2761, 806223|2918, 806899|2959, 806899|3044, 807427|3072, 807427|3136, 807733|3163, 807865|3187, 808113|3208, 808427|3229, 808427|3322, 808493|3347, 809254|3370, 809254|3450, 809362|3472, 809837|3547, 810990|3608, 814324|3674, 814918|3701, 817096|3733, 818614|3812, 818614|3909, 818796|3957, 819135|3989, 819558|4014, http://www.live.com, 
829631|1, 829631|1573, 829701|1597, 829701|2375, 829775|2459, 830580|2575, 833269|2886, 833711|2956, 833711|3016, 834185|3048, 834185|3372, 834387|3419, 834441|3445, 834441|3538, 834515|3559, 834515|3645, 834589|3710, 834589|3732, 835209|3753, 835209|3866, 835263|3892, 835263|3974, 835317|3996, 835317|4016, http://www.360.cn, 
851556|1, 851556|187, 851610|216, 851610|1103, 851664|1130, 851664|2431, 851738|2502, 851738|2543, 858776|2829, 859284|3016, 859284|3132, 859506|3190, 867934|3468, 868732|3496, 868810|3547, 868810|4036, http://www.facebook.com, 
878919|1, 878919|1586, 878989|1609, 878989|2368, 879065|2413, 879561|2506, 879759|2546, 881110|2741, 882892|2895, 883334|2991, 883334|3078, 886270|3281, 886270|3311, 886561|3475, 886561|3623, 886635|3648, 886635|3686, 888111|3711, 888534|3736, 890980|3813, 894102|3843, 894176|3867, 894176|3913, 894242|3936, 894420|3961, 894750|3985, 895417|4013, http://www.qq.com, 
928341|1, 928341|1584, 928411|1610, 928411|2368, 928485|2466, 930377|2697, 930377|2930, 932523|2983, 932523|3076, 932597|3285, 932597|3544, 932651|3826, 932725|3865, 932725|3889, 933064|3929, 933487|3959, 933561|4005, http://www.qq.com, 
959075|1, 959075|1549, 959148|1577, 959148|2358, 959222|2413, 959288|2472, 959631|2557, 962980|2797, 963290|2835, 963290|2967, 963993|3141, 964667|3208, 964865|3236, 966574|3294, 966744|3317, 966744|3338, 966810|3364, 966876|3398, 966876|3509, 967272|3544, 968770|3623, 969451|3655, 982036|3993, 985553|4199, http://www.yahoo.com, 
1009916|1, 1009916|582, 1009982|606, 1009982|1092, 1010052|1117, 1010052|1909, 1010126|1947, 1010126|1999, 1010973|2108, 1011970|2219, 1013674|2371, 1014116|2447, 1014116|2534, 1014602|2575, 1014882|2673, 1014882|2729, 1015496|2751, 1015496|2812, 1015562|2835, 1015630|2870, 1015704|2892, 1015778|2932, 1015778|2951, 1016415|2983, 1016415|3053, 1016481|3092, 1016629|3119, 1016629|3180, 1017293|3216, 1017293|3262, 1018205|3285, 1018944|3306, 1018944|3330, 1019114|3353, 1019114|3374, 1019180|3399, 1019651|3439, 1020197|3548, 1020989|3633, 1026655|3873, 1030747|3911, 1032671|3950, 1033870|4009, http://www.vk.com, 
1049823|1, 1049823|1214, 1049901|1238, 1049901|1320, 1049975|1345, 1050292|1376, 1050490|1403, 1050490|1426, 1051239|1453, 1051239|1613, 1051342|1636, 1051482|1657, 1051482|1704, 1051805|1735, 1051805|1755, 1051871|1781, 1052195|1813, 1052195|1863, 1053255|1888, 1053255|1961, 1053321|1994, 1053321|2288, 1053387|2316, 1053387|2588, 1053461|2615, 1053461|2640, 1053804|2671, 1054551|2851, 1057332|3035, 1057642|3168, 1057642|3201, 1058201|3289, 1059811|3432, 1059811|3460, 1060839|3482, 1061049|3516, 1061049|3913, 1061911|3986, 1073002|4090, http://www.instagram.com, 
1102883|1, 1102883|1543, 1102953|1572, 1102953|2379, 1103027|2436, 1103874|2582, 1104871|2642, 1106587|2804, 1107095|2843, 1107095|2951, 1107581|2980, 1109042|3164, 1109248|3198, 1109316|3370, 1109316|3429, 1109390|3455, 1109390|3480, 1109729|3501, 1109729|3527, 1110152|3575, 1112534|3609, 1112534|3633, 1115723|3661, 1115723|3744, 1115967|3773, 1116033|3795, 1116033|3822, 1116265|3851, 1116265|3928, 1116339|3952, 1116339|4024, http://www.jd.com, 
1157599|1, 1157599|1578, 1157673|1601, 1157673|2328, 1157749|2377, 1157902|2424, 1158245|2463, 1159836|2714, 1161552|2802, 1161994|2844, 1161994|2913, 1162746|3089, 1162746|3147, 1163361|3206, 1163361|3231, 1163415|3260, 1163563|3284, 1163563|3419, 1164187|3450, 1164187|3588, 1164253|3614, 1164253|3699, 1164415|3722, 1164595|3744, 1165282|3774, 1165282|3817, 1165428|3838, 1165428|3861, 1165482|3889, 1165482|4013, http://www.taobao.com, 
1193595|1, 1193595|588, 1193734|613, 1193734|643, 1193800|671, 1193800|1647, 1193873|1690, 1193873|2400, 1193947|2539, 1194290|2572, 1194554|2648, 1195707|2871, 1198039|3026, 1198039|3105, 1198516|3133, 1198516|3390, 1198641|3434, 1198789|3458, 1198789|3575, 1198855|3602, 1198855|3658, 1198929|3696, 1199551|3720, 1200421|4051, http://www.baidu.com, 
1242024|1, 1242282|23, 1242282|1585, 1242357|1610, 1242357|2394, 1242431|2423, 1242431|2451, 1242497|2488, 1242851|2571, 1243524|2649, 1245994|2876, 1245994|2978, 1246485|3008, 1246551|3133, 1246699|3234, 1247377|3263, 1247377|3284, 1247773|3312, 1248157|3335, 1248157|3368, 1249006|3445, 1249006|3914, 1249270|3939, 1251084|3974, 1251084|4013, http://www.netflix.com, 
1275352|1, 1275352|62, 1275418|83, 1275418|104, 1275484|136, 1275484|989, 1275802|1014, 1275802|1039, 1275868|1062, 1275868|1286, 1275976|1307, 1275976|1687, 1276120|1732, 1276228|1754, 1276228|2442, 1276302|2470, 1276356|2534, 1279375|2842, 1279883|2927, 1279883|2981, 1280414|3086, 1280562|3168, 1280562|3199, 1281188|3222, 1281188|3290, 1281351|3314, 1281417|4001, http://www.tmall.com, 
1304863|1, 1304863|1087, 1305026|1108, 1305026|1257, 1305092|1282, 1305092|1834, 1305255|1864, 1305255|1972, 1305321|1993, 1305399|2022, 1305399|2328, 1305539|2377, 1305882|2415, 1307329|2662, 1309009|2765, 1309517|2824, 1309517|2917, 1309994|2945, 1309994|3211, 1310048|3240, 1310196|3265, 1310196|3407, 1310262|3428, 1310262|3477, 1310958|3537, 1310958|3831, 1311582|3854, 1311762|3879, 1311762|3902, 1312566|3929, 1312566|3966, 1312698|3996, 1312698|4019, http://www.baidu.com, 
1342942|1, 1342942|1593, 1343015|1617, 1343015|2405, 1343089|2428, 1343089|2477, 1343432|2516, 1343660|2563, 1343882|2607, 1344357|2675, 1346661|2809, 1347103|2878, 1347103|3057, 1347592|3116, 1347658|3146, 1347793|3200, 1348007|3245, 1348007|3271, 1348624|3309, 1348690|3333, 1348827|3372, 1348975|3401, 1348975|3424, 1349594|3447, 1349594|3468, 1349808|3500, 1350544|3543, 1350544|3567, 1351873|3637, 1353422|3735, 1355360|3770, 1357802|3799, 1365602|3877, 1368901|4125, http://www.imgur.com, 
1390804|1, 1390804|1591, 1390879|1619, 1390879|2359, 1390953|2413, 1391333|2444, 1391676|2487, 1393093|2729, 1395007|2897, 1395317|2933, 1395317|2986, 1395808|3012, 1399570|3094, 1401946|3138, 1407456|3528, 1407997|3627, 1408619|3669, 1408619|3694, 1408958|3728, 1409381|3750, 1409381|3776, 1411763|3805, 1411763|3828, 1414894|3854, 1415138|4045, http://www.sina.com.cn, 
1515693|1, 1515693|691, 1515759|719, 1515759|832, 1515825|855, 1515825|1557, 1515897|1584, 1515897|2328, 1516399|2451, 1519664|2758, 1519730|2809, 1520060|2841, 1520172|2887, 1520172|3046, 1520660|3101, 1520726|3150, 1521216|3215, 1521216|3291, 1521504|3326, 1521504|3429, 1522132|3470, 1522132|3573, 1522510|3603, 1522982|3648, 1522982|3734, 1523036|3758, 1523773|3789, 1523773|3892, 1524336|3988, 1525341|4017, http://www.live.com, 
1543742|1, 1543742|1615, 1543817|1640, 1543817|2406, 1546802|2743, 1547388|2842, 1547388|3021, 1547929|3067, 1547929|3427, 1548073|3531, 1548147|3663, 1548221|3746, 1548800|3777, 1548866|3824, 1549443|3903, 1549517|3940, 1549517|3973, 1549856|3998, 1550194|4034, http://www.sina.com.cn, 
1587062|1, 1587062|1660, 1587136|1681, 1587136|2401, 1587284|2481, 1587627|2509, 1587891|2552, 1590946|2845, 1591419|2881, 1591419|3049, 1591909|3076, 1591975|3106, 1591975|3128, 1592123|3153, 1592123|3175, 1592799|3232, 1593519|3267, 1593711|3295, 1594234|3316, 1594300|3337, 1594300|3588, 1594828|3615, 1595207|3726, 1596024|3754, 1596734|3778, 1600057|3905, 1601311|3934, 1601451|3997, 1602855|4067, http://www.amazon.com, 
1694128|1, 1694128|1028, 1694291|1054, 1694291|1543, 1694365|1566, 1694365|2314, 1694440|2347, 1694514|2425, 1694857|2449, 1695055|2477, 1695055|2512, 1695799|2609, 1698368|2776, 1698876|2881, 1698876|3059, 1700388|3233, 1701880|3294, 1701984|3318, 1702116|3360, 1702116|3533, 1703563|3636, 1704949|3673, 1723495|3814, 1736658|4116, http://www.reddit.com, 
1745542|1, 1745542|2438, 1745616|2565, 1747796|2869, 1749512|2927, 1749954|3110, 1749954|3235, 1750458|3542, 1751392|3720, 1751466|3803, 1751993|3844, 1752067|3911, 1752067|3936, 1752409|3963, 1752409|4019, http://www.360.cn, 
1834163|1, 1834163|1700, 1834237|1724, 1834237|2541, 1834466|2658, 1834875|2696, 1835313|2733, 1835313|2760, 1835764|2792, 1836286|2865, 1837924|2920, 1838432|3099, 1838432|3314, 1838910|3348, 1838910|3384, 1838964|3404, 1838964|3447, 1839036|3502, 1839036|3669, 1839110|3691, 1839184|3716, 1839184|3736, 1839258|3761, 1839873|3806, 1839873|3832, 1839927|3854, 1839981|3879, 1840129|3905, 1840753|4009, http://www.taobao.com, 
1846258|1, 1846258|2354, 1846332|2438, 1846332|2486, 1846741|2522, 1848039|2761, 1850399|2891, 1850399|3075, 1850547|3163, 1850888|3193, 1851229|3223, 1851817|3259, 1852009|3288, 1852959|3327, 1853025|3349, 1853091|3373, 1853091|3742, 1853433|3781, 1853586|3849, 1854123|3885, 1854315|3914, 1854459|3994, 1854459|4057, http://www.instagram.com, 
1875098|1, 1875098|2371, 1875335|2433, 1877354|2755, 1877462|2801, 1877462|2848, 1879542|2941, 1879542|3040, 1880019|3074, 1880019|3371, 1880073|3394, 1880144|3417, 1880292|3440, 1880292|3505, 1880358|3535, 1880358|3648, 1881054|3696, 1881678|4004, http://www.baidu.com, 
1910973|1, 1910973|1238, 1911027|1262, 1911027|1579, 1911099|1601, 1911099|2385, 1911173|2443, 1911173|2471, 1911516|2511, 1911966|2561, 1914403|2765, 1914713|2824, 1914821|2863, 1914821|3063, 1915297|3130, 1915297|3436, 1915351|3475, 1915569|3526, 1915569|3737, 1915643|3766, 1915643|3820, 1916263|3843, 1916263|4041, http://www.sohu.com, 
2025830|1, 2025830|2453, 2026391|2527, 2027036|2667, 2027772|2824, 2029984|2910, 2029984|3105, 2030814|3232, 2031594|3289, 2031660|3314, 2032766|3342, 2032832|3365, 2032832|3732, 2033174|3759, 2033587|3843, 2034121|3936, 2034121|4092, http://www.instagram.com, 
2056929|1, 2056929|2544, 2061041|2969, 2061041|3214, 2061527|3257, 2061741|3375, 2061741|3443, 2062355|3467, 2062355|3517, 2062569|3580, 2062569|3636, 2063206|3662, 2063206|3710, 2063420|3765, 2063752|3841, 2064084|3867, 2064084|3889, 2064540|3916, 2065734|3962, 2065904|3990, 2065904|4012, http://www.vk.com, 
2083526|1, 2083526|941, 2083592|970, 2083592|1693, 2083665|1736, 2083665|2465, 2083894|2556, 2083894|2594, 2084789|2731, 2085786|2860, 2087568|2955, 2088010|3065, 2088010|3187, 2088499|3230, 2088499|3284, 2089387|3463, 2090563|3508, 2091465|3544, 2091663|3584, 2091663|3610, 2091729|3640, 2091729|3735, 2092783|3810, 2093954|3859, 2099942|4110, http://www.yahoo.com, 
2126246|1, 2126246|2563, 2126663|2692, 2127888|2866, 2128356|3001, 2129994|3071, 2130436|3169, 2130436|3315, 2130922|3340, 2130922|3369, 2130988|3527, 2131136|3574, 2131136|3661, 2131750|3698, 2131750|3733, 2131816|3768, 2131964|3855, 2132601|3892, 2132815|4004, http://www.vk.com, 
2152915|1, 2152915|1683, 2152989|1717, 2152989|2457, 2153063|2648, 2153760|2734, 2154348|2864, 2156560|3007, 2156560|3222, 2156708|3280, 2158876|3438, 2159046|3468, 2159112|3500, 2160102|4135, http://www.reddit.com, 
2169192|1, 2169192|1759, 2169266|1791, 2169266|2516, 2169340|2588, 2169683|2628, 2170710|2787, 2171232|2858, 2173456|3031, 2173456|3238, 2175715|3485, 2175781|3508, 2175781|3708, 2176111|3736, 2180188|4087, http://www.amazon.com, 
2216708|1, 2216708|1691, 2216783|1714, 2216783|2472, 2217200|2599, 2217398|2638, 2217530|2681, 2220531|2907, 2220663|2943, 2220973|3010, 2220973|3187, 2227733|3366, 2229048|3661, 2229048|3810, 2229284|3880, 2230459|3973, 2233448|4087, http://www.sina.com.cn, 
2284615|1, 2284615|1715, 2284685|1740, 2284685|2498, 2284840|2556, 2289006|3059, 2289006|3369, 2289229|3503, 2289229|3556, 2289377|3713, 2292128|4009, http://www.360.cn, 
2340022|1, 2340022|639, 2340076|672, 2340076|2083, 2340150|2123, 2340493|2165, 2340493|2191, 2343908|2522, 2344152|2613, 2344152|2725, 2344638|2753, 2344704|2803, 2345400|2939, 2345466|2961, 2345466|2984, 2345532|3022, 2345680|3057, 2345680|3107, 2346317|3155, 2346317|3226, 2346531|3298, 2346531|3339, 2347195|3381, 2347195|3403, 2348107|3447, 2348846|3475, 2349016|3499, 2349016|3525, 2349082|3550, 2349214|3596, 2349288|3680, 2349820|3741, 2350336|3801, 2350600|3919, 2352482|4131, http://www.vk.com, 
2367815|1, 2367815|1646, 2367888|1670, 2367888|2585, 2367962|2636, 2369379|2976, 2371347|3054, 2371459|3088, 2371459|3279, 2371948|3313, 2372014|3374, 2372162|3443, 2372836|3475, 2374012|3566, 2374744|3593, 2374914|3617, 2374980|3645, 2374980|3672, 2375046|3694, 2375046|3743, 2375442|3805, 2376808|3873, 2397469|4566, http://www.yahoo.com, 
2411845|1, 2411845|1193, 2411918|1218, 2411918|2000, 2411992|2111, 2413307|2401, 2414957|2455, 2415023|2487, 2415353|2519, 2415465|2564, 2415465|2702, 2415996|2814, 2416144|2988, 2416144|3025, 2416770|3145, 2416770|3965, 2416932|3991, 2417166|4033, http://www.tmall.com, 
2432130|1, 2432130|1684, 2432200|1707, 2432200|2541, 2432274|2586, 2432274|2614, 2432617|2647, 2436312|3077, 2436312|3127, 2436798|3165, 2439174|3222, 2439174|3370, 2439337|3520, 2439484|3661, 2439553|3724, 2439775|3924, 2440678|3960, 2441101|4029, http://www.qq.com, 
2452808|1, 2452808|1700, 2452878|1724, 2452878|2466, 2452952|2621, 2453361|2675, 2453597|2708, 2454742|2850, 2456954|3124, 2456954|3202, 2457490|3232, 2459228|3444, 2459228|3647, 2460008|3778, 2462849|3847, 2462989|4037, http://www.jd.com, 
2488593|1, 2488593|1674, 2488667|1705, 2488667|2491, 2490358|2821, 2490922|2951, 2492560|3074, 2492560|3107, 2492804|3169, 2492804|3239, 2492952|3420, 2493580|3463, 2493580|3555, 2494012|3585, 2494372|3626, 2494883|3645, 2494883|3697, 2494937|3746, 2494991|3786, 2494991|3881, 2495153|3904, 2495585|3935, 2495585|4006, http://www.amazon.com, 
2539633|1, 2539633|1725, 2539709|1756, 2539709|2524, 2539783|2581, 2540192|2641, 2540408|2677, 2541759|2941, 2541759|3042, 2543331|3076, 2543397|3118, 2543839|3147, 2543839|3186, 2543987|3271, 2543987|3320, 2544667|3349, 2544667|3370, 2545063|3394, 2545447|3419, 2546160|3442, 2546330|3466, 2546330|3490, 2546462|3522, 2546462|3763, 2546990|3793, 2547404|3900, 2547794|3929, 2548325|3957, 2548523|4041, http://www.linkedin.com, 
2579370|1, 2579370|1723, 2579442|1746, 2579442|2591, 2579516|2651, 2580123|2755, 2580754|2860, 2582980|3023, 2582980|3063, 2583530|3141, 2583530|3512, 2583748|3603, 2583748|3755, 2583822|3810, 2584442|4010, http://www.sohu.com, 
2616537|1, 2616537|2529, 2616611|2551, 2617759|2794, 2618413|2825, 2620117|2988, 2620625|3023, 2620625|3277, 2620773|3308, 2621453|3396, 2621453|3434, 2622946|3482, 2623116|3523, 2623182|3548, 2623248|3573, 2623248|3840, 2623710|3869, 2623710|4003, http://www.linkedin.com, 
2654220|1, 2654220|2602, 2654637|2736, 2658385|3095, 2658385|3398, 2659215|3497, 2661101|3605, 2661233|3634, 2661233|3746, 2661584|3831, 2662457|3991, 2662457|4191, http://www.instagram.com, 
2683858|1, 2683858|1721, 2683931|1744, 2683931|2505, 2684005|2578, 2688043|3030, 2688043|3246, 2688532|3294, 2688664|3341, 2689846|3525, 2689846|3557, 2690465|3607, 2690745|3645, 2690745|3720, 2692744|3797, 2693140|3831, 2693272|4350, http://www.imgur.com, 
2708165|1, 2708165|1716, 2708239|1740, 2708239|2513, 2708392|2550, 2712427|3087, 2712737|3155, 2712737|3187, 2713215|3232, 2713269|3287, 2713341|3319, 2713341|3427, 2713489|3459, 2713489|3503, 2714104|3529, 2714104|3579, 2714158|3617, 2714306|3645, 2714306|3691, 2714930|3785, 2714930|3959, 2715272|3989, 2715272|4012, http://www.taobao.com, 
2727629|1, 2727629|51, 2727713|75, 2727713|97, 2727787|122, 2727787|145, 2728086|171, 2728302|213, 2729284|240, 2729392|270, 2729392|543, 2729466|566, 2729466|612, 2729765|638, 2730161|678, 2731036|718, 2731036|801, 2731090|828, 2731090|925, 2731164|984, 2731218|1012, 2731463|1037, 2731859|1105, 2733163|1151, 2733163|1225, 2733217|1282, 2733217|1615, 2733287|1647, 2733287|2446, 2733372|2474, 2733372|2510, 2733446|2545, 2733789|2597, 2734539|2776, 2734816|2887, 2735416|2943, 2737120|3026, 2737628|3121, 2737628|3212, 2738114|3252, 2740490|3526, 2740490|3581, 2740562|3615, 2741002|3963, 2741415|4088, http://www.qq.com, 
2755317|1, 2755317|1765, 2755392|1788, 2755392|2456, 2755466|2664, 2756986|2900, 2759080|3071, 2759522|3106, 2759522|3195, 2760063|3253, 2760063|3970, 2761185|3998, 2762645|4115, http://www.sina.com.cn, 
2794875|1, 2794875|1712, 2794947|1747, 2794947|2502, 2795021|2558, 2795021|2591, 2795095|2638, 2795095|2668, 2795666|2724, 2795888|2762, 2799097|3090, 2799097|3310, 2799585|3488, 2800141|3520, 2800281|3548, 2800429|3581, 2800429|3661, 2801105|3705, 2801105|3798, 2801633|3864, 2801633|3921, 2801699|3942, 2802013|3977, 2802261|4002, http://www.live.com, 
2814049|1, 2814049|2493, 2814198|2618, 2814541|2656, 2817872|3012, 2818314|3086, 2818314|3213, 2818802|3275, 2818868|3338, 2819358|3385, 2819358|3450, 2819424|3479, 2819572|3521, 2819572|3636, 2820248|3695, 2820248|3756, 2820776|3798, 2820776|3851, 2821156|3916, 2821404|3938, 2821404|4004, http://www.live.com, 
2831355|1, 2831355|1709, 2831428|1733, 2831428|2485, 2831657|2571, 2831657|2601, 2832000|2632, 2833417|2930, 2835637|3011, 2835749|3098, 2835749|3193, 2836226|3228, 2836226|3529, 2836280|3553, 2836351|3598, 2836499|3624, 2836499|3669, 2836565|3728, 2836565|3814, 2836639|3840, 2837261|3909, 2837261|4024, http://www.baidu.com, 
2868872|1, 2868872|1677, 2868942|1701, 2868942|2466, 2869097|2579, 2869171|2636, 2869514|2684, 2869870|2733, 2870493|2809, 2871015|2905, 2873239|3131, 2873239|3428, 2873387|3470, 2873387|3694, 2874062|3785, 2874062|3892, 2874136|3919, 2874475|3988, 2877350|4043, http://www.qq.com, 
2889126|1, 2889126|1694, 2889201|1718, 2889201|2538, 2891197|2982, 2892967|3054, 2893277|3091, 2893277|3113, 2893768|3199, 2893768|3286, 2893982|3361, 2893982|3407, 2894660|3443, 2895440|3513, 2895440|3535, 2895572|3585, 2896291|3620, 2896291|3863, 2898239|3930, 2898981|4001, http://www.netflix.com, 
2965936|1, 2965936|2570, 2966010|2618, 2966010|2778, 2969963|2892, 2970029|2939, 2970095|2969, 2972427|3061, 2972427|3373, 2972650|3612, 2972724|3685, 2972832|3736, 2972832|3872, 2973558|3907, 2973835|4138, http://www.360.cn, 
2988703|1, 2988703|1707, 2988776|1731, 2988776|2475, 2988850|2589, 2988850|2614, 2989421|2721, 2992332|2905, 2992840|3016, 2992840|3155, 2993519|3352, 2993519|3385, 2994145|3424, 2994145|4008, http://www.tmall.com, 
3007460|1, 3007460|1726, 3007534|1749, 3007534|2226, 3007608|2274, 3007608|2354, 3007674|2377, 3007901|2401, 3007901|2496, 3008099|2592, 3008312|2666, 3008655|2736, 3011836|3036, 3012344|3112, 3012344|3375, 3012492|3426, 3012492|3531, 3013120|3579, 3013120|3662, 3013732|3692, 3013912|3718, 3013912|3741, 3014423|3766, 3014423|3821, 3014531|3855, 3014963|4004, http://www.amazon.com, 
3056805|1, 3056805|2348, 3056881|2434, 3056960|2465, 3056960|2496, 3057034|2544, 3057377|2570, 3061012|2982, 3061012|3137, 3061160|3209, 3061160|3375, 3061788|3413, 3061788|3513, 3062580|3544, 3062580|3569, 3063091|3596, 3063091|3678, 3063199|3716, 3063199|3841, 3064333|3948, 3064603|3986, 3064603|4038, http://www.amazon.com, 
3101994|1, 3101994|2054, 3102068|2090, 3103110|2288, 3106213|2540, 3106213|2742, 3107043|2848, 3107889|2921, 3108983|2959, 3108983|3354, 3109325|3378, 3110207|3519, 3110351|3827, 3110764|4003, http://www.instagram.com, 
3137106|1, 3137106|2548, 3137180|2624, 3137180|2661, 3140710|3009, 3141218|3145, 3141218|3247, 3142826|3452, 3143709|3484, 3143709|3521, 3143775|3547, 3143841|3613, 3143841|3803, 3144303|3860, 3144717|3933, 3145771|3990, 3147150|4074, http://www.linkedin.com, 
3179494|1, 3179494|2383, 3183116|2913, 3183360|3018, 3183508|3218, 3183508|3247, 3184188|3282, 3184188|3309, 3184968|3342, 3185785|3393, 3185851|3430, 3185917|3459, 3185917|3750, 3186379|3811, 3186379|4183, http://www.linkedin.com, 
3217229|1, 3217229|2502, 3217303|2610, 3217646|2677, 3220899|3083, 3221341|3183, 3221341|3288, 3221827|3331, 3222107|3445, 3222107|3504, 3222655|3527, 3222721|3567, 3222721|3594, 3222787|3622, 3222855|3652, 3223003|3678, 3223003|3726, 3223069|3751, 3223640|3787, 3223640|3809, 3223706|3857, 3223854|3900, 3223854|3943, 3224518|3968, 3224518|4004, http://www.vk.com, 
3229138|1, 3229138|2544, 3229278|2643, 3230348|2787, 3230546|2890, 3233136|3056, 3233136|3286, 3233507|3583, 3235921|4071, http://www.360.cn, 
3250622|1, 3250622|1159, 3250694|1187, 3250694|1971, 3250849|2097, 3251770|2205, 3254991|2504, 3254991|2616, 3255479|2640, 3255479|2685, 3255545|2735, 3256035|2820, 3256101|2866, 3256249|2898, 3256249|3002, 3256587|3031, 3256925|3058, 3256925|3145, 3257453|3188, 3257453|3294, 3257833|3321, 3258081|3357, 3258081|3444, 3258213|3476, 3258908|3501, 3258908|3576, 3259238|3627, 3259238|4030, http://www.live.com, 
3269252|1, 3269252|2572, 3269326|2646, 3270721|2773, 3273013|3004, 3273563|3142, 3273563|3309, 3273633|3435, 3273633|3658, 3273835|3710, 3273835|3811, 3273909|3836, 3273909|3964, 3274273|3988, 3274529|4018, http://www.sohu.com, 
3290873|1, 3290873|2630, 3290947|2685, 3291740|2772, 3294103|2873, 3294103|2919, 3296225|3066, 3296874|3192, 3296874|3309, 3297418|3355, 3297418|3385, 3297640|3416, 3303107|3565, 3303833|3601, 3309729|3737, 3310185|3765, 3310185|3820, 3310971|3905, 3310971|4109, http://www.facebook.com, 
3326273|1, 3326273|1222, 3326350|1248, 3326350|2115, 3326424|2163, 3326424|2190, 3326833|2231, 3329972|2547, 3330414|2604, 3330414|2713, 3330973|2817, 3333807|3052, 3334315|3098, 3335426|3203, 3335558|3337, 3335558|3641, 3335632|3686, 3335632|3716, 3335971|3755, 3335971|3789, 3338783|3828, 3338783|3854, 3342019|3893, 3342263|4005, http://www.wikipedia.org, 
3347388|1, 3347388|1713, 3347458|1736, 3347458|2520, 3347532|2551, 3347532|2578, 3347875|2633, 3348139|2693, 3351648|3048, 3351648|3239, 3352184|3268, 3353570|3374, 3353570|3408, 3353844|3593, 3353844|3875, 3353918|3914, 3353918|3937, 3354257|3968, 3354521|3999, 3355133|4053, http://www.jd.com, 
3366802|1, 3366802|2520, 3366876|2588, 3368786|2912, 3370866|3039, 3370866|3206, 3371566|3426, 3371566|3448, 3372180|3470, 3372180|3548, 3372394|3602, 3372394|3655, 3373031|3679, 3373031|3742, 3373245|3790, 3373245|3835, 3373577|3858, 3373909|3883, 3373909|3921, 3374821|3958, 3375560|3982, 3375560|4009, http://www.vk.com, 
3393467|1, 3393467|2483, 3393696|2591, 3394369|2702, 3394591|2775, 3395456|2859, 3395522|2912, 3397172|2981, 3397788|3063, 3397788|3260, 3397936|3389, 3397936|3477, 3398630|3718, 3399368|4135, http://www.sohu.com, 
3423233|1, 3423233|2544, 3428785|2953, 3430357|3134, 3430865|3236, 3430865|3307, 3434913|3476, 3439599|3597, 3440991|3699, 3441065|4296, http://www.facebook.com, 
3450291|1, 3450291|1678, 3450364|1706, 3450364|2513, 3450438|2553, 3450438|2592, 3450781|2638, 3451904|2831, 3453944|2962, 3454452|3087, 3454452|3155, 3455007|3257, 3455007|3300, 3455829|3416, 3455829|3440, 3456027|3467, 3457005|3526, 3457906|3552, 3457906|3577, 3458038|3638, 3458038|3720, 3458434|3761, 3460516|3871, 3464014|3976, 3465820|4046, http://www.yahoo.com, 
3497043|1, 3497043|1166, 3497116|1193, 3497116|1732, 3497500|1758, 3497500|1818, 3497566|1843, 3497566|2012, 3497748|2083, 3497748|2111, 3498091|2163, 3499724|2430, 3501362|2543, 3501912|2571, 3501912|2716, 3502467|2770, 3502533|2798, 3502668|2830, 3502816|2881, 3503433|2906, 3503499|2950, 3503784|3009, 3503784|3035, 3504403|3065, 3504469|3095, 3505419|3179, 3505815|3209, 3506880|3278, 3507210|3308, 3508231|3352, 3515227|3793, 3516985|4022, http://www.imgur.com, 
3538405|1, 3538405|1681, 3538478|1706, 3538478|2468, 3538552|2544, 3538895|2593, 3540312|2801, 3540378|2873, 3542058|2971, 3542124|3016, 3542566|3046, 3542566|3137, 3543043|3160, 3543043|3485, 3543097|3520, 3543168|3543, 3543316|3589, 3543316|3616, 3543382|3637, 3543382|3752, 3543456|3773, 3543456|3803, 3544078|3827, 3544078|4019, http://www.baidu.com, 
3581439|1, 3581439|488, 3581493|511, 3581493|1610, 3581547|1639, 3581547|1703, 3581617|1737, 3581617|2559, 3582034|2673, 3582484|2741, 3582959|2790, 3583625|3033, 3583625|3125, 3585263|3200, 3588789|3573, 3590026|3772, 3590095|3810, 3590248|3952, 3590661|4024, http://www.qq.com, 
3613883|1, 3613883|1703, 3613957|1725, 3613957|2508, 3614487|2587, 3614830|2620, 3615094|2682, 3615316|2773, 3618513|3051, 3618513|3231, 3618991|3283, 3619117|3324, 3619117|3416, 3619265|3440, 3619265|3515, 3620082|3619, 3620082|3647, 3620706|3675, 3620706|4005, http://www.taobao.com, 
3635677|1, 3635677|86, 3635785|117, 3635785|1661, 3635860|1698, 3635860|2501, 3637341|2790, 3639435|2894, 3639943|3068, 3639943|3182, 3646634|3497, 3647450|3773, 3647524|3861, 3648027|4037, http://www.sina.com.cn, 
3687415|1, 3687415|1715, 3687488|1737, 3687488|2533, 3687562|2611, 3688837|2811, 3689569|2964, 3691141|3001, 3691207|3040, 3691649|3097, 3691649|3125, 3692138|3202, 3692352|3338, 3692352|3360, 3693026|3388, 3693026|3415, 3694202|3470, 3694202|3493, 3695103|3531, 3695169|3558, 3695169|3582, 3695235|3604, 3695235|3676, 3695367|3702, 3695499|3742, 3696670|3807, 3699820|3890, 3703322|4003, http://www.yahoo.com, 
3729395|1, 3729395|1696, 3729469|1720, 3729469|2487, 3729618|2585, 3729618|2629, 3729692|2655, 3730035|2695, 3731668|2990, 3733748|3170, 3733748|3250, 3733896|3344, 3735484|3448, 3736073|3502, 3736073|3715, 3736403|3751, 3736931|3919, 3737343|4000, 3738069|4060, http://www.amazon.com, 
3776807|1, 3776807|1161, 3776881|1186, 3776881|1993, 3776955|2040, 3776955|2066, 3777654|2133, 3777802|2168, 3778799|2308, 3780515|2452, 3781023|2579, 3781023|2634, 3781171|2815, 3783509|2967, 3783575|2997, 3783575|4010, http://www.reddit.com, 
3796893|1, 3796893|1668, 3796966|1694, 3796966|2488, 3797121|2529, 3798200|2698, 3798853|2750, 3799375|2806, 3801563|2945, 3801563|3385, 3802040|3417, 3802242|3513, 3802242|3569, 3802868|3601, 3802868|4010, http://www.tmall.com, 
3818572|1, 3818572|1153, 3818646|1192, 3818646|1968, 3818720|2121, 3819063|2172, 3822370|2497, 3822812|2543, 3822812|2682, 3823290|2717, 3823416|2793, 3823416|2937, 3823564|3016, 3824253|3043, 3824253|3074, 3824509|3109, 3825133|3196, 3825133|3593, 3825457|3617, 3826504|3675, 3826504|3698, 3826758|3729, 3826812|3774, 3826812|4021, http://www.taobao.com, 
3844341|1, 3844341|2470, 3844415|2618, 3846325|2972, 3848405|3111, 3848405|3211, 3848894|3243, 3848894|3298, 3850958|3518, 3851690|3547, 3851860|3574, 3851926|3612, 3851992|3637, 3851992|3738, 3853891|3878, 3870471|4649, http://www.yahoo.com, 
3883534|1, 3883534|2522, 3883608|2555, 3883608|2576, 3883951|2605, 3884293|2838, 3884515|2894, 3886802|2990, 3888068|3083, 3889928|3174, 3889994|3217, 3890436|3243, 3890436|3283, 3891950|3432, 3892908|3499, 3896680|3557, 3898510|3609, 3899092|3637, 3899902|3666, 3899976|3692, 3900702|3851, 3900702|4036, http://www.facebook.com, 
3910218|1, 3910218|2580, 3910292|2642, 3911758|2845, 3912679|2977, 3914306|3107, 3914306|3311, 3914454|3385, 3915136|3425, 3915136|3454, 3916788|3542, 3916788|3569, 3916954|3596, 3916954|4086, http://www.wikipedia.org, 
3927709|1, 3927709|2554, 3927783|2616, 3927849|2658, 3930243|2860, 3933183|3043, 3933691|3160, 3933691|3350, 3935058|3388, 3935322|3430, 3937028|3463, 3938478|3495, 3943787|3525, 3944877|3560, 3946917|3592, 3950739|3647, 3953241|3711, 3955977|3783, 3957345|3812, 3957345|3835, 3957741|3882, 3958933|3959, 3958999|3990, 3958999|4012, http://www.google.com, 
3973584|1, 3973584|2545, 3973660|2590, 3973739|2620, 3973813|2651, 3973813|2686, 3974438|2744, 3974438|2771, 3977641|3043, 3979279|3183, 3979721|3262, 3979721|3323, 4000338|3812, 4003602|3885, 4004793|3994, 4004859|4026, http://www.google.com, 
4019517|1, 4019517|1695, 4019590|1719, 4019590|2519, 4019664|2563, 4019664|2588, 4020007|2611, 4020205|2732, 4021532|2843, 4023314|2974, 4023756|3053, 4023756|3260, 4024287|3343, 4024435|3433, 4025061|3466, 4025061|4006, http://www.tmall.com, 
4039590|1, 4039590|2611, 4043756|3216, 4043756|3243, 4044233|3289, 4044287|3348, 4045061|3442, 4045061|4016, http://www.tmall.com, 
4057612|1, 4057612|2370, 4057686|2521, 4058029|2583, 4058293|2647, 4058359|2677, 4058359|2702, 4058924|2809, 4061216|2946, 4061724|3103, 4061724|3225, 4062210|3260, 4062210|3283, 4062424|3372, 4062424|3403, 4063038|3430, 4063038|3495, 4063252|3539, 4063252|3592, 4063889|3628, 4063889|3694, 4064103|3766, 4064103|3819, 4064767|3847, 4064767|3893, 4065679|3944, 4066588|4013, http://www.vk.com, 
4084124|1, 4084124|2555, 4084198|2648, 4091391|3132, 4091709|3188, 4095001|3341, 4097258|3426, 4099625|3463, 4101389|3526, 4103375|3811, 4103375|4134, http://www.facebook.com, 
4113116|1, 4113116|1758, 4113189|1786, 4113189|2543, 4113263|2627, 4113606|2664, 4115221|2946, 4117301|3037, 4117301|3195, 4117390|3218, 4117390|3272, 4119823|3454, 4119823|3500, 4120037|3565, 4120654|3603, 4120654|3625, 4120720|3651, 4120786|3678, 4120852|3703, 4120923|3736, 4121071|3773, 4121690|3798, 4121690|3818, 4121756|3842, 4121970|3866, 4121970|3889, 4122640|3916, 4122640|3938, 4123036|3962, 4123969|4000, 4123969|4022, http://www.imgur.com, 
4138924|1, 4138924|2538, 4139496|2638, 4139760|2725, 4140243|2830, 4141507|3041, 4143036|3112, 4143346|3196, 4143420|3233, 4143486|3280, 4145744|3402, 4147056|3479, 4148150|3560, 4148150|3627, 4148414|3665, 4148567|3781, 4149296|3823, 4149440|3970, 4149440|4057, http://www.instagram.com, 
4172156|1, 4172156|1783, 4172226|1807, 4172226|2602, 4173622|2846, 4175782|3025, 4175848|3054, 4176290|3192, 4176290|3285, 4176966|3354, 4177672|3448, 4178460|3503, 4178526|3527, 4178526|3582, 4178912|3824, 4178912|4003, http://www.jd.com, 
4190808|1, 4190808|2417, 4190882|2552, 4190882|2595, 4192540|2833, 4192780|3010, 4194934|3130, 4195283|3176, 4195640|3222, 4196606|3293, 4196754|3324, 4196754|3542, 4196828|3571, 4196828|3594, 4197448|3647, 4197448|3881, 4197502|3906, 4198186|3993, 4198877|4044, http://www.sohu.com, 
4211535|1, 4211535|2518, 4211609|2570, 4211609|2617, 4215235|2976, 4215677|3040, 4215677|3085, 4215751|3145, 4216100|3227, 4216930|3314, 4217710|3367, 4218948|3458, 4219014|3513, 4219305|3548, 4220291|3596, 4221482|3786, 4221482|4088, http://www.instagram.com, 
4243768|1, 4243768|2445, 4243842|2551, 4243842|2584, 4244185|2618, 4247402|2951, 4247844|3050, 4247918|3111, 4250189|3160, 4250546|3198, 4251334|3234, 4252272|3461, 4252272|3694, 4253055|3738, 4253530|3822, 4254772|4028, http://www.jd.com, 
4281910|1, 4281910|1769, 4281983|1791, 4281983|2627, 4282057|2653, 4282400|2718, 4283298|2882, 4286185|3069, 4286185|3186, 4286259|3286, 4289515|3513, 4289734|3551, 4290353|3607, 4290633|3662, 4290633|3689, 4291303|3712, 4291567|3734, 4292083|3783, 4292632|3807, 4293028|3843, 4293160|4037, http://www.imgur.com, 
4310168|1, 4310168|1673, 4310240|1696, 4310240|2435, 4310319|2555, 4310319|2594, 4310393|2618, 4310393|2642, 4310736|2668, 4311258|2709, 4312411|2953, 4314569|3092, 4314677|3166, 4314677|3207, 4314751|3252, 4315100|3306, 4316714|3559, 4317408|3770, 4318146|4357, http://www.sohu.com, 
4349056|1, 4349056|2561, 4349130|2612, 4349130|2639, 4350903|2940, 4352821|3048, 4353263|3112, 4353263|3147, 4353337|3176, 4353686|3228, 4353884|3262, 4354043|3292, 4355009|3352, 4355157|3385, 4355289|3409, 4355289|3501, 4355839|3522, 4356235|3558, 4357857|3694, 4357857|3761, 4358613|3933, 4359147|4233, http://www.instagram.com, 
4378117|1, 4378117|2502, 4379513|2741, 4381739|2942, 4382181|3079, 4382181|3117, 4382604|3182, 4382604|3252, 4383897|3321, 4384141|3361, 4386475|3523, 4386475|3550, 4386607|3579, 4386707|3608, 4387543|4176, http://www.wikipedia.org, 
4398258|1, 4398258|1873, 4398300|1897, 4398300|2489, 4398374|2545, 4398374|2594, 4401934|2967, 4402516|3084, 4402865|3143, 4405282|3326, 4405980|3358, 4406802|3393, 4406868|3426, 4407034|4041, http://www.wikipedia.org, 
4417362|1, 4417362|1281, 4417436|1306, 4417436|2121, 4417510|2160, 4417510|2186, 4417853|2236, 4418405|2308, 4418405|2341, 4421626|2671, 4422049|2757, 4424916|3003, 4425697|3041, 4425697|3316, 4426555|3421, 4426632|3449, 4428277|3601, 4429899|3839, 4433167|3986, 4436606|4091, http://www.amazon.com, 
4508882|1, 4508882|1704, 4508955|1727, 4508955|2489, 4509184|2524, 4509184|2558, 4509828|2673, 4513099|3063, 4513297|3104, 4513615|3136, 4513964|3168, 4513964|3196, 4514321|3222, 4515842|3343, 4515990|3411, 4515990|3439, 4516664|3474, 4517840|3556, 4518741|3590, 4518741|3622, 4518807|3646, 4518873|3669, 4518873|3773, 4519428|3825, 4522737|3958, 4531543|4494, http://www.yahoo.com, 
4553028|1, 4553028|1674, 4553103|1723, 4553103|2498, 4553243|2649, 4554222|2781, 4555021|2884, 4555165|2960, 4555165|2995, 4556803|3044, 4557245|3078, 4557245|3150, 4557319|3190, 4558209|3252, 4560546|3296, 4565702|3411, 4565946|3438, 4565946|3496, 4566548|3575, 4566762|3630, 4566762|3805, 4567339|3846, 4567339|4005, http://www.sina.com.cn, 
4610894|1, 4610894|2468, 4610979|2510, 4611053|2625, 4611900|2719, 4613180|2965, 4614469|3025, 4615019|3060, 4615019|3122, 4615093|3157, 4615093|3188, 4615442|3216, 4615799|3267, 4616735|3318, 4617123|3385, 4617123|3533, 4617197|3560, 4617197|3624, 4617817|3652, 4617817|3869, 4617871|3892, 4617871|3914, 4618033|3937, 4618555|3964, 4619246|4022, http://www.sohu.com, 
4634243|1, 4634243|1718, 4634317|1771, 4634317|2662, 4634391|2726, 4634734|2765, 4635064|2852, 4635286|2916, 4636259|3017, 4637963|3178, 4638405|3231, 4638405|3322, 4638479|3416, 4640577|3587, 4640903|3646, 4641518|3681, 4641572|3718, 4641720|3757, 4641720|3804, 4642344|3832, 4642344|4029, http://www.taobao.com, 
4656284|1, 4656284|2515, 4656359|2543, 4656507|2596, 4656850|2630, 4657090|2676, 4657961|2835, 4658417|3037, 4659989|3077, 4660497|3173, 4661049|3248, 4661398|3278, 4662745|3414, 4663592|3483, 4663740|3512, 4663740|3547, 4664364|3594, 4664364|4022, http://www.taobao.com, 
4676211|1, 4676211|1656, 4676286|1679, 4676286|2494, 4676703|2608, 4678252|2855, 4680476|3029, 4680476|3136, 4680550|3166, 4681390|3227, 4682535|3301, 4682713|3339, 4682927|3459, 4682927|3510, 4683605|3542, 4683605|3564, 4684385|3609, 4684385|3668, 4685234|3726, 4685234|4024, http://www.netflix.com, 
4756397|1, 4756397|1660, 4756471|1685, 4756471|2451, 4756626|2479, 4757043|2568, 4757241|2612, 4758136|2738, 4758592|2774, 4758592|2818, 4760816|3060, 4760816|3132, 4760890|3165, 4760890|3195, 4761596|3293, 4765220|3438, 4765390|3478, 4765456|3505, 4765456|3649, 4766446|3774, 4766446|4177, http://www.reddit.com, 
4776334|1, 4776334|1692, 4776404|1722, 4776404|2588, 4776478|2640, 4776821|2672, 4780516|3045, 4780516|3206, 4780590|3233, 4785152|3544, 4785152|3611, 4785264|3689, 4785333|3760, 4785333|3849, 4785407|3872, 4785481|3912, 4785629|3939, 4785629|4013, http://www.qq.com, 
4803552|1, 4803552|2477, 4807718|3098, 4807792|3162, 4808339|3231, 4808339|3283, 4809566|3364, 4809632|3409, 4809698|3437, 4809810|3460, 4809810|3563, 4809884|3585, 4809884|3636, 4810504|3661, 4810504|3923, 4810720|3953, 4811933|4019, http://www.sohu.com, 
4824792|1, 4824792|1693, 4824867|1796, 4824867|2535, 4825284|2612, 4825482|2659, 4827199|2887, 4829345|3000, 4829345|3158, 4829419|3201, 4830309|3237, 4838854|3473, 4838854|3611, 4840138|3926, 4840754|3955, 4840754|4016, http://www.sina.com.cn, 
4861899|1, 4861899|1690, 4861969|1720, 4861969|2523, 4862043|2592, 4862109|2622, 4865339|2974, 4865459|3003, 4865955|3055, 4865955|3116, 4866029|3141, 4866029|3168, 4866378|3205, 4867523|3296, 4868684|3696, 4868898|3733, 4869249|3958, 4869665|4037, http://www.360.cn, 
4883302|1, 4883302|2604, 4883376|2695, 4884637|2874, 4885502|2958, 4887756|3154, 4887756|3366, 4889670|3678, 4889670|3740, 4890638|3970, 4892488|4533, http://www.360.cn, 
4904472|1, 4904472|1718, 4904542|1744, 4904542|2500, 4904618|2532, 4904771|2623, 4904771|2659, 4908385|3069, 4908901|3127, 4909250|3151, 4912317|3263, 4912495|3450, 4912495|3490, 4912769|3717, 4912769|4020, http://www.jd.com, 
4927173|1, 4927173|1278, 4927312|1300, 4927312|1323, 4927378|1346, 4927378|1715, 4927453|1746, 4927453|2557, 4927527|2696, 4927870|2733, 4929383|2965, 4931099|3034, 4931541|3093, 4931541|3308, 4931615|3336, 4932106|3368, 4932455|3418, 4934264|3575, 4934264|3598, 4934942|3624, 4934942|3648, 4935338|3680, 4936015|3708, 4936015|3730, 4936345|3813, 4937066|3839, 4937205|3873, 4937205|4011, http://www.netflix.com, 
4997651|1, 4997651|1683, 4997723|1707, 4997797|1740, 4997797|1846, 4998090|1873, 4998090|1970, 4998288|2007, 4998427|2037, 4998427|2447, 4998501|2568, 4998501|2597, 4998844|2624, 4999871|2969, 5002617|3089, 5002617|3140, 5002691|3166, 5003528|3206, 5005229|3355, 5005407|3394, 5005695|3426, 5005695|3541, 5006033|3566, 5006371|3610, 5006371|3644, 5006899|3719, 5006899|3792, 5006965|3826, 5007527|3895, 5007527|4002, http://www.live.com, 
5019437|1, 5019437|1685, 5019514|1708, 5019514|2497, 5019588|2585, 5019931|2635, 5021498|2902, 5023656|3022, 5023656|3183, 5023730|3217, 5026120|3397, 5028094|3502, 5028326|3584, 5028326|4034, http://www.wikipedia.org, 
5037550|1, 5037550|2553, 5037624|2636, 5042569|2878, 5043235|2907, 5043445|2939, 5043445|3186, 5045017|3232, 5045948|3350, 5046305|3400, 5051193|3548, 5051385|3578, 5053569|3618, 5057319|3752, 5057319|4003, http://www.facebook.com, 
5067283|1, 5067283|2590, 5067357|2660, 5067982|2720, 5068204|2756, 5070663|2930, 5072301|3038, 5072743|3068, 5072743|3103, 5073133|3148, 5073133|3204, 5073199|3247, 5073199|3290, 5073288|3328, 5073362|3369, 5075079|3396, 5077258|3461, 5079362|3492, 5080190|3521, 5086221|3561, 5088201|3589, 5091681|3642, 5092659|3668, 5094219|3709, 5097279|3760, 5098719|3803, 5098851|3827, 5098851|3909, 5100107|3956, 5100107|4002, http://www.google.com, 
5114593|1, 5114593|1742, 5114666|1765, 5114666|2555, 5114821|2609, 5114895|2652, 5114895|2755, 5115526|2806, 5116085|2982, 5118287|3167, 5118605|3254, 5119788|3379, 5120754|3511, 5120754|3607, 5120808|3633, 5120879|3657, 5121027|3700, 5121027|3890, 5121167|3918, 5121532|3940, 5121789|3963, 5121789|4007, http://www.baidu.com, 
5149297|1, 5149297|51, 5149351|73, 5149351|2531, 5149425|2654, 5150044|2996, 5150110|3026, 5150242|3068, 5152452|3156, 5153701|3216, 5153879|3257, 5154667|3304, 5154845|3342, 5154845|3658, 5155763|3697, 5156357|3754, 5156431|3817, 5156431|3855, 5156577|3901, 5156643|3938, 5157635|4047, http://www.baidu.com, 
5197519|1, 5197519|545, 5197573|568, 5197573|708, 5197681|729, 5197681|2420, 5197755|2572, 5198098|2611, 5199275|2748, 5201745|3002, 5201819|3051, 5201819|3077, 5202168|3105, 5202168|3137, 5202591|3231, 5203671|3286, 5203915|3318, 5204597|3358, 5205144|3386, 5205295|3410, 5206117|3438, 5206349|3484, 5206423|4100, http://www.wikipedia.org, 
5214150|1, 5214150|1768, 5214220|1803, 5214220|2576, 5214294|2624, 5214294|2652, 5214637|2682, 5215616|2800, 5215814|2866, 5218238|3113, 5218424|3141, 5218424|3164, 5218773|3203, 5220404|3253, 5222780|3300, 5222958|3517, 5223179|3668, 5223179|3762, 5223253|3813, 5223327|3839, 5223793|3880, 5223793|3951, 5224358|3974, 5224358|4009, http://www.qq.com, 
5236810|1, 5236810|2606, 5237731|2724, 5242738|3084, 5242738|3131, 5242812|3158, 5242812|3186, 5243161|3211, 5243161|3240, 5243518|3272, 5245670|3320, 5249268|3405, 5260155|3505, 5260803|3530, 5264511|3629, 5268231|3690, 5268363|3713, 5268363|3803, 5269553|3825, 5269619|3869, 5269619|3919, 5270675|3949, 5271381|4067, http://www.google.com, 
5283063|1, 5283063|2577, 5283218|2601, 5283292|2685, 5284734|2916, 5287158|3062, 5287270|3093, 5287270|3262, 5287822|3306, 5288730|3417, 5290133|3447, 5290133|3475, 5290431|3502, 5290579|3526, 5290579|3548, 5290945|3575, 5291203|3600, 5291203|4013, http://www.taobao.com, 
5303444|1, 5303444|82, 5303498|110, 5303498|1714, 5303572|1747, 5303572|2594, 5303646|2651, 5303646|2679, 5305490|2869, 5307128|3064, 5307710|3173, 5308059|3202, 5308059|3227, 5308416|3282, 5308416|3301, 5309728|3401, 5310404|3428, 5310404|3449, 5311184|3484, 5311896|3509, 5312198|3572, 5312198|3753, 5313188|3868, 5313188|4031, http://www.reddit.com, 
5320990|1, 5320990|1704, 5321066|1726, 5321066|2558, 5321483|2631, 5323050|2942, 5324688|2983, 5325130|3064, 5325204|3097, 5325553|3120, 5325553|3150, 5325910|3177, 5325910|3216, 5327704|3366, 5327704|3446, 5329367|3479, 5329367|3505, 5329433|3527, 5329499|3550, 5329499|3821, 5329565|3844, 5329895|3875, 5329895|4027, http://www.linkedin.com, 
5359919|1, 5359919|1707, 5359994|1729, 5359994|2546, 5360068|2601, 5360068|2633, 5360344|2757, 5361341|3017, 5363045|3111, 5363289|3141, 5363289|3180, 5363904|3214, 5372809|3657, 5372809|3775, 5372883|3811, 5372883|3891, 5373386|3978, 5373460|4005, http://www.sina.com.cn, 
5403208|1, 5403208|1695, 5403280|1724, 5403280|2491, 5403354|2623, 5403763|2688, 5407344|2984, 5407344|3187, 5407906|3213, 5407972|3241, 5408255|3274, 5410348|3455, 5410348|3557, 5411024|3585, 5411024|3668, 5411288|3691, 5411552|3716, 5411552|3789, 5411618|3811, 5411932|3833, 5412180|3854, 5413007|4033, http://www.live.com, 
5421138|1, 5421138|1753, 5421208|1775, 5421208|2529, 5421282|2621, 5421282|2647, 5421484|2686, 5424325|3009, 5424841|3094, 5424841|3120, 5425190|3147, 5425676|3173, 5426033|3213, 5427167|3291, 5427299|3319, 5427411|3355, 5428025|3385, 5428025|3429, 5428091|3455, 5428159|3478, 5428307|3505, 5428307|3572, 5428944|3596, 5428944|3669, 5429158|3702, 5429158|3786, 5429822|3809, 5429822|3851, 5430542|3882, 5430734|3908, 5431473|3930, 5431643|3950, 5431709|4014, http://www.vk.com, 
5449321|1, 5449321|1667, 5449393|1691, 5449393|2482, 5449543|2552, 5449923|2609, 5449923|2637, 5451899|2884, 5452248|2937, 5453471|2972, 5453979|3024, 5453979|3167, 5454053|3189, 5454053|3218, 5454890|3249, 5455247|3291, 5456769|3395, 5456769|3454, 5456835|3481, 5457057|3522, 5457057|3637, 5457733|3661, 5457733|3782, 5457943|3807, 5457943|3897, 5458021|3919, 5458021|4011, http://www.live.com, 
5468146|1, 5468146|2493, 5468305|2570, 5468648|2620, 5470095|2789, 5472511|3010, 5472511|3099, 5472585|3130, 5472585|3155, 5472934|3180, 5472934|3203, 5474091|3279, 5475097|3446, 5475685|3477, 5475877|3510, 5476694|3550, 5476760|3574, 5476760|3596, 5476826|3617, 5476826|3879, 5477222|3922, 5477222|4039, http://www.linkedin.com, 
5508830|1, 5508830|1730, 5508904|1753, 5508904|2598, 5509254|2764, 5510383|3018, 5511955|3051, 5512021|3080, 5512021|3105, 5512463|3132, 5512463|3157, 5512886|3261, 5513465|3347, 5514319|3382, 5515139|3415, 5516163|3505, 5517045|3531, 5517111|3555, 5517111|3730, 5518125|3813, 5518125|4028, http://www.reddit.com, 
5525924|1, 5525924|2527, 5525998|2554, 5525998|2577, 5526341|2607, 5527188|2713, 5527188|2739, 5529930|3000, 5530042|3051, 5530042|3123, 5530116|3150, 5530465|3187, 5531036|3366, 5533333|3914, 5533333|4069, http://www.360.cn, 
5546613|1, 5546613|1732, 5546686|1754, 5546686|2500, 5546909|2595, 5547252|2632, 5549089|2905, 5551421|3095, 5551495|3143, 5551495|3177, 5552321|3213, 5553610|3349, 5553854|3384, 5553854|3660, 5555366|3693, 5555440|3881, 5557718|4249, http://www.baidu.com, 
5586846|1, 5586846|511, 5586900|538, 5586900|1295, 5586954|1314, 5586954|2572, 5587028|2630, 5587437|2691, 5587875|2737, 5589016|2948, 5590588|3020, 5590654|3068, 5590654|3098, 5591096|3123, 5591096|3192, 5591170|3235, 5591170|3266, 5591667|3325, 5592812|3373, 5593494|3401, 5593890|3429, 5594258|3455, 5595146|3479, 5595146|3505, 5595378|3584, 5595378|4030, http://www.wikipedia.org, 
5602085|1, 5602085|1709, 5602155|1733, 5602155|2502, 5602384|2572, 5602727|2625, 5606058|2956, 5606500|3050, 5606500|3148, 5606574|3171, 5607459|3211, 5607525|3238, 5609786|3533, 5609786|4025, http://www.jd.com, 
5621996|1, 5621996|2440, 5623936|2696, 5627866|2938, 5627978|3000, 5627978|3070, 5628052|3097, 5628052|3124, 5628758|3209, 5632764|3282, 5637630|3357, 5641239|3391, 5644395|3419, 5647017|3459, 5653431|3620, 5653431|3735, 5654622|3767, 5654688|3803, 5654688|3846, 5655414|3867, 5656450|3948, 5656450|4016, http://www.google.com, 
5666843|1, 5666843|1675, 5666918|1710, 5666918|2489, 5666992|2558, 5667335|2599, 5667599|2650, 5667953|2750, 5668560|2828, 5671108|3044, 5671182|3116, 5671182|3143, 5671531|3168, 5671531|3192, 5671888|3221, 5673167|3258, 5673299|3295, 5673411|3328, 5673411|3372, 5673543|3439, 5673691|3469, 5673691|3513, 5674369|3537, 5674369|3560, 5674567|3583, 5675149|3629, 5675149|3668, 5675998|3752, 5675998|4019, http://www.netflix.com, 
5739501|1, 5739501|2584, 5741095|2825, 5741551|2924, 5743631|3102, 5743631|3183, 5743705|3210, 5744196|3238, 5744902|3311, 5745690|3347, 5745756|3374, 5746082|3478, 5746760|3501, 5746760|3522, 5747156|3547, 5747540|3574, 5747540|3632, 5747672|3659, 5748389|3702, 5748389|4012, http://www.netflix.com, 
5801382|1, 5801382|2626, 5801456|2650, 5801456|2675, 5802778|2874, 5802778|3038, 5803055|3072, 5803055|3219, 5803129|3260, 5803129|3314, 5803406|3347, 5803554|3378, 5803554|3477, 5803628|3501, 5803628|3529, 5803977|3562, 5803977|3586, 5804466|3610, 5804540|3636, 5805867|3670, 5806455|3707, 5807265|3733, 5809244|3789, 5809244|3816, 5809640|3845, 5809852|3998, 5809852|4040, http://www.wikipedia.org, 
5819423|1, 5819423|2509, 5819497|2557, 5819497|2588, 5819563|2610, 5819840|2646, 5821389|2817, 5823535|3026, 5823535|3130, 5823609|3159, 5824145|3189, 5827401|3406, 5828079|3456, 5828079|3483, 5828153|3530, 5828153|3748, 5828227|3776, 5828227|3817, 5828782|3849, 5828782|4004, http://www.jd.com, 
5854886|1, 5854886|1714, 5854961|1739, 5854961|2534, 5855116|2613, 5855190|2646, 5855533|2732, 5859180|3074, 5859180|3169, 5859254|3192, 5859254|3232, 5860451|3300, 5861135|3337, 5861305|3363, 5861549|3406, 5861549|3460, 5861615|3491, 5861763|3522, 5861763|3546, 5862102|3584, 5862441|3623, 5862639|3648, 5863029|3676, 5863221|3706, 5863221|3733, 5863287|3757, 5863353|3782, 5864072|3805, 5864072|4002, http://www.netflix.com, 
5919333|1, 5919333|2598, 5919407|2655, 5919407|2712, 5920170|2864, 5920968|3080, 5922936|3124, 5923048|3161, 5923048|3234, 5923122|3272, 5925173|3418, 5925499|3466, 5925499|3513, 5925838|3541, 5925838|3577, 5926228|3610, 5926228|3662, 5926294|3696, 5927083|3721, 5927083|3757, 5927454|3800, 5927454|3827, 5927637|3850, 5927637|3971, 5927769|3994, 5927917|4017, http://www.netflix.com, 
5982086|1, 5982086|1681, 5982160|1704, 5982160|2599, 5982234|2646, 5982577|2681, 5986248|3070, 5986248|3163, 5986322|3187, 5986671|3220, 5986671|3252, 5990310|3483, 5990310|3508, 5990414|3533, 5990480|3554, 5990546|3577, 5990546|3724, 5991206|3752, 5991470|3783, 5991536|3847, 5991536|4285, http://www.reddit.com, 
5997965|1, 5997965|1672, 5998039|1697, 5998039|2502, 5998113|2616, 5998456|2646, 5998812|2699, 5999567|2787, 6000101|2904, 6001739|2967, 6001739|3006, 6002181|3100, 6002181|3120, 6002255|3147, 6002255|3175, 6002604|3201, 6002802|3254, 6004751|3360, 6005663|3412, 6005663|3434, 6006252|3458, 6006252|3683, 6007044|3779, 6007261|3868, 6010380|4247, http://www.amazon.com, 
6044437|1, 6044437|1751, 6044510|1787, 6044510|2598, 6044584|2649, 6044584|2687, 6048057|3105, 6048131|3139, 6048131|3168, 6048480|3198, 6049314|3259, 6050156|3307, 6050536|3398, 6051108|3429, 6051108|4007, http://www.tmall.com, 
6061989|1, 6061989|2541, 6062063|2564, 6062063|2613, 6062406|2641, 6062670|2693, 6063977|2777, 6064895|2812, 6067391|2984, 6067899|3094, 6067899|3143, 6067988|3183, 6068062|3220, 6068411|3254, 6071318|3361, 6071318|3404, 6072662|3440, 6074408|3469, 6074822|3494, 6080807|3522, 6081071|3550, 6085619|3601, 6086981|3632, 6088295|3669, 6089147|3701, 6093119|3812, 6093383|3840, 6093383|3915, 6094574|3963, 6094640|4003, http://www.google.com, 
6108520|1, 6108520|1683, 6108593|1707, 6108593|2466, 6108822|2586, 6109165|2621, 6109393|2659, 6109615|2698, 6112292|2959, 6112688|2997, 6112800|3037, 6112800|3113, 6112874|3144, 6112874|3181, 6113700|3215, 6115851|3389, 6115851|4004, http://www.tmall.com, 
6125157|1, 6125157|116, 6125211|142, 6125211|2458, 6125285|2535, 6125285|2570, 6126040|2666, 6128117|2771, 6130601|2996, 6131466|3147, 6131823|3190, 6132789|3248, 6134155|3303, 6137641|3403, 6139601|3431, 6143974|3456, 6144568|3479, 6148786|3521, 6151726|3611, 6153676|3650, 6156154|3697, 6156682|3736, 6156682|3787, 6157873|3845, 6157873|3868, 6157939|3892, 6157939|3962, 6159127|4000, 6159701|4027, http://www.google.com, 
6170040|1, 6170040|2568, 6170114|2593, 6170180|2707, 6171304|2819, 6172574|2886, 6175514|3043, 6176022|3125, 6176022|3224, 6176096|3261, 6176445|3289, 6176445|3313, 6188951|3522, 6192311|3563, 6195059|3623, 6196373|3651, 6198071|3707, 6200159|3814, 6200159|3855, 6200483|3878, 6202322|3903, 6202718|3928, 6202784|3963, 6202784|4008, http://www.google.com, 
6217147|1, 6217147|2545, 6217221|2590, 6217564|2741, 6222609|2930, 6224379|3095, 6224821|3128, 6224821|3179, 6224895|3214, 6225244|3239, 6225601|3281, 6229175|3402, 6234065|3547, 6235493|3604, 6236081|3629, 6236615|3657, 6236615|3727, 6237426|3798, 6238324|4145, http://www.facebook.com, 
6246941|1, 6246941|2612, 6247015|2656, 6247015|2686, 6247358|2717, 6247358|2746, 6249412|2846, 6252521|3019, 6254675|3250, 6255024|3307, 6255024|3332, 6255381|3370, 6256169|3431, 6260203|3547, 6260395|3575, 6262525|3603, 6263131|3628, 6264433|3684, 6266155|3722, 6266353|3887, 6266353|4204, http://www.facebook.com, 
6274737|1, 6274737|1695, 6274811|1719, 6274811|2542, 6274885|2641, 6275658|2704, 6276207|2764, 6276207|2802, 6276729|2863, 6276729|2893, 6278445|2939, 6278511|2967, 6278511|3003, 6278953|3038, 6278953|3246, 6279027|3283, 6279093|3311, 6279376|3344, 6279733|3368, 6279733|3412, 6280521|3448, 6280847|3483, 6281523|3507, 6281523|3532, 6283015|3579, 6283015|3603, 6283383|3626, 6283383|3829, 6283713|3874, 6283845|3937, 6283911|4073, http://www.reddit.com, 
6291757|1, 6291757|1705, 6291830|1732, 6291830|2493, 6291985|2560, 6291985|2594, 6292059|2639, 6292402|2665, 6292600|2710, 6294371|2904, 6295943|2948, 6296451|3152, 6296451|3174, 6296525|3205, 6297429|3262, 6299471|3391, 6299715|3428, 6299852|3454, 6300000|3479, 6300000|3506, 6300619|3530, 6300619|3551, 6300685|3576, 6300899|3602, 6300899|3629, 6301569|3654, 6302349|3683, 6302898|3710, 6302898|3736, 6303426|3815, 6304122|3943, 6306581|4335, http://www.imgur.com, 
6319885|1, 6319885|2459, 6319959|2567, 6320302|2606, 6321851|2815, 6323633|2912, 6324075|3033, 6324075|3112, 6324149|3136, 6324149|3161, 6324987|3199, 6325410|3232, 6326478|3319, 6327339|3356, 6327339|3386, 6327405|3410, 6327619|3435, 6327619|3458, 6328304|3523, 6328370|3547, 6328584|3575, 6328584|3601, 6329254|3626, 6329650|3650, 6330034|3676, 6330583|3712, 6330781|3737, 6331045|3791, 6331111|3953, 6331111|4304, http://www.imgur.com, 
6350384|1, 6350384|108, 6350481|140, 6350481|274, 6350547|304, 6350547|1704, 6350620|1730, 6350620|2596, 6352538|2926, 6354110|3003, 6354618|3048, 6354618|3226, 6354692|3252, 6354692|3282, 6355596|3327, 6356225|3419, 6357087|3457, 6358014|3487, 6358014|3514, 6358146|3550, 6358217|3574, 6358365|3604, 6358365|3625, 6359050|3681, 6359330|3721, 6359330|3745, 6360000|3775, 6360396|3799, 6361329|3837, 6361923|3886, 6362319|3914, 6362732|4449, http://www.imgur.com, 
