2397015|1, 2397015|45, 2401549|78, 2401549|166, 2401668|195, 2401668|269, 2401768|296, 2401808|323, 2402439|350, 2402539|528, 2406762|570, 2410869|806, 2428971|839, 2428971|868, 2429023|892, 2435071|925, 2438086|962, 2438520|995, 2440118|1015, 2444429|1034, 2450921|1054, 2451021|1075, 2452158|1099, 2452756|1126, 2460900|1150, 2460900|1180, 2460952|1202, 2460952|1222, 2465223|1246, 2469773|1278, 2470338|1318, 2470378|1339, 2470378|1387, 2470580|1412, 2478516|1453, 2492213|1535, 2492265|1587, 2492445|1610, 2496239|1638, 2510057|1675, 2512889|1703, 2536878|1745, 2547226|1805, 2547226|1857, 2547286|1922, 2551018|1953, 2551312|1982, 2563318|2016, 2574922|2053, 2583621|2077, 2587804|2109, 2587804|2152, 2589292|2196, 2589292|2282, 2589422|2307, 2624786|2359, 2624994|2385, 2629582|2414, 2634010|2454, 2638472|2486, 2642345|2513, 2644891|2557, 2648524|2582, 2648524|2605, 2648576|2627, 2648576|2709, 2648731|2734, 2648783|2758, 2648895|2787, 2648947|2809, 2653201|2832, 2653201|2853, 2653601|2874, 2654305|2900, 2655614|2923, 2655614|2942, 2655868|2963, 2656659|2992, 2656659|3011, 2656711|3029, 2657486|3053, 2657538|3080, 2657538|3117, 2657955|3144, 2657955|4010, http://www.linkedin.com, 
2663806|1, 2663806|592, 2663866|620, 2663866|731, 2667542|759, 2667542|2258, 2667649|2289, 2667753|2337, 2671888|2473, 2676906|2702, 2678681|2777, 2678681|2802, 2678733|2848, 2678733|2999, 2678853|3034, 2678853|3066, 2685233|3092, 2685233|3115, 2685831|3153, 2686025|3183, 2686025|3508, 2693010|3539, 2693010|4055, http://www.linkedin.com, 
2744986|1, 2744986|1652, 2745090|1681, 2745090|2451, 2749285|2657, 2755803|2880, 2755803|2936, 2755855|2981, 2755855|3049, 2756662|3170, 2756662|3220, 2756782|3242, 2756782|3289, 2771510|3312, 2771510|3373, 2771836|3396, 2772594|3424, 2772736|3451, 2772736|3474, 2772788|3535, 2772788|3577, 2776842|3641, 2783376|3710, 2795897|3739, 2796017|3761, 2822897|3787, 2927595|3986, 2972595|4043, http://www.yahoo.com, 
3702465|1, 3702465|56, 3702811|96, 3702811|1131, 3702952|1154, 3702952|2000, 3703140|2030, 3707215|2340, 3714051|2527, 3714745|2556, 3714745|2592, 3715853|2738, 3716076|2766, 3716076|2922, 3716196|2963, 3716196|3049, 3728196|3076, 3728196|3141, 3728342|3167, 3728554|3192, 3728554|3325, 3728681|3350, 3728808|3375, 3728808|3476, 3735585|3549, 3735944|3612, 3752025|3675, 3775382|3705, 3800882|3737, 3856986|3816, 3856986|3961, 3857046|3988, 3861730|4017, http://www.live.com, 
3870998|1, 3870998|1771, 3871070|1801, 3871070|2414, 3875153|2579, 3879999|2884, 3881609|2960, 3881609|2985, 3881661|3020, 3881661|3423, 3882145|3450, 3882145|3713, 3882185|3737, 3882289|3758, 3882289|3871, 3882341|3896, 3882341|3979, 3882393|4000, 3882393|4021, http://www.360.cn, 
3973119|1, 3973119|194, 3973159|222, 3973159|1110, 3973199|1135, 3973199|2550, 3998129|2805, 4000978|3023, 4000978|3196, 4043402|3474, 4044421|3502, 4044997|3551, 4044997|4035, http://www.facebook.com, 
4060648|1, 4060648|1639, 4060799|1669, 4060799|2418, 4061010|2501, 4065093|2550, 4069348|2742, 4070180|2899, 4071800|2994, 4071852|3027, 4071852|3083, 4125465|3283, 4125465|3314, 4125704|3478, 4125704|3691, 4125973|3715, 4130657|3740, 4131392|3817, 4133521|3847, 4133573|3871, 4133625|3898, 4133625|3918, 4134896|3940, 4135285|3965, 4152889|4017, http://www.qq.com, 
4503690|1, 4503690|1613, 4503841|1650, 4503841|2470, 4512179|2700, 4512696|2744, 4514378|2987, 4514378|3549, 4514430|3830, 4514430|3894, 4514490|3928, 4519173|3963, 4519654|4009, http://www.qq.com, 
4728736|1, 4728736|1605, 4728840|1628, 4728840|2421, 4728900|2478, 4728900|2506, 4738114|2804, 4739713|2843, 4739713|2870, 4739765|2924, 4739765|2974, 4740573|3148, 4740693|3216, 4740693|3244, 4755421|3301, 4755937|3324, 4756453|3346, 4756647|3371, 4756647|3405, 4756699|3429, 4756699|3516, 4760895|3550, 4766922|3630, 4767042|3662, 4881494|3952, 4970041|4206, http://www.yahoo.com, 
5014458|1, 5014458|544, 5014510|566, 5014510|1192, 5014598|1218, 5014598|2004, 5018733|2111, 5018733|2223, 5023699|2375, 5025250|2449, 5025302|2483, 5025302|2676, 5025732|2707, 5025732|2734, 5025792|2755, 5025852|2778, 5025852|2817, 5026385|2839, 5026385|2896, 5026471|2937, 5026471|2987, 5026591|3010, 5026591|3057, 5026643|3081, 5027107|3123, 5027107|3184, 5027227|3220, 5027227|3266, 5038087|3289, 5038087|3334, 5038518|3357, 5038949|3378, 5039143|3403, 5042545|3441, 5059825|3552, 5094625|3636, 5253943|3877, 5317674|3915, 5390148|3954, 5393136|4011, http://www.vk.com, 
5420154|1, 5420154|1242, 5420276|1298, 5420276|1373, 5424037|1406, 5424037|1457, 5424347|1481, 5424347|1503, 5424399|1527, 5424399|1577, 5425549|1617, 5425549|1640, 5425741|1662, 5425741|1708, 5425801|1739, 5425801|1781, 5429095|1817, 5429095|1844, 5429198|1867, 5429198|1934, 5429473|1964, 5429473|2251, 5429525|2292, 5429525|2645, 5429585|2674, 5433660|2855, 5438623|3017, 5440350|3172, 5440350|3206, 5440650|3275, 5448858|3436, 5449744|3464, 5449877|3486, 5450298|3518, 5450298|3917, 5453775|3990, 5607443|4074, http://www.instagram.com, 
6040823|1, 6040823|1994, 6040956|2016, 6040956|2437, 6045091|2542, 6049294|2647, 6049932|2807, 6051792|2847, 6051792|2901, 6051844|2925, 6051844|2985, 6082154|3161, 6082154|3504, 6082214|3531, 6086897|3579, 6087378|3613, 6087572|3637, 6089498|3665, 6089498|3687, 6089602|3725, 6089602|3749, 6091654|3777, 6091760|3799, 6091760|3826, 6092026|3851, 6092134|3878, 6092134|4002, http://www.jd.com, 
6594463|1, 6594463|1642, 6594584|1665, 6594584|2383, 6594795|2429, 6594855|2467, 6598930|2642, 6604001|2806, 6605728|2845, 6605780|2918, 6606558|3094, 6606558|3152, 6606662|3211, 6606662|3236, 6607358|3265, 6607358|3425, 6607462|3455, 6607462|3489, 6607542|3516, 6607542|3640, 6607582|3663, 6607582|3705, 6611167|3727, 6611167|3801, 6611489|3822, 6611716|3843, 6611716|3916, 6611756|3951, 6611756|4017, http://www.taobao.com, 
6849940|1, 6849940|647, 6850081|675, 6850081|1652, 6850183|1694, 6850183|2492, 6850243|2576, 6854266|2652, 6854318|2732, 6860825|3021, 6860877|3081, 6860877|3372, 6860917|3394, 6861840|3439, 6861956|3461, 6861956|3580, 6862879|3606, 6862879|3700, 6862999|3724, 6862999|4003, http://www.baidu.com, 
7125627|1, 7125627|1643, 7125873|1667, 7125873|2455, 7125933|2492, 7125985|2571, 7126165|2651, 7132757|2880, 7132809|2954, 7132809|3013, 7133950|3135, 7133950|3238, 7134070|3267, 7134070|3289, 7141724|3316, 7141724|3372, 7141930|3449, 7141930|3521, 7141982|3543, 7141982|3943, 7144309|3979, 7144309|4018, http://www.netflix.com, 
7437054|1, 7437054|67, 7437189|88, 7437189|995, 7437387|1018, 7437427|1043, 7437427|1692, 7437614|1737, 7437614|2476, 7437674|2530, 7441861|2690, 7444027|2931, 7444027|2956, 7444079|2987, 7444724|3091, 7444724|3205, 7444828|3227, 7444828|3272, 7444908|3319, 7444908|3344, 7444948|3382, 7444948|3970, 7445000|3989, 7445000|4006, http://www.tmall.com, 
7614666|1, 7614666|1133, 7614706|1153, 7614706|1262, 7614789|1286, 7614789|1868, 7614829|1904, 7614829|1946, 7614964|1974, 7614964|1998, 7615016|2026, 7615016|2242, 7615068|2332, 7615068|2382, 7615128|2418, 7623234|2661, 7623811|2769, 7625690|2824, 7625690|2882, 7625742|2902, 7625742|3216, 7626670|3243, 7626670|3432, 7627558|3459, 7627558|3482, 7627678|3540, 7627678|3836, 7637226|3857, 7637226|3971, 7640226|3994, 7640226|4023, http://www.baidu.com, 
7832352|1, 7832352|1621, 7832468|1651, 7832468|2482, 7832528|2520, 7836603|2567, 7836603|2611, 7836835|2671, 7841323|2811, 7843129|2882, 7843129|2904, 7843181|2926, 7843181|3150, 7843740|3205, 7843811|3249, 7843863|3275, 7843983|3313, 7844596|3336, 7844596|3376, 7844762|3405, 7844762|3428, 7844882|3451, 7844934|3473, 7845571|3503, 7845623|3545, 7845743|3572, 7853503|3641, 7871500|3712, 7928068|3774, 8009068|3803, 8062178|3847, 8156078|4129, http://www.imgur.com, 
8234961|1, 8234961|1649, 8235143|1680, 8235143|2408, 8235556|2448, 8235616|2490, 8243842|2734, 8244726|2897, 8246443|2937, 8246443|2964, 8246495|2989, 8246495|3015, 8319009|3097, 8384867|3143, 8483706|3532, 8483706|3624, 8501436|3673, 8501436|3699, 8501496|3732, 8506128|3754, 8506128|3779, 8506609|3810, 8506855|3832, 8508348|3858, 8508348|3881, 8508452|3903, 8510610|4048, http://www.sina.com.cn, 
10130944|1, 10130944|643, 10130996|667, 10130996|813, 10131048|835, 10131048|1614, 10131189|1637, 10131189|2332, 10131365|2453, 10139643|2759, 10140527|2811, 10142049|2844, 10142049|2923, 10142101|2966, 10142101|3105, 10142847|3153, 10142847|3247, 10142899|3273, 10144178|3329, 10144178|3433, 10144266|3469, 10144266|3576, 10154494|3604, 10154494|3737, 10154724|3761, 10154724|3896, 10161588|3991, 10161768|4020, http://www.live.com, 
10297769|1, 10297769|1645, 10297951|1676, 10297951|2411, 10302731|2742, 10304497|2846, 10304549|2927, 10304549|3059, 10304601|3209, 10304601|3429, 10305509|3535, 10305509|3750, 10305569|3780, 10306033|3827, 10306085|3906, 10306145|4002, http://www.sina.com.cn, 
10389703|1, 10389703|1723, 10389844|1747, 10389844|2406, 10389941|2484, 10390001|2513, 10394024|2553, 10399042|2824, 10400672|2885, 10400764|2910, 10400764|3080, 10401424|3105, 10401424|3180, 10401544|3225, 10412286|3271, 10412580|3299, 10412874|3320, 10412874|3382, 10412926|3403, 10412926|3593, 10422236|3619, 10434713|3730, 10443356|3759, 10443536|3782, 10460706|3904, 10502820|3938, 10502903|3974, 10502903|4071, http://www.amazon.com, 
11405637|1, 11405637|1057, 11405677|1088, 11405677|1595, 11405788|1628, 11405788|2351, 11405865|2428, 11405925|2452, 11405977|2480, 11409948|2516, 11409948|2612, 11414668|2779, 11417112|2885, 11417164|2926, 11417164|3063, 11417848|3235, 11425686|3298, 11425996|3321, 11426247|3363, 11426247|3387, 11426299|3411, 11426299|3537, 11447785|3634, 11464238|3675, 11623238|3779, 12155776|4090, http://www.reddit.com, 
12166775|1, 12166775|2568, 12176079|2870, 12176446|2929, 12178298|3109, 12178298|3545, 12178543|3722, 12178667|3807, 12178771|3847, 12178771|3938, 12183256|3964, 12183256|4022, http://www.360.cn, 
12888879|1, 12888879|1755, 12889000|1779, 12889000|2546, 12889211|2662, 12889271|2701, 12893346|2738, 12893346|2765, 12893510|2796, 12897585|2863, 12898102|2920, 12899922|3102, 12899974|3150, 12899974|3390, 12900636|3410, 12900636|3697, 12900752|3721, 12900752|3767, 12900856|3811, 12900856|3838, 12900908|3859, 12901564|3884, 12901668|4014, http://www.taobao.com, 
12913143|1, 12913143|2490, 12913203|2526, 12921878|2747, 12923811|2895, 12923863|2964, 12923863|3165, 12923923|3197, 12923983|3224, 12932019|3263, 12932905|3292, 12932905|3353, 12933193|3377, 12933193|3747, 12936634|3783, 12936753|3853, 12936813|3889, 12940831|3919, 12941407|3997, 12941407|4033, http://www.instagram.com, 
13000750|1, 13000750|2415, 13009525|2749, 13009706|2806, 13009766|2851, 13010012|2909, 13011611|2975, 13011663|3000, 13011663|3375, 13012625|3398, 13012625|3422, 13012741|3444, 13012741|3510, 13013663|3539, 13013663|3653, 13013723|3700, 13013783|3724, 13013783|4008, http://www.baidu.com, 
13166748|1, 13166748|1637, 13166891|1670, 13166891|2474, 13166951|2512, 13170974|2565, 13175109|2682, 13177311|2827, 13177467|2868, 13177467|3440, 13177991|3479, 13178132|3530, 13178132|3812, 13178236|3846, 13178236|4001, http://www.sohu.com, 
14790375|1, 14790375|2446, 14790622|2531, 14794705|2671, 14799297|2767, 14801328|2914, 14801328|2942, 14801380|2988, 14801380|3089, 14801500|3236, 14810422|3294, 14810422|3319, 14810688|3345, 14810976|3370, 14810976|3736, 14814429|3759, 14814489|3847, 14819083|3939, 14819083|4096, http://www.instagram.com, 
14864757|1, 14864757|2552, 14875510|2966, 14875562|3050, 14875562|3383, 14875908|3430, 14875908|3452, 14876028|3475, 14876028|3526, 14876561|3588, 14876561|3645, 14876681|3670, 14876681|3718, 14877197|3772, 14877197|3849, 14877317|3875, 14877317|3898, 14882747|3923, 14888177|3970, 14888608|3998, 14888608|4020, http://www.vk.com, 
14926858|1, 14926858|924, 14926910|945, 14926910|1741, 14927014|1766, 14927014|2470, 14927225|2560, 14927225|2599, 14927285|2735, 14936080|2864, 14936201|2955, 14937961|3069, 14938013|3139, 14938013|3282, 14938940|3467, 14953720|3511, 14954236|3548, 14954752|3587, 14954946|3615, 14954998|3644, 14954998|3739, 14960298|3813, 14965703|3861, 14997893|4114, http://www.yahoo.com, 
15197787|1, 15197787|1766, 15197915|1820, 15197915|2559, 15197975|2694, 15202162|2870, 15206822|3005, 15207137|3072, 15208791|3173, 15208791|3374, 15209137|3529, 15209137|3666, 15209257|3698, 15209257|3737, 15209738|3772, 15209738|3852, 15209858|3896, 15210374|4005, http://www.vk.com, 
15258901|1, 15258901|1747, 15259012|1772, 15259012|2652, 15259252|2738, 15263327|2868, 15265155|3004, 15265760|3063, 15265760|3284, 15274374|3435, 15274625|3473, 15274625|3504, 15274677|3557, 15296058|4140, http://www.reddit.com, 
15306515|1, 15306515|1795, 15306656|1830, 15306656|2556, 15306716|2632, 15310971|2790, 15314994|2861, 15317451|3035, 15317451|3087, 15317503|3126, 15317503|3243, 15328659|3489, 15328953|3513, 15328953|3535, 15329005|3558, 15329005|3712, 15341476|3740, 15350680|4088, http://www.amazon.com, 
15536232|1, 15536232|1717, 15536414|1747, 15536414|2476, 15536474|2601, 15540549|2638, 15540549|2683, 15545442|2909, 15546508|2946, 15547131|3013, 15547183|3068, 15547183|3247, 15686206|3664, 15686206|3814, 15686815|3883, 15686979|3974, 15692409|4089, http://www.sina.com.cn, 
15809793|1, 15809793|1935, 15809865|1963, 15809865|1985, 15810038|2011, 15810211|2041, 15810211|2551, 15821088|3063, 15821140|3111, 15821140|3535, 15821264|3560, 15822102|4014, http://www.360.cn, 
16327427|1, 16327427|645, 16327467|674, 16327467|2129, 16327527|2171, 16327527|2197, 16335753|2528, 16338094|2619, 16338094|2759, 16338146|2804, 16338440|2945, 16338560|2967, 16338560|2990, 16338612|3026, 16339041|3063, 16339041|3114, 16339161|3160, 16339161|3208, 16339265|3232, 16339729|3301, 16339729|3346, 16339849|3386, 16339849|3410, 16345331|3435, 16350709|3481, 16350709|3505, 16351571|3531, 16351713|3556, 16355113|3600, 16355165|3656, 16355225|3747, 16358161|3808, 16364815|3914, 16365677|4135, http://www.vk.com, 
16389584|1, 16389584|1677, 16389688|1703, 16389688|2644, 16394589|2958, 16396151|3061, 16396151|3122, 16396203|3160, 16396203|3321, 16397011|3378, 16397011|3450, 16397131|3482, 16411911|3572, 16411911|3600, 16412943|3624, 16413137|3653, 16413137|3725, 16413189|3750, 16414243|3809, 16418698|3880, 16621790|4452, http://www.yahoo.com, 
16696917|1, 16696917|1169, 16697263|1200, 16697263|1253, 16697382|1279, 16697382|2117, 16702146|2404, 16702267|2460, 16702461|2493, 16704116|2525, 16704116|2645, 16704168|2685, 16704168|2821, 16704813|2995, 16704813|3031, 16705037|3151, 16705037|3971, 16708622|3997, 16708622|4038, http://www.tmall.com, 
16734874|1, 16734874|1741, 16735025|1771, 16735025|2619, 16735085|2652, 16745706|3082, 16745758|3132, 16745758|3170, 16796810|3218, 16799313|3285, 16799313|3665, 16799550|3729, 16799639|3929, 16799759|3965, 16804392|4034, http://www.qq.com, 
16835490|1, 16835490|1727, 16835623|1751, 16835623|2625, 16835735|2678, 16839706|2710, 16843961|2840, 16846184|3127, 16846184|3236, 16876493|3447, 16876493|3651, 16876694|3760, 16938910|3845, 16939126|4038, http://www.jd.com, 
17065174|1, 17065174|1736, 17065294|1761, 17065294|2496, 17073843|2824, 17074456|2956, 17074598|3078, 17074702|3104, 17076163|3174, 17076215|3204, 17076215|3425, 17076311|3467, 17076311|3560, 17076431|3588, 17087061|3630, 17087061|3702, 17087243|3749, 17087243|3791, 17087283|3814, 17087283|3909, 17100970|3939, 17100970|4010, http://www.amazon.com, 
17313189|1, 17313189|1760, 17313361|1802, 17313361|2586, 17313473|2645, 17317496|2673, 17322216|2945, 17322216|3080, 17322462|3121, 17324190|3151, 17324190|3191, 17324242|3270, 17324242|3324, 17324362|3352, 17324362|3374, 17330742|3398, 17330742|3447, 17331041|3470, 17331482|3494, 17331534|3527, 17331534|3768, 17338609|3797, 17338669|3903, 17342403|3933, 17342697|3961, 17348948|4035, http://www.linkedin.com, 
17403249|1, 17403249|1749, 17403392|1780, 17403392|2654, 17407475|2757, 17407527|2863, 17412321|3026, 17412373|3067, 17414011|3144, 17414063|3199, 17414063|3516, 17414204|3606, 17414308|4002, http://www.sohu.com, 
17643798|1, 17643798|2556, 17643858|2638, 17652084|2829, 17652601|2942, 17654295|3027, 17654295|3071, 17654347|3112, 17654347|3312, 17654467|3400, 17654467|3436, 17660899|3486, 17661497|3527, 17661691|3552, 17661691|3845, 17668681|3873, 17668681|4007, http://www.linkedin.com, 
17721032|1, 17721032|2606, 17721092|2736, 17730005|3016, 17731984|3220, 17731984|3501, 17741292|3609, 17741580|3638, 17741580|3751, 17744927|3835, 17749633|3994, 17749633|4142, http://www.instagram.com, 
17805576|1, 17805576|1799, 17805692|1824, 17805692|2581, 17814547|3032, 17816124|3077, 17816124|3296, 17816683|3332, 17817416|3518, 17817582|3560, 17817702|3610, 17818391|3648, 17818443|3673, 17826323|3800, 17840891|3834, 17844320|4160, http://www.imgur.com, 
17867467|1, 17867467|1844, 17867588|1865, 17867588|2549, 17872300|3075, 17878953|3157, 17879005|3191, 17879005|3236, 17879667|3291, 17879667|3432, 17879783|3462, 17879783|3508, 17879887|3533, 17879887|3581, 17880543|3621, 17880543|3695, 17880647|3736, 17880727|3815, 17880727|3964, 17884311|3990, 17884311|4016, http://www.taobao.com, 
17902456|1, 17902456|101, 17902576|124, 17902576|150, 17902628|174, 17907274|206, 17907274|244, 17911146|271, 17911146|616, 17911198|642, 17915844|682, 17916126|722, 17916126|751, 17916166|776, 17916365|805, 17916365|989, 17916417|1016, 17916417|1041, 17921063|1103, 17921345|1149, 17921345|1180, 17921385|1205, 17921584|1230, 17921584|1682, 17921735|1707, 17921735|2479, 17921851|2513, 17921851|2549, 17921911|2601, 17926166|2780, 17926166|2891, 17931220|2947, 17931737|3030, 17931983|3122, 17933410|3163, 17933462|3194, 17933462|3530, 17987017|3585, 17987017|3613, 17987217|3967, 17988099|4092, http://www.qq.com, 
18004597|1, 18004597|2142, 18004779|2164, 18004779|2669, 18008914|2892, 18013828|3063, 18015358|3111, 18015358|3145, 18015410|3177, 18015410|3259, 18015462|3318, 18015462|4001, http://www.sina.com.cn, 
18211455|1, 18211455|1751, 18211596|1776, 18211596|2562, 18211693|2595, 18211693|2672, 18211753|2708, 18215776|2766, 18222383|3094, 18222383|3136, 18222435|3167, 18222435|3395, 18224288|3524, 18224288|3553, 18224511|3585, 18224511|3665, 18224631|3708, 18224631|3802, 18236631|3867, 18236631|3946, 18236803|3981, 18236803|4007, http://www.live.com, 
18256046|1, 18256046|2498, 18256123|2622, 18256183|2660, 18265397|3006, 18266921|3090, 18266973|3115, 18266973|3278, 18267025|3340, 18267719|3390, 18267719|3422, 18267771|3453, 18268827|3484, 18268827|3641, 18268947|3699, 18268947|3760, 18280947|3800, 18280947|3856, 18281033|3920, 18281119|3942, 18281119|4008, http://www.live.com, 
18298560|1, 18298560|1737, 18298662|1769, 18298662|2575, 18298873|2605, 18298933|2636, 18300455|2845, 18309895|3011, 18309947|3102, 18309947|3556, 18310903|3601, 18311019|3628, 18311019|3674, 18311935|3730, 18311935|3844, 18312055|3913, 18312055|4028, http://www.baidu.com, 
18515482|1, 18515482|1705, 18515633|1735, 18515633|2463, 18515844|2582, 18515844|2640, 18515904|2687, 18519979|2737, 18520159|2813, 18524699|2909, 18526583|3135, 18526635|3188, 18526635|3686, 18526695|3789, 18526695|3924, 18526755|3992, 18531440|4047, http://www.qq.com, 
18595129|1, 18595129|1722, 18595375|1749, 18595375|2542, 18604178|2986, 18604372|3033, 18605809|3095, 18605809|3118, 18605861|3194, 18605913|3290, 18607018|3363, 18607018|3411, 18607138|3447, 18614792|3517, 18614792|3540, 18614998|3589, 18614998|3702, 18615050|3733, 18615050|3868, 18617196|3934, 18617368|4005, http://www.netflix.com, 
18833306|1, 18833306|2657, 18842160|2896, 18842767|2943, 18842767|2974, 18845329|3058, 18845381|3152, 18845381|3660, 18845485|3740, 18845831|3796, 18846103|4143, http://www.360.cn, 
18874901|1, 18874901|1864, 18875020|1889, 18875020|2618, 18879103|2685, 18883807|2901, 18885553|3018, 18885605|3119, 18885605|3159, 18886250|3353, 18886250|3389, 18886302|3427, 18886354|3455, 18886354|3500, 18886474|3530, 18886474|4011, http://www.tmall.com, 
18917333|1, 18917333|1788, 18917453|1812, 18917453|2388, 18917513|2412, 18917513|2507, 18921189|2594, 18921189|2669, 18921249|2722, 18930020|3047, 18931623|3117, 18931623|3171, 18931675|3200, 18931675|3566, 18931771|3621, 18931771|3673, 18942521|3703, 18942521|3802, 18942612|3832, 18942703|3865, 18942703|3893, 18942743|3931, 18945743|4014, http://www.amazon.com, 
19279173|1, 19279173|2468, 19279384|2500, 19279384|2548, 19279444|2574, 19290327|2986, 19290327|3018, 19290379|3131, 19290379|3380, 19290475|3417, 19290475|3516, 19301225|3547, 19301225|3637, 19301407|3680, 19301407|3756, 19301447|3779, 19301447|3846, 19325373|3952, 19331977|3990, 19331977|4043, http://www.amazon.com, 
19429778|1, 19429778|2095, 19433973|2288, 19440628|2544, 19440628|2577, 19440680|2637, 19440680|2746, 19440800|2831, 19449774|2925, 19450195|2963, 19450195|3380, 19457939|3523, 19458515|3831, 19458575|4004, http://www.instagram.com, 
19588752|1, 19588752|2663, 19588812|3010, 19599369|3142, 19599421|3199, 19599421|3251, 19602731|3452, 19605921|3488, 19606519|3525, 19606713|3550, 19606765|3616, 19606765|3806, 19613905|3853, 19613965|3936, 19617647|3991, 19623651|4077, http://www.linkedin.com, 
19684892|1, 19684892|1312, 19685238|1335, 19685238|2387, 19689553|2915, 19695837|3017, 19695889|3221, 19695889|3251, 19696009|3283, 19696009|3313, 19702389|3344, 19702987|3396, 19703181|3433, 19703181|3462, 19703233|3488, 19703233|3754, 19710226|3802, 19710226|4186, http://www.linkedin.com, 
19762668|1, 19762668|2615, 19762728|2679, 19771575|3087, 19773416|3161, 19773468|3234, 19773468|3333, 19773814|3441, 19773898|3488, 19773898|3531, 19774018|3568, 19774018|3599, 19774499|3626, 19774499|3657, 19774585|3682, 19774585|3755, 19774705|3791, 19774705|3814, 19775273|3861, 19775273|3948, 19775393|3972, 19775393|4008, http://www.vk.com, 
19791913|1, 19791913|2642, 19796056|2789, 19800079|2829, 19800842|3061, 19802501|3140, 19802501|3285, 19802625|3587, 19807762|4067, http://www.360.cn, 
19836284|1, 19836284|318, 19836457|337, 19836630|364, 19836630|1214, 19836771|1239, 19836771|1975, 19836982|2055, 19841117|2200, 19845958|2507, 19847693|2560, 19847745|2596, 19847745|2687, 19848490|2737, 19848490|2818, 19849597|2856, 19849597|3034, 19849717|3061, 19849717|3148, 19861769|3191, 19861769|3298, 19861941|3323, 19861941|3446, 19862195|3478, 19862195|3580, 19868972|3629, 19869024|3987, 19869024|4033, http://www.live.com, 
19879894|1, 19879894|2650, 19884230|2772, 19889016|3007, 19890898|3145, 19890898|3663, 19891079|3714, 19891079|3969, 19891131|3992, 19891183|4021, http://www.sohu.com, 
19959217|1, 19959217|2689, 19959277|2727, 19963511|2877, 19967942|2919, 19973415|2998, 19973415|3420, 19995464|3569, 19996327|3605, 20000350|3649, 20024900|3769, 20024900|3825, 20030700|3869, 20034960|4113, http://www.facebook.com, 
20071996|1, 20071996|1254, 20072075|1282, 20072075|2196, 20072135|2236, 20081034|2553, 20082844|2610, 20082844|2653, 20082896|2682, 20082896|2720, 20083488|2805, 20112578|3058, 20114386|3105, 20153237|3209, 20155149|3343, 20155149|3723, 20155209|3761, 20155313|3785, 20160373|3834, 20160425|3860, 20162141|3899, 20162514|3934, 20164524|4011, http://www.wikipedia.org, 
20199951|1, 20199951|2062, 20200084|2089, 20200084|2582, 20200144|2637, 20204167|2697, 20210203|3051, 20210786|3153, 20210786|3272, 20241095|3378, 20241095|3941, 20241155|3971, 20241259|4002, http://www.jd.com, 
20280804|1, 20280804|2593, 20289194|2907, 20291573|3043, 20291625|3095, 20291625|3210, 20291971|3430, 20291971|3452, 20292031|3473, 20292091|3500, 20292091|3524, 20292195|3552, 20292624|3606, 20292624|3660, 20292744|3683, 20292796|3746, 20293260|3794, 20293260|3862, 20293380|3888, 20293380|3926, 20304240|3962, 20304240|4013, http://www.vk.com, 
20342919|1, 20342919|2487, 20343130|2594, 20347265|2705, 20347265|2776, 20351348|2858, 20351865|2914, 20351986|2984, 20353430|3057, 20353727|3133, 20353727|3481, 20353831|3720, 20360915|4138, http://www.sohu.com, 
20430277|1, 20430277|2515, 20456121|2956, 20456121|3139, 20457872|3231, 20457924|3311, 20470335|3480, 20493528|3601, 20506272|3703, 20506272|4293, http://www.facebook.com, 
20516902|1, 20516902|1740, 20517006|1770, 20517006|2626, 20517066|2665, 20522791|2864, 20525292|2995, 20527604|3118, 20527656|3157, 20527656|3188, 20528464|3290, 20528464|3334, 20528584|3447, 20528584|3474, 20532940|3500, 20543364|3559, 20544396|3584, 20544396|3611, 20544642|3671, 20544642|3753, 20545696|3785, 20555401|3904, 20575374|4010, http://www.yahoo.com, 
20842078|1, 20842078|1199, 20842194|1223, 20842194|1738, 20842392|1763, 20842432|1797, 20842432|2116, 20842492|2168, 20851287|2431, 20851533|2548, 20852983|2576, 20852983|2637, 20853035|2667, 20853035|2722, 20853594|2774, 20853594|2835, 20853717|2886, 20853837|2911, 20853837|2934, 20854564|3014, 20854616|3040, 20854736|3068, 20855425|3100, 20855597|3184, 20860683|3210, 20863357|3283, 20878141|3313, 20881914|3355, 21149093|4024, http://www.imgur.com, 
21187732|1, 21187732|1770, 21187834|1796, 21187834|2548, 21187894|2594, 21191917|2792, 21196621|2877, 21196741|2975, 21196935|3020, 21198460|3050, 21198460|3108, 21198512|3141, 21198512|3489, 21199475|3518, 21199475|3548, 21199591|3593, 21199591|3642, 21200514|3664, 21200514|3831, 21200634|3855, 21200634|4003, http://www.baidu.com, 
21426223|1, 21426223|1742, 21426374|1767, 21426374|2564, 21426434|2673, 21430457|2740, 21430637|2789, 21435298|3038, 21435298|3117, 21435544|3205, 21490974|3578, 21491094|3777, 21491288|4029, http://www.qq.com, 
21545112|1, 21545112|1840, 21545233|1861, 21545233|2512, 21545753|2591, 21545813|2623, 21549836|2686, 21549836|2777, 21554855|3053, 21556570|3087, 21556570|3111, 21556622|3134, 21556622|3288, 21557284|3328, 21557284|3444, 21557400|3474, 21557400|3504, 21558161|3623, 21558161|3651, 21558265|3679, 21558345|3704, 21558345|4009, http://www.taobao.com, 
21588223|1, 21588223|94, 21588303|124, 21588303|1705, 21588485|1745, 21588485|2498, 21592968|2782, 21597456|2885, 21599400|3054, 21599400|3190, 21608913|3503, 21738326|3780, 21738378|4044, http://www.sina.com.cn, 
21816881|1, 21816881|1771, 21816985|1795, 21816985|2619, 21821224|2817, 21826065|2971, 21826065|3007, 21826311|3046, 21827796|3105, 21827848|3132, 21827848|3186, 21828656|3345, 21828656|3368, 21828776|3395, 21828776|3422, 21843556|3477, 21843556|3501, 21844588|3538, 21844588|3564, 21844782|3590, 21844782|3709, 21848836|3748, 21850437|3812, 21850824|3897, 21892479|4010, http://www.yahoo.com, 
22104500|1, 22104500|1751, 22104641|1776, 22104641|2588, 22104815|2632, 22104815|2659, 22104875|2698, 22113153|2992, 22115284|3173, 22115284|3343, 22126146|3426, 22126734|3505, 22126734|3552, 22126786|3604, 22126786|3719, 22139213|3753, 22157449|3922, 22157997|4003, http://www.amazon.com, 
22282267|1, 22282267|1191, 22282378|1216, 22282378|2071, 22282542|2124, 22286565|2172, 22291285|2312, 22291406|2456, 22293344|2583, 22293396|2638, 22293396|2819, 22301915|2964, 22301915|3001, 22301967|3026, 22301967|4013, http://www.reddit.com, 
22340165|1, 22340165|1880, 22340284|1902, 22340284|2533, 22344578|2701, 22345207|2753, 22349230|2809, 22350045|2926, 22351700|3008, 22352046|3104, 22352046|3463, 22352691|3572, 22352795|3604, 22352795|3650, 22352915|3674, 22352915|4013, http://www.tmall.com, 
22378783|1, 22378783|1197, 22378904|1220, 22378904|2125, 22378964|2176, 22388058|2499, 22389883|2543, 22389935|2643, 22389935|2722, 22390597|2795, 22390597|2941, 22390713|3020, 22390817|3047, 22390817|3074, 22391565|3112, 22391669|3192, 22391749|3242, 22391749|3597, 22398918|3622, 22399240|3680, 22399562|3702, 22399789|3733, 22399789|3798, 22399829|3819, 22399829|4004, http://www.taobao.com, 
22429470|1, 22429470|2892, 22440310|3115, 22440362|3154, 22440362|3303, 22456070|3519, 22456070|3551, 22457102|3578, 22457296|3616, 22457296|3641, 22457348|3683, 22457348|3743, 22467444|3881, 22668604|4653, http://www.yahoo.com, 
22689274|1, 22689274|1805, 22689402|1830, 22689402|2019, 22689575|2053, 22689575|2580, 22689635|2609, 22691157|2783, 22691233|2897, 22698806|2989, 22699752|3034, 22709011|3178, 22709153|3205, 22710773|3247, 22710773|3288, 22710825|3408, 22722094|3470, 22723916|3561, 22746382|3613, 22747711|3641, 22748863|3671, 22749306|3697, 22759145|3855, 22759145|4034, http://www.facebook.com, 
22772218|1, 22772218|2646, 22780504|2848, 22781142|2979, 22782784|3101, 22782836|3142, 22782836|3389, 22782896|3428, 22782956|3452, 22791346|3545, 22791554|3572, 22792560|3599, 22792612|3692, 22792612|4082, http://www.wikipedia.org, 
22813963|1, 22813963|2663, 22830285|2846, 22831826|3050, 22833609|3164, 22833661|3196, 22833661|3393, 22833803|3437, 22834691|3470, 22834955|3502, 22836351|3532, 22836749|3567, 22858165|3597, 22909940|3654, 22920145|3717, 22923338|3790, 22924871|3820, 22924871|3843, 22926440|3889, 22926440|3965, 22926634|3997, 22926634|4019, http://www.google.com, 
22974454|1, 22974454|1098, 22974800|1123, 22974800|2599, 22974907|2629, 22975011|2660, 22975011|2696, 22979094|2753, 22979146|2780, 22992874|3052, 22992874|3182, 22994646|3252, 22994698|3309, 23076935|3761, 23086184|3894, 23086184|4003, http://www.google.com, 
23134649|1, 23134649|1834, 23134768|1854, 23134768|2594, 23134828|2617, 23138851|2643, 23143607|2850, 23143974|2980, 23145352|3060, 23145404|3123, 23145404|3341, 23146049|3439, 23146049|3473, 23146153|3500, 23146273|3536, 23146273|4013, http://www.tmall.com, 
23171105|1, 23171105|2611, 23181839|3219, 23181891|3247, 23181891|3293, 23182536|3351, 23182536|3445, 23182640|3478, 23182760|3513, 23182760|4019, http://www.tmall.com, 
23206879|1, 23207225|29, 23207225|2524, 23207285|2587, 23211308|2651, 23211360|2681, 23211360|2706, 23211420|2813, 23216080|2946, 23217571|3081, 23217571|3287, 23217917|3373, 23217917|3407, 23218037|3432, 23218037|3473, 23218141|3498, 23218570|3539, 23218570|3597, 23218690|3632, 23218690|3676, 23218742|3698, 23219206|3770, 23219206|3824, 23219326|3851, 23219326|3898, 23230186|3948, 23231048|4017, http://www.vk.com, 
23268748|1, 23268748|2649, 23294838|3137, 23295137|3195, 23301297|3339, 23314032|3413, 23315207|3471, 23337972|3533, 23350112|3818, 23350112|4141, http://www.facebook.com, 
23360731|1, 23360731|1794, 23360847|1819, 23360847|2672, 23369754|2943, 23371309|3041, 23371309|3096, 23371361|3123, 23371361|3250, 23377253|3462, 23377253|3508, 23377305|3569, 23377477|3610, 23377477|3633, 23378090|3659, 23378090|3744, 23378256|3781, 23378376|3806, 23378376|3827, 23379065|3850, 23379065|3875, 23379117|3897, 23379237|3924, 23379237|3947, 23386409|3971, 23386703|4008, http://www.imgur.com, 
23427800|1, 23427800|2544, 23427907|2642, 23432094|2731, 23432206|2834, 23437104|3033, 23437246|3117, 23438827|3201, 23438879|3238, 23438879|3285, 23443628|3407, 23453194|3484, 23453800|3566, 23453800|3632, 23457051|3670, 23457051|3787, 23461300|3828, 23461876|3961, 23461876|4019, http://www.instagram.com, 
23519425|1, 23519425|1818, 23519558|1872, 23519558|2614, 23523693|2857, 23528413|3035, 23528659|3065, 23530184|3200, 23530184|3365, 23534757|3427, 23535771|3515, 23535771|3594, 23535823|3789, 23535823|4014, http://www.jd.com, 
23574400|1, 23574400|2600, 23582566|2836, 23583187|3013, 23585007|3130, 23585119|3178, 23589197|3227, 23590211|3296, 23590211|3329, 23590263|3400, 23590263|3598, 23590367|3651, 23590367|3886, 23590419|3909, 23590459|3987, 23597451|4047, http://www.sohu.com, 
23633474|1, 23633474|2615, 23642502|2990, 23644262|3054, 23644262|3079, 23644314|3099, 23644314|3159, 23644478|3241, 23644598|3323, 23653077|3382, 23654074|3472, 23655544|3525, 23658100|3563, 23658591|3608, 23667125|3800, 23667125|4084, http://www.instagram.com, 
23729147|1, 23729147|2586, 23729207|2621, 23738002|2948, 23739739|3053, 23739791|3114, 23770161|3163, 23774239|3201, 23774730|3235, 23775343|3390, 23775447|3622, 23775447|3667, 23775640|3740, 23776178|3822, 23802796|4031, http://www.jd.com, 
23857143|1, 23857143|1796, 23857259|1819, 23857259|2711, 23861342|2776, 23866166|3071, 23868312|3111, 23868364|3140, 23868364|3270, 23874898|3517, 23875064|3545, 23875236|3612, 23875925|3667, 23875977|3692, 23876097|3716, 23876097|3738, 23883563|3783, 23883857|3811, 23898641|3846, 23901854|4002, http://www.imgur.com, 
23929784|1, 23929784|1729, 23929927|1755, 23929927|2563, 23930031|2602, 23930031|2649, 23930091|2676, 23934114|2718, 23934691|2930, 23941331|3097, 23941487|3174, 23941487|3261, 23941547|3313, 23947074|3568, 23947074|3679, 23947178|3812, 23947178|4006, http://www.sohu.com, 
24072305|1, 24072305|2644, 24080523|2902, 24081523|3052, 24082956|3109, 24083008|3152, 24083008|3179, 24083068|3232, 24083172|3265, 24087198|3296, 24087689|3356, 24088212|3389, 24088332|3413, 24088384|3476, 24088384|3527, 24088436|3561, 24097860|3698, 24097860|3766, 24101265|3936, 24105971|4228, http://www.instagram.com, 
24149952|1, 24149952|2507, 24154207|2746, 24158807|2874, 24160765|3079, 24160765|3121, 24160825|3187, 24160929|3220, 24165446|3325, 24166059|3367, 24174777|3528, 24174777|3555, 24175783|3584, 24175835|4120, http://www.wikipedia.org, 
24187717|1, 24187717|2598, 24196693|2943, 24198597|3088, 24198709|3147, 24204011|3330, 24212141|3362, 24212401|3394, 24212661|3430, 24213667|4045, http://www.wikipedia.org, 
24224637|1, 24224637|1311, 24224778|1339, 24224778|2191, 24224838|2227, 24228965|2312, 24228965|2346, 24235524|2669, 24235584|2761, 24251680|2937, 24252320|3045, 24252372|3068, 24252372|3321, 24284004|3425, 24284004|3453, 24308368|3605, 24314091|3843, 24319715|3989, 24321852|4094, http://www.amazon.com, 
24913979|1, 24913979|1731, 24914083|1755, 24914083|2562, 24914603|2660, 24923458|3066, 24923704|3106, 24924973|3139, 24925033|3171, 24925085|3199, 24929163|3224, 24931075|3345, 24931127|3414, 24931127|3443, 24931247|3474, 24945975|3558, 24946491|3593, 24947149|3625, 24947201|3650, 24947201|3672, 24947253|3698, 24947253|3776, 24951363|3825, 24963848|3961, 24995270|4225, http://www.yahoo.com, 
25174988|1, 25174988|1726, 25175170|1750, 25175170|2652, 25179485|2762, 25183508|2881, 25184146|2960, 25184146|2999, 25184340|3046, 25185989|3078, 25185989|3125, 25186041|3153, 25186041|3256, 25219764|3300, 25329260|3415, 25329731|3442, 25329731|3466, 25329783|3500, 25329783|3567, 25330340|3634, 25330340|3810, 25330392|3850, 25330392|4010, http://www.sina.com.cn, 
25397243|1, 25397243|2514, 25397359|2628, 25401494|2721, 25406146|2956, 25406392|3029, 25408260|3064, 25408260|3095, 25408312|3126, 25408312|3193, 25408372|3220, 25412450|3251, 25412941|3322, 25413585|3390, 25413585|3411, 25413637|3435, 25413637|3629, 25413741|3655, 25413741|3874, 25413793|3896, 25413793|3918, 25417309|3941, 25420865|3969, 25420865|4026, http://www.sohu.com, 
25475908|1, 25475908|1872, 25476029|1898, 25476029|2738, 25476435|2775, 25480510|2863, 25480510|2915, 25484749|3027, 25485512|3188, 25487096|3235, 25487096|3277, 25487148|3300, 25487148|3425, 25492439|3594, 25493078|3657, 25493234|3692, 25493234|3719, 25493890|3769, 25493890|3815, 25493994|3843, 25494074|3892, 25494074|4040, http://www.taobao.com, 
25520149|1, 25520149|2547, 25520323|2601, 25520383|2630, 25524406|2680, 25524570|2839, 25529110|3039, 25529110|3082, 25530755|3167, 25530807|3252, 25530807|3282, 25535659|3417, 25536725|3488, 25537433|3515, 25537433|3551, 25537537|3598, 25537617|3625, 25537617|4005, http://www.taobao.com, 
25603138|1, 25603138|1706, 25603384|1737, 25603384|2612, 25607803|2787, 25612412|3029, 25614078|3117, 25614078|3171, 25614138|3231, 25618759|3305, 25619282|3342, 25620423|3463, 25620423|3515, 25620543|3546, 25620543|3568, 25628197|3613, 25628197|3636, 25628403|3671, 25628403|3778, 25628455|3811, 25628455|4003, http://www.netflix.com, 
25744979|1, 25744979|1448, 25745325|1468, 25745325|1690, 25745436|1723, 25745436|2484, 25745707|2569, 25749730|2611, 25749962|2742, 25753985|2778, 25754502|2822, 25756345|3064, 25756345|3199, 25756509|3255, 25770028|3443, 25770331|3482, 25770331|3510, 25770383|3549, 25770383|3654, 25785167|3777, 25791587|3854, 25791587|4155, http://www.reddit.com, 
25802384|1, 25802384|1759, 25802535|1795, 25802535|2645, 25802595|2675, 25813000|3029, 25813000|3085, 25813052|3114, 25813052|3237, 25871868|3548, 25871868|3692, 25871920|3764, 25871920|3876, 25872248|3914, 25872248|4014, http://www.qq.com, 
25908438|1, 25908438|2481, 25917346|3101, 25919254|3166, 25923392|3235, 25923392|3287, 25923883|3366, 25924406|3413, 25924406|3506, 25924458|3566, 25924458|3640, 25924562|3665, 25924562|3928, 25928170|3957, 25931686|4023, http://www.sohu.com, 
25971801|1, 25972147|35, 25972147|1699, 25972329|1802, 25972329|2542, 25972389|2609, 25976412|2659, 25981649|2893, 25983609|3006, 25983661|3098, 25983661|3208, 25983721|3242, 26128825|3475, 26128877|3617, 26129197|3932, 26129679|3960, 26129679|4001, http://www.sina.com.cn, 
26181905|1, 26181945|28, 26181945|2041, 26182017|2067, 26182017|2623, 26190752|2977, 26190946|3007, 26192831|3053, 26192831|3097, 26192883|3121, 26192883|3172, 26192943|3207, 26197512|3299, 26198125|3454, 26198281|3737, 26203162|4040, http://www.360.cn, 
26226293|1, 26226293|2701, 26226405|2741, 26235028|2944, 26235649|3156, 26237424|3213, 26237424|3372, 26242053|3682, 26242666|3712, 26242862|3972, 26252599|4485, http://www.360.cn, 
26270569|1, 26270569|2139, 26270702|2163, 26270702|2537, 26270913|2627, 26270913|2663, 26280014|3067, 26281619|3131, 26281679|3156, 26316609|3267, 26317184|3454, 26317184|4024, http://www.jd.com, 
26367362|1, 26367362|1330, 26367503|1353, 26367503|1753, 26367749|1789, 26367749|2704, 26367809|2734, 26376604|2972, 26376725|3034, 26378596|3100, 26378596|3139, 26378648|3173, 26378648|3376, 26378708|3417, 26384945|3582, 26384945|3606, 26385065|3631, 26385117|3656, 26385117|3688, 26392779|3716, 26392779|3738, 26392882|3821, 26396661|3847, 26396661|3925, 26396713|3946, 26396713|4018, http://www.netflix.com, 
26489117|1, 26489117|1710, 26489258|1744, 26489258|1851, 26489318|1877, 26489318|1974, 26492994|2010, 26492994|2601, 26493054|2628, 26497077|2678, 26503441|3093, 26503441|3119, 26503493|3145, 26503493|3170, 26503553|3209, 26508920|3337, 26510551|3398, 26510603|3430, 26510826|3457, 26510826|3541, 26510886|3570, 26510946|3614, 26510946|3649, 26522946|3722, 26522946|3797, 26523032|3818, 26523118|3900, 26523118|4006, http://www.live.com, 
26542483|1, 26542483|1740, 26542562|1815, 26542562|2643, 26551417|2899, 26553314|3018, 26553366|3094, 26553366|3225, 26558465|3404, 26568247|3509, 26569304|3592, 26569304|4030, http://www.wikipedia.org, 
26579720|1, 26579720|2641, 26604640|2882, 26605216|2911, 26605866|2943, 26605866|3234, 26607873|3345, 26608037|3385, 26624792|3552, 26625527|3582, 26625970|3621, 26661219|3757, 26661219|4007, http://www.facebook.com, 
26671907|1, 26671907|2663, 26675990|2724, 26676042|2759, 26688310|2918, 26688504|3041, 26690096|3071, 26690096|3106, 26691148|3150, 26691660|3192, 26691660|3331, 26691751|3373, 26691811|3399, 26696915|3464, 26697406|3495, 26697994|3524, 26699831|3556, 26722844|3592, 26767249|3645, 26780754|3672, 26781778|3712, 26784213|3763, 26787921|3805, 26788434|3830, 26788434|3953, 26788628|3986, 26788628|4006, http://www.google.com, 
26837591|1, 26837591|1796, 26837693|1825, 26837693|2563, 26837800|2613, 26837904|2661, 26837904|2763, 26837964|2813, 26842099|2990, 26846759|3176, 26848468|3261, 26848580|3309, 26853672|3519, 26853724|3546, 26853724|3592, 26853764|3615, 26854658|3641, 26854658|3666, 26854774|3695, 26854774|3899, 26855668|3924, 26855668|3948, 26855788|3972, 26855788|4015, http://www.baidu.com, 
27012905|1, 27012905|2661, 27013025|3002, 27013077|3031, 27017048|3067, 27017685|3163, 27022950|3222, 27024195|3264, 27024389|3310, 27024770|3348, 27024770|3380, 27024822|3403, 27024822|3448, 27024862|3471, 27024862|3688, 27064107|3760, 27064107|3859, 27064251|3906, 27065254|3944, 27090253|4053, http://www.baidu.com, 
27398297|1, 27398297|2581, 27398357|2620, 27402612|2748, 27408974|3003, 27409026|3059, 27409026|3087, 27409086|3113, 27409138|3143, 27413655|3237, 27413918|3295, 27414299|3327, 27414419|3367, 27422653|3395, 27422653|3420, 27423069|3447, 27424074|3493, 27424074|3557, 27424126|3601, 27424126|4109, http://www.wikipedia.org, 
27434030|1, 27434030|1808, 27434181|1854, 27434181|2657, 27434241|2683, 27438496|2800, 27442519|2870, 27444740|3118, 27444740|3169, 27444852|3206, 27449300|3257, 27503189|3302, 27503660|3504, 27503897|3671, 27503897|3843, 27503949|3884, 27503949|3955, 27504001|3978, 27504001|4011, http://www.qq.com, 
27537393|1, 27537393|2610, 27537453|2707, 27557366|3088, 27557418|3113, 27557418|3190, 27557478|3214, 27557530|3244, 27561556|3275, 27562047|3324, 27564124|3408, 27565429|3444, 27644854|3534, 27647959|3633, 27653077|3694, 27654103|3718, 27654103|3829, 27654297|3873, 27654297|3897, 27654349|3924, 27673647|3952, 27688948|4070, http://www.google.com, 
27701265|1, 27701265|2605, 27701476|2689, 27705559|2899, 27710509|3066, 27712112|3097, 27712112|3133, 27712164|3160, 27712164|3310, 27712938|3397, 27717559|3451, 27717559|3480, 27718828|3506, 27718828|3553, 27718880|3577, 27718984|3604, 27719024|3629, 27719064|3651, 27719064|4017, http://www.taobao.com, 
27744736|1, 27744736|86, 27744776|112, 27744776|1778, 27744887|1804, 27744887|2683, 27753225|2864, 27753742|2957, 27755738|3151, 27755798|3206, 27755850|3231, 27760367|3286, 27760367|3306, 27760890|3405, 27761010|3432, 27761010|3453, 27768590|3488, 27769210|3513, 27769461|3576, 27769461|3600, 27769513|3628, 27769513|3758, 27790978|3854, 27790978|4036, http://www.reddit.com, 
27800800|1, 27800800|1731, 27800972|1760, 27800972|2563, 27801032|2631, 27809827|2921, 27809827|2987, 27811375|3064, 27811375|3124, 27811487|3154, 27815617|3181, 27816108|3218, 27816631|3370, 27816803|3408, 27823585|3483, 27823975|3509, 27823975|3555, 27824027|3578, 27824027|3848, 27830964|3879, 27830964|4027, http://www.linkedin.com, 
27884313|1, 27884313|1765, 27884495|1788, 27884495|2637, 27884555|2760, 27884555|3021, 27889275|3114, 27890900|3144, 27890900|3185, 27890952|3218, 28035649|3616, 28035649|3896, 28035701|3982, 28035701|4009, http://www.sina.com.cn, 
28110177|1, 28110177|1756, 28110318|1779, 28110318|2630, 28110378|2686, 28119225|2887, 28120700|3018, 28120752|3063, 28120752|3247, 28120812|3280, 28127757|3462, 28127809|3491, 28127809|3563, 28127929|3592, 28127929|3676, 28127981|3698, 28139981|3723, 28139981|3788, 28140067|3818, 28140153|3840, 28140153|3973, 28140407|3997, 28140407|4039, http://www.live.com, 
28157525|1, 28157525|1804, 28157613|1834, 28157613|2652, 28157673|2689, 28162639|3014, 28164072|3100, 28164124|3126, 28164184|3152, 28164288|3177, 28168314|3218, 28169151|3295, 28169674|3324, 28169674|3360, 28169794|3388, 28169846|3413, 28169846|3435, 28170327|3460, 28170327|3484, 28170413|3510, 28170413|3578, 28170533|3601, 28170533|3668, 28171049|3707, 28171049|3791, 28171169|3814, 28171169|3857, 28182081|3887, 28182081|3955, 28182943|3977, 28183137|3999, 28183137|4019, http://www.vk.com, 
28220196|1, 28220196|1694, 28220270|1720, 28220270|2553, 28221059|2612, 28221136|2640, 28229991|2887, 28229991|2975, 28231458|3027, 28231510|3098, 28231510|3222, 28231570|3252, 28235648|3294, 28236191|3398, 28237408|3429, 28238516|3458, 28238516|3485, 28238739|3525, 28238739|3641, 28238859|3663, 28238859|3785, 28243359|3809, 28243359|3901, 28243445|3922, 28243445|4014, http://www.live.com, 
28268313|1, 28268313|2496, 28268429|2573, 28268429|2616, 28273201|2787, 28279619|3013, 28279671|3056, 28279671|3159, 28279731|3183, 28279731|3206, 28284300|3267, 28284943|3449, 28291323|3481, 28291323|3507, 28291921|3553, 28292115|3577, 28292115|3925, 28299052|3999, 28299052|4042, http://www.linkedin.com, 
28352611|1, 28352611|1758, 28352722|1781, 28352722|2769, 28357502|3023, 28357502|3085, 28357748|3111, 28359329|3138, 28359329|3162, 28359441|3265, 28363571|3352, 28364138|3388, 28364573|3420, 28372430|3480, 28373353|3536, 28373353|3561, 28373405|3583, 28373405|3736, 28394984|3818, 28394984|4289, http://www.reddit.com, 
28405042|1, 28405042|1628, 28405388|1656, 28405388|2581, 28405448|2610, 28409635|2716, 28409687|2742, 28413658|2967, 28416049|3054, 28416049|3081, 28416101|3104, 28416101|3153, 28416161|3188, 28420291|3363, 28421794|3917, 28421794|4002, http://www.360.cn, 
28457716|1, 28457716|1784, 28457818|1814, 28457818|2504, 28457992|2600, 28458052|2636, 28467244|2910, 28469182|3099, 28469234|3145, 28469234|3178, 28469294|3218, 28473863|3322, 28474507|3389, 28474507|3412, 28474559|3435, 28474599|3462, 28474599|3666, 28510931|3696, 28512431|3887, 28539885|4254, http://www.baidu.com, 
28738688|1, 28738688|2634, 28738748|2694, 28742823|2740, 28747543|2952, 28747664|3023, 28747910|3071, 28747910|3102, 28749129|3125, 28749227|3150, 28749227|3195, 28749279|3237, 28749279|3269, 28749391|3325, 28753908|3375, 28754028|3404, 28759891|3432, 28762405|3459, 28762665|3482, 28762873|3508, 28763878|3586, 28763930|3650, 28763930|4032, http://www.wikipedia.org, 
28814024|1, 28814024|471, 28814370|496, 28814370|2116, 28814503|2148, 28814503|2506, 28814610|2547, 28814774|2628, 28818797|2951, 28825429|3048, 28825481|3079, 28825481|3175, 28825541|3213, 28825978|3242, 28831701|3536, 28831701|4028, http://www.jd.com, 
28870324|1, 28870324|2445, 28870384|2570, 28886698|2797, 28890127|2996, 28890179|3043, 28890179|3128, 28894317|3213, 28896398|3286, 28896926|3360, 28903041|3396, 28940629|3423, 28978212|3463, 28985139|3624, 28987191|3650, 28987191|3772, 28987385|3803, 28987385|3829, 28987437|3851, 28987710|3871, 29021986|3929, 29022038|3995, 29022038|4020, http://www.google.com, 
29074701|1, 29074701|1717, 29074947|1744, 29074947|2546, 29075007|2604, 29079030|2655, 29079082|2751, 29083285|2834, 29083923|3050, 29085643|3121, 29085643|3150, 29085703|3174, 29085703|3198, 29089833|3226, 29090324|3264, 29090518|3301, 29090989|3334, 29091041|3378, 29092196|3445, 29092196|3520, 29092316|3543, 29092316|3567, 29092368|3589, 29099918|3636, 29100124|3674, 29100124|3818, 29100176|3840, 29100176|4006, http://www.netflix.com, 
29192454|1, 29192454|2589, 29200844|2830, 29201361|2927, 29203253|3106, 29203305|3165, 29203305|3243, 29203417|3315, 29207986|3352, 29209269|3379, 29209740|3484, 29209860|3506, 29209860|3526, 29211464|3552, 29217462|3579, 29217462|3606, 29217668|3636, 29217668|3782, 29217720|3804, 29217720|4018, http://www.netflix.com, 
29337078|1, 29337078|2680, 29341213|2795, 29341393|3002, 29341393|3533, 29341453|3566, 29341505|3590, 29345591|3614, 29347552|3640, 29350053|3675, 29350307|3711, 29355360|3738, 29355360|3761, 29355866|3820, 29358656|3849, 29358760|3991, 29358760|4044, http://www.wikipedia.org, 
29375176|1, 29375176|2615, 29375236|2648, 29383514|2821, 29385835|3018, 29385887|3056, 29385887|3193, 29421401|3410, 29421401|3460, 29421890|3486, 29421890|3777, 29422033|3821, 29422085|3853, 29422085|4008, http://www.jd.com, 
29474582|1, 29474582|1746, 29474828|1771, 29474828|2542, 29475039|2620, 29475039|2654, 29475099|2714, 29484140|3078, 29485756|3134, 29485756|3232, 29485868|3296, 29489946|3344, 29490437|3370, 29491050|3411, 29491050|3440, 29491102|3467, 29492207|3498, 29492207|3591, 29492327|3630, 29496128|3656, 29499929|3681, 29499929|3714, 29500032|3740, 29500135|3765, 29500135|3883, 29500187|3904, 29500187|4009, http://www.netflix.com, 
29579782|1, 29579782|2721, 29579954|2869, 29584735|3063, 29584981|3132, 29586416|3170, 29586416|3189, 29586468|3216, 29586468|3281, 29586528|3333, 29592773|3474, 29592773|3521, 29592885|3549, 29592885|3578, 29596738|3618, 29596738|3644, 29596841|3670, 29596841|3756, 29596901|3807, 29596953|3836, 29597202|3859, 29597202|3928, 29597254|3957, 29597254|4002, http://www.netflix.com, 
29675958|1, 29675958|1739, 29676069|1770, 29676069|2651, 29676129|2685, 29686848|3074, 29686848|3217, 29686908|3256, 29700010|3487, 29700010|3513, 29700571|3537, 29700571|3582, 29700623|3605, 29700623|3728, 29702123|3756, 29716907|3786, 29722126|3848, 29722126|4289, http://www.reddit.com, 
29772223|1, 29772223|1708, 29772364|1746, 29772364|2652, 29773946|2709, 29776679|2797, 29781219|2914, 29781534|2971, 29781586|3014, 29783090|3110, 29783090|3131, 29783142|3157, 29783142|3186, 29783202|3210, 29783202|3246, 29788414|3370, 29799208|3422, 29799796|3445, 29799796|3518, 29799848|3545, 29799848|3693, 29815229|3788, 29831536|3878, 29861121|4257, http://www.amazon.com, 
29952718|1, 29952718|1792, 29952837|1817, 29952837|2692, 29959663|3104, 29959715|3145, 29959715|3173, 29959775|3203, 29963905|3261, 29965235|3312, 29965616|3403, 29965720|3434, 29965800|3468, 29965800|4012, http://www.tmall.com, 
29988277|1, 29988277|2618, 29988337|2641, 29992412|2697, 29992644|2781, 30004651|2816, 30006313|2978, 30008028|3098, 30008080|3127, 30008080|3187, 30008171|3222, 30008231|3258, 30013770|3365, 30014024|3408, 30014076|3444, 30014604|3473, 30014664|3498, 30015797|3526, 30020822|3550, 30095285|3581, 30096308|3636, 30097451|3674, 30098986|3698, 30103609|3815, 30104655|3844, 30104849|4007, http://www.google.com, 
30152605|1, 30152605|1822, 30152724|1845, 30152724|2461, 30152935|2589, 30152995|2624, 30157018|2663, 30157018|2699, 30161774|2963, 30162020|3001, 30163559|3042, 30163559|3070, 30163611|3095, 30163611|3185, 30163671|3214, 30169027|3393, 30169604|3417, 30169644|3443, 30169644|4009, http://www.tmall.com, 
30231650|1, 30231650|121, 30231690|144, 30231690|2575, 30231750|2668, 30241623|2775, 30249851|2998, 30251676|3150, 30255702|3195, 30256387|3249, 30256716|3298, 30258386|3406, 30259458|3435, 30259579|3460, 30268869|3483, 30335058|3525, 30340680|3606, 30342739|3654, 30346320|3701, 30348372|3740, 30348372|3873, 30348566|3896, 30348566|3919, 30348618|3946, 30370712|4004, http://www.google.com, 
30436063|1, 30436063|2597, 30436123|2681, 30440258|2816, 30448445|2890, 30453926|3048, 30454765|3129, 30455696|3174, 30455748|3199, 30455748|3265, 30455808|3292, 30455860|3317, 30463763|3526, 30469143|3568, 30544211|3627, 30545237|3652, 30546892|3697, 30550986|3818, 30550986|3907, 30552555|3932, 30552749|3968, 30552801|3994, 30552801|4012, http://www.google.com, 
30601924|1, 30601924|2594, 30601984|2660, 30627223|2934, 30627792|3097, 30629544|3131, 30629544|3182, 30629596|3218, 30629656|3244, 30633734|3285, 30634225|3406, 30648229|3541, 30681022|3608, 30681908|3633, 30682351|3661, 30682927|3685, 30691705|4061, http://www.facebook.com, 
30701737|1, 30701737|2694, 30701797|2721, 30701901|2754, 30705924|2851, 30727587|3007, 30729474|3258, 30729534|3316, 30729690|3341, 30733716|3377, 30734207|3439, 30746786|3556, 30747229|3583, 30748248|3611, 30755876|3637, 30770996|3670, 30782775|3730, 30783218|3895, 30783218|4202, http://www.facebook.com, 
30792618|1, 30792618|1806, 30792729|1834, 30792729|2603, 30796864|2708, 30797044|2768, 30797096|2806, 30801067|2867, 30801584|2894, 30801705|2943, 30801899|2971, 30801951|3004, 30803494|3042, 30803494|3081, 30803546|3169, 30803546|3314, 30803606|3348, 30807684|3372, 30808175|3417, 30808175|3451, 30808698|3487, 30808818|3511, 30808818|3536, 30816398|3583, 30817018|3607, 30817321|3631, 30817321|3674, 30817373|3715, 30817373|3834, 30818873|3877, 30838670|3940, 30838670|4077, http://www.reddit.com, 
30848942|1, 30848942|1763, 30849058|1794, 30849058|2589, 30849269|2642, 30849329|2668, 30853352|2713, 30858176|2907, 30858887|2950, 30860548|3155, 30860548|3208, 30861167|3264, 30865982|3390, 30866431|3430, 30867044|3458, 30867210|3482, 30867262|3509, 30867382|3533, 30867382|3555, 30868071|3579, 30868071|3604, 30868123|3632, 30868243|3657, 30875415|3686, 30875415|3713, 30876003|3739, 30894000|3816, 30894174|3945, 30921334|4338, http://www.imgur.com, 
30984077|1, 30984077|2572, 30984137|2609, 30988444|2818, 30993351|2916, 30994937|3037, 30994937|3166, 30994997|3202, 30999179|3236, 31000371|3323, 31000842|3359, 31000962|3390, 31001575|3414, 31001575|3463, 31002436|3526, 31002436|3579, 31002488|3605, 31002608|3630, 31009780|3654, 31009780|3681, 31010368|3715, 31010368|3741, 31028365|3794, 31028365|4298, http://www.imgur.com, 
31076218|1, 31076218|169, 31076270|190, 31076270|279, 31076353|304, 31076353|1757, 31076469|1781, 31076469|2601, 31084859|2872, 31085622|3007, 31086968|3052, 31086968|3084, 31087020|3109, 31087020|3135, 31087193|3157, 31087366|3180, 31087366|3287, 31087985|3331, 31092554|3423, 31092606|3461, 31093197|3491, 31093197|3519, 31093862|3553, 31093862|3579, 31094028|3607, 31094028|3630, 31094837|3685, 31094837|3726, 31094889|3749, 31095009|3779, 31095009|3804, 31102181|3839, 31102769|3887, 31121327|3919, 31121327|4407, http://www.imgur.com, 
