44|1, 25|458, 25|487, 17|522, 17|586, 18|611, 18|662, 19|713, 20|740, 20|766, 18|797, 23|970, 23|1015, 29|1249, 32|1288, 32|1310, 31|1335, 32|1367, 31|1405, 30|1437, 30|1456, 31|1474, 32|1495, 30|1518, 31|1541, 32|1568, 31|1594, 32|1621, 29|1643, 27|1663, 26|1691, 27|1719, 28|1758, 28|1805, 30|1830, 32|1855, 33|1899, 31|1984, 35|2030, 35|2050, 39|2082, 39|2117, 43|2151, 27|2190, 29|2248, 25|2267, 21|2323, 19|2369, 21|2397, 20|2427, 21|2459, 21|2552, 22|2606, 22|2724, 25|2754, 38|2800, 26|2826, 26|2864, 28|2895, 26|2928, 23|2959, 23|3003, 24|3024, 20|3047, 20|3177, 17|3200, 17|3251, 18|3275, 19|3294, 17|3316, 17|3343, 19|3365, 18|3384, 17|3405, 18|3434, 18|3451, 16|3470, 17|3497, 17|3521, 16|3538, 16|3556, 14|3585, 14|3685, 13|3703, 13|3725, 12|3743, 12|3899, 11|3916, 11|4016, http://www.linkedin.com, 
11|1, 11|515, 12|540, 12|778, 13|800, 13|827, 11|849, 11|2330, 12|2372, 12|2406, 17|2731, 17|2973, 15|3068, 15|3103, 16|3135, 17|3162, 19|3199, 19|3222, 17|3255, 17|3423, 14|3443, 14|3461, 12|3478, 12|3557, 13|3577, 16|3609, 17|4126, http://www.linkedin.com, 
10|1, 10|2478, 11|2564, 13|2730, 16|2963, 16|3118, 14|3239, 14|3358, 15|3382, 16|3419, 16|3442, 17|3467, 17|3494, 16|3520, 13|3554, 13|3647, 14|3721, 19|3781, 24|3807, 24|3830, 31|3856, 40|4059, http://www.yahoo.com, 
10|1, 10|1958, 11|2017, 11|2095, 16|2404, 16|2620, 12|2673, 13|2803, 14|2829, 14|2879, 13|2910, 13|3092, 12|3110, 14|3140, 14|3203, 16|3230, 16|3414, 15|3438, 15|3567, 18|3616, 19|3675, 21|3741, 26|3771, 21|3814, 19|3880, 19|3905, 13|3990, 13|4027, http://www.live.com, 
10|1, 10|2471, 11|2553, 13|2679, 16|3008, 16|3193, 12|3241, 12|3466, 14|3513, 14|3693, 15|3777, 15|3802, 14|3824, 14|4026, http://www.360.cn, 
12|1, 12|256, 11|283, 11|2525, 12|2605, 12|2635, 21|2922, 19|3117, 19|3226, 18|3282, 37|3560, 35|3588, 35|3643, 31|3722, 31|3743, 28|3864, 28|4041, http://www.facebook.com, 
14|1, 14|2504, 15|2602, 16|2717, 18|2831, 20|3008, 20|3145, 26|3212, 36|3377, 16|3471, 18|3568, 18|3649, 17|3712, 18|3750, 18|3776, 19|3801, 20|3827, 21|3905, 21|3933, 22|3957, 22|4003, http://www.qq.com, 
15|1, 15|2490, 16|2550, 19|2781, 21|3014, 21|3065, 17|3321, 18|3380, 18|3626, 16|3923, 17|3950, 17|4013, http://www.qq.com, 
15|1, 15|2435, 16|2490, 16|2548, 19|2716, 21|2886, 21|3053, 19|3218, 19|3287, 20|3313, 21|3370, 22|3393, 21|3414, 20|3440, 18|3474, 18|3657, 27|3699, 35|4110, http://www.yahoo.com, 
15|1, 15|610, 16|632, 16|1981, 17|2019, 17|2070, 19|2181, 20|2291, 22|2457, 22|2649, 20|2744, 20|2883, 19|2918, 19|2941, 21|2977, 21|3078, 20|3101, 20|3124, 19|3163, 21|3190, 21|3333, 23|3355, 24|3378, 24|3444, 22|3471, 21|3512, 20|3624, 19|3704, 23|3954, 31|3987, 31|4021, http://www.vk.com, 
19|1, 19|1391, 20|1416, 20|1447, 21|1473, 21|1706, 20|1728, 20|1827, 21|1851, 21|1933, 20|1958, 20|2194, 19|2215, 19|2322, 20|2361, 20|2616, 21|2659, 21|2923, 27|3191, 27|3272, 23|3360, 27|3502, 26|3530, 26|3767, 23|3810, 23|3963, 24|3983, 26|4061, http://www.instagram.com, 
21|1, 21|2398, 22|2459, 22|2529, 24|2668, 25|2836, 27|2888, 27|3031, 30|3079, 35|3247, 35|3278, 22|3451, 22|3510, 23|3536, 23|3560, 22|3580, 22|3608, 23|3656, 25|3688, 25|3741, 24|3763, 24|3853, 22|3875, 23|3901, 23|4007, http://www.jd.com, 
18|1, 18|2466, 19|2525, 19|2555, 21|2801, 24|2895, 24|3239, 26|3292, 23|3317, 25|3347, 25|3504, 26|3546, 26|3598, 25|3619, 25|3700, 24|3721, 24|3830, 28|3860, 28|3927, 23|3949, 23|4004, http://www.taobao.com, 
15|1, 15|666, 16|698, 16|990, 15|1021, 15|2494, 16|2619, 16|2650, 15|2727, 18|2951, 21|3126, 21|3258, 17|3280, 17|3512, 19|3536, 19|3714, 18|3735, 19|3774, 19|4011, http://www.baidu.com, 
16|1, 16|2481, 17|2509, 17|2575, 19|2662, 20|2735, 22|2984, 22|3098, 20|3262, 20|3322, 19|3349, 19|3374, 21|3397, 21|3453, 18|3533, 18|3603, 17|3625, 17|3735, 16|3778, 16|3879, 15|3900, 15|4002, http://www.netflix.com, 
12|1, 12|164, 14|185, 14|1092, 15|1117, 15|1808, 17|1834, 17|2524, 18|2547, 18|2577, 20|2643, 23|2991, 23|3085, 27|3203, 23|3275, 25|3302, 27|3325, 27|3393, 24|3418, 23|3442, 23|3567, 22|3631, 16|3656, 16|4016, http://www.tmall.com, 
16|1, 16|1195, 15|1216, 15|1304, 16|1324, 16|1931, 15|1967, 15|2008, 17|2038, 17|2309, 19|2410, 19|2500, 22|2736, 24|2849, 24|3182, 20|3205, 20|3307, 22|3344, 22|3897, 23|3921, 23|3969, 24|3997, 24|4014, http://www.baidu.com, 
19|1, 19|2473, 20|2504, 20|2585, 22|2636, 22|2675, 23|2763, 25|2919, 25|3134, 21|3184, 22|3214, 20|3287, 23|3314, 22|3341, 22|3402, 24|3442, 23|3469, 23|3537, 25|3569, 24|3611, 23|3635, 25|3706, 34|3806, 40|3843, 40|3869, 30|3969, 30|4227, http://www.imgur.com, 
19|1, 19|2492, 20|2532, 20|2588, 23|2807, 25|2975, 25|3094, 37|3178, 33|3216, 28|3615, 25|3705, 26|3747, 26|3806, 28|3830, 29|3860, 29|3933, 28|3954, 28|4018, http://www.sina.com.cn, 
19|1, 19|715, 20|739, 20|884, 21|908, 21|2376, 22|2485, 24|2677, 27|2834, 27|3121, 23|3197, 23|3371, 25|3401, 25|3504, 29|3549, 29|3576, 28|3598, 27|3626, 27|3834, 26|3864, 28|4066, http://www.live.com, 
21|1, 21|2477, 27|2820, 27|3094, 23|3138, 23|3321, 22|3343, 22|3475, 23|3499, 22|3688, 23|3772, 24|3817, 24|3934, 25|3980, 26|4017, http://www.sina.com.cn, 
22|1, 22|2475, 23|2554, 23|2584, 26|2760, 28|2919, 29|2954, 29|3122, 25|3149, 25|3202, 27|3227, 27|3311, 30|3342, 30|3367, 29|3389, 26|3410, 26|3602, 25|3622, 25|3642, 24|3661, 31|3688, 27|3800, 29|3828, 30|3858, 38|4008, http://www.amazon.com, 
20|1, 20|1139, 19|1168, 19|2397, 20|2470, 20|2532, 21|2559, 21|2605, 22|2691, 25|2858, 23|2971, 23|3120, 21|3141, 22|3315, 25|3376, 25|3400, 22|3442, 22|3578, 23|3627, 22|3719, 24|3791, 38|4079, http://www.reddit.com, 
20|1, 20|2583, 21|2893, 25|2953, 26|3014, 26|3231, 22|3272, 22|3316, 28|3625, 30|3818, 30|3926, 31|3993, 32|4016, http://www.360.cn, 
22|1, 21|89, 21|1188, 20|1214, 20|2640, 21|2745, 21|2784, 23|2821, 23|2879, 24|2963, 26|3048, 26|3269, 22|3293, 22|3401, 24|3434, 24|3644, 21|3671, 21|3756, 23|3778, 22|3802, 22|3823, 23|3852, 25|3894, 25|3966, 27|3992, 27|4016, http://www.taobao.com, 
22|1, 22|2422, 23|2516, 23|2591, 26|2838, 28|2960, 28|3119, 24|3200, 26|3231, 26|3292, 28|3328, 28|3617, 25|3693, 25|3810, 24|3851, 25|3918, 25|3956, 26|3982, 25|4063, http://www.instagram.com, 
22|1, 22|2444, 23|2511, 22|2826, 22|2875, 25|2943, 25|3228, 21|3320, 21|3487, 23|3510, 23|3576, 22|3605, 22|3689, 23|3728, 23|4013, http://www.baidu.com, 
18|1, 18|2486, 19|2542, 19|2611, 21|2663, 24|2870, 21|2937, 21|3078, 20|3110, 20|3140, 22|3181, 22|3590, 23|3625, 23|3814, 24|3839, 24|3918, 28|3942, 28|4009, http://www.sohu.com, 
18|1, 18|2494, 21|2559, 21|2814, 26|2910, 26|3263, 24|3311, 26|3366, 26|3614, 23|3641, 23|3808, 25|3837, 24|3921, 24|4033, http://www.instagram.com, 
19|1, 19|2573, 22|2929, 25|3069, 25|3223, 21|3249, 21|3341, 23|3463, 23|3587, 25|3653, 24|3679, 24|3733, 23|3757, 23|3780, 25|3857, 24|3912, 24|3959, 25|3987, 27|4032, http://www.vk.com, 
19|1, 19|991, 20|1014, 20|2540, 21|2637, 21|2669, 23|2807, 24|2934, 26|3089, 26|3261, 22|3314, 22|3370, 29|3536, 29|3619, 28|3656, 28|3683, 26|3713, 26|3740, 25|3762, 25|3809, 26|3896, 32|3932, 39|4184, http://www.yahoo.com, 
20|1, 20|2589, 21|2739, 21|2784, 23|2949, 23|3086, 26|3194, 26|3393, 22|3420, 22|3606, 24|3653, 24|3739, 23|3784, 23|3812, 22|3848, 24|3934, 24|4018, http://www.vk.com, 
20|1, 20|2530, 22|2731, 23|2823, 23|2939, 26|3083, 26|3294, 24|3354, 27|3514, 26|3545, 24|3583, 24|3705, 23|3726, 23|4266, http://www.reddit.com, 
20|1, 20|2596, 21|2678, 21|2709, 23|2868, 26|3070, 26|3279, 22|3342, 26|3564, 26|3761, 24|3786, 23|3817, 26|4168, http://www.amazon.com, 
20|1, 20|2476, 21|2575, 21|2717, 23|2840, 26|2986, 26|3237, 22|3267, 40|3471, 22|3739, 22|3888, 24|3990, 26|4052, http://www.sina.com.cn, 
22|1, 22|512, 20|544, 20|2631, 26|3132, 26|3255, 22|3304, 22|3448, 24|3579, 24|3602, 25|3650, 34|4121, http://www.360.cn, 
20|1, 20|2167, 21|2210, 21|2290, 26|2607, 26|2812, 22|2845, 24|2976, 24|3115, 25|3142, 25|3286, 24|3312, 25|3395, 25|3487, 27|3533, 28|3561, 28|3611, 26|3645, 24|3683, 25|3767, 23|4005, http://www.vk.com, 
20|1, 20|2671, 23|2840, 26|3064, 26|3368, 22|3413, 22|3460, 24|3532, 24|3562, 25|3653, 26|3679, 27|3703, 26|3732, 26|3757, 23|3781, 22|3804, 22|3829, 23|3892, 44|4208, http://www.yahoo.com, 
19|1, 19|2072, 23|2428, 22|2478, 25|2530, 25|2783, 23|2886, 25|3061, 26|3188, 26|3217, 25|3254, 25|3377, 19|3402, 19|4008, http://www.tmall.com, 
20|1, 20|2629, 21|2675, 21|2740, 26|3177, 26|3254, 46|3313, 42|3368, 40|3459, 19|3609, 20|3750, 23|4016, http://www.qq.com, 
18|1, 18|2596, 19|2737, 19|2792, 21|2824, 22|2978, 24|3245, 24|3318, 26|3365, 19|3575, 19|3765, 30|3894, 32|3962, 32|4011, http://www.jd.com, 
17|1, 17|2573, 21|2903, 22|3104, 22|3191, 20|3252, 20|3321, 21|3501, 25|3544, 25|3751, 23|3792, 22|3828, 20|3868, 20|3962, 22|3986, 23|4018, http://www.amazon.com, 
17|1, 17|2600, 18|2659, 17|2718, 20|2755, 21|3019, 21|3119, 23|3154, 23|3298, 25|3348, 25|3426, 21|3446, 23|3471, 23|3497, 25|3519, 25|3544, 24|3568, 20|3599, 20|3737, 18|3761, 18|3840, 22|3871, 23|3979, 23|4006, http://www.linkedin.com, 
17|1, 17|2585, 18|2683, 18|2729, 17|2834, 21|3006, 23|3103, 23|3401, 19|3433, 19|3620, 21|3684, 21|3800, 19|3863, 20|3889, 20|4004, http://www.sohu.com, 
17|1, 17|2606, 18|2629, 21|2873, 21|2903, 23|3071, 23|3308, 19|3353, 21|3390, 21|3473, 23|3511, 25|3563, 24|3600, 23|3626, 20|3650, 20|3738, 18|3797, 18|3896, 22|3919, 22|4054, http://www.linkedin.com, 
17|1, 17|2626, 18|2785, 18|2822, 23|3175, 23|3363, 19|3414, 19|3487, 21|3578, 23|3686, 23|3832, 21|3916, 19|4073, http://www.instagram.com, 
17|1, 17|2589, 20|2844, 23|3118, 23|3288, 19|3334, 19|3380, 20|3492, 22|3611, 21|3650, 22|3693, 23|3729, 23|3804, 21|3884, 24|3932, 20|4507, http://www.imgur.com, 
17|1, 17|2636, 23|3188, 23|3275, 25|3313, 25|3372, 21|3403, 21|3485, 23|3509, 20|3540, 20|3585, 22|3612, 22|3661, 24|3700, 24|3772, 27|3869, 24|3891, 24|4017, http://www.taobao.com, 
17|1, 17|221, 18|247, 18|270, 20|297, 20|396, 17|424, 17|667, 18|692, 18|737, 20|773, 20|927, 17|954, 17|1060, 18|1110, 18|1137, 20|1163, 20|1326, 17|1364, 17|2635, 18|2681, 18|2723, 20|2946, 20|3016, 21|3070, 23|3164, 23|3379, 18|3652, 18|3707, 19|3741, 18|4094, http://www.qq.com, 
17|1, 17|2537, 18|2794, 21|2981, 23|3158, 23|3392, 19|3467, 19|3534, 18|3563, 18|3821, 17|3843, 17|4010, http://www.sina.com.cn, 
17|1, 17|2670, 18|2714, 18|2743, 17|2800, 23|3107, 23|3359, 19|3389, 19|3624, 21|3665, 21|3780, 19|3824, 19|3873, 22|3939, 22|4020, http://www.live.com, 
18|1, 18|2598, 19|2705, 19|2739, 24|3099, 24|3297, 20|3362, 20|3571, 22|3606, 22|3733, 21|3778, 20|3841, 20|4021, http://www.live.com, 
18|1, 18|2577, 19|2656, 19|2720, 23|3025, 24|3120, 24|3313, 20|3442, 20|3637, 22|3683, 22|3757, 21|3813, 21|3898, 22|3924, 22|4015, http://www.baidu.com, 
18|1, 18|2649, 19|2706, 19|2754, 21|2806, 21|2879, 22|2978, 24|3201, 24|3277, 20|3504, 22|3540, 22|3961, 23|3988, 23|4058, http://www.qq.com, 
18|1, 18|2555, 19|2687, 22|3054, 24|3127, 24|3361, 22|3433, 22|3545, 23|3585, 23|3628, 19|3658, 20|3692, 20|3772, 19|3801, 19|3913, 18|3934, 22|4003, http://www.netflix.com, 
18|1, 18|2645, 19|2696, 23|2861, 24|2964, 24|3012, 26|3071, 26|3142, 24|3227, 24|3307, 20|3369, 22|3607, 23|3687, 23|3808, 21|3864, 21|4212, http://www.360.cn, 
18|1, 18|2618, 19|2672, 19|2699, 21|2805, 24|3014, 24|3474, 28|3508, 28|3535, 25|3584, 25|3756, 24|3779, 18|3802, 18|4013, http://www.tmall.com, 
17|1, 17|2306, 18|2348, 18|2570, 19|2667, 18|2740, 20|2922, 23|3149, 23|3353, 19|3462, 21|3500, 21|3605, 25|3653, 25|3841, 23|3865, 23|3896, 20|3930, 20|4002, http://www.amazon.com, 
17|1, 17|2549, 18|2588, 18|2649, 23|3065, 23|3221, 21|3287, 21|3466, 25|3491, 25|3688, 23|3721, 23|3765, 20|3796, 22|4027, http://www.amazon.com, 
17|1, 17|2157, 18|2196, 19|2423, 23|2643, 23|2879, 22|2977, 23|3033, 23|3230, 20|3251, 20|3494, 21|3665, 21|4035, http://www.instagram.com, 
17|1, 17|2654, 18|2708, 18|2746, 23|3097, 23|3281, 21|3400, 23|3537, 25|3571, 25|3606, 21|3639, 21|3814, 19|3836, 18|3862, 18|3897, 22|3950, 23|4023, http://www.linkedin.com, 
17|1, 17|2507, 23|3017, 20|3124, 22|3319, 22|3349, 21|3387, 21|3410, 23|3444, 24|3494, 23|3535, 21|3561, 21|3667, 19|3694, 19|3721, 18|3742, 18|3857, 22|3926, 22|4071, http://www.linkedin.com, 
17|1, 17|2579, 18|2685, 17|2971, 23|3157, 23|3415, 21|3524, 21|3645, 20|3668, 20|3727, 22|3752, 22|4016, http://www.vk.com, 
17|1, 17|2621, 20|2826, 20|2861, 21|2995, 23|3137, 23|3305, 21|3394, 23|3656, 25|4144, http://www.360.cn, 
18|1, 18|2081, 19|2188, 21|2496, 24|2605, 24|2773, 20|2823, 20|2957, 22|2987, 22|3090, 21|3121, 21|3211, 22|3235, 21|3307, 21|3531, 20|3565, 18|4074, http://www.live.com, 
17|1, 17|2659, 18|2722, 21|2885, 23|3142, 23|3320, 19|3397, 19|3708, 22|3735, 22|3802, 20|3837, 20|3883, 21|3909, 21|4012, http://www.sohu.com, 
20|1, 20|2723, 21|2770, 22|2861, 26|2963, 26|3006, 27|3199, 27|3477, 35|3619, 36|3649, 36|3686, 44|3822, 44|3850, 43|3905, 38|4039, http://www.facebook.com, 
20|1, 20|2217, 21|2242, 21|2310, 26|2634, 26|2797, 28|2911, 25|3131, 24|3182, 24|3298, 21|3445, 21|3726, 22|3768, 22|3834, 23|3868, 25|3908, 24|4040, http://www.wikipedia.org, 
20|1, 20|2599, 21|2628, 21|2712, 23|3027, 26|3131, 26|3347, 34|3453, 34|3492, 21|3688, 20|3850, 20|3967, 21|3992, 21|4018, http://www.jd.com, 
20|1, 20|2617, 21|2671, 26|3083, 26|3299, 24|3508, 24|3579, 23|3603, 23|3630, 25|3695, 25|3777, 24|3833, 26|3874, 26|3917, 25|3940, 25|4004, http://www.vk.com, 
20|1, 20|2567, 21|2685, 23|2804, 23|2871, 24|2948, 23|2996, 26|3064, 26|3343, 24|3475, 24|3559, 27|3864, 27|4217, http://www.sohu.com, 
19|1, 19|2617, 27|3145, 27|3329, 37|3514, 37|3541, 43|3712, 42|3776, 41|3884, 38|3911, 37|3936, 38|4384, http://www.facebook.com, 
19|1, 19|2618, 20|2657, 20|2696, 22|2775, 22|2935, 25|3067, 25|3365, 21|3404, 23|3520, 23|3544, 25|3577, 27|3630, 28|3656, 24|3689, 22|3743, 21|3774, 21|3825, 22|3868, 30|3976, 37|4084, http://www.yahoo.com, 
19|1, 19|1825, 20|1851, 20|2103, 21|2175, 21|2254, 24|2524, 26|2634, 26|2815, 27|2860, 26|2892, 23|2933, 23|3071, 24|3100, 24|3156, 25|3241, 25|3271, 26|3337, 28|3372, 27|3406, 25|3444, 21|3990, 20|4116, http://www.imgur.com, 
19|1, 19|2552, 20|2646, 20|2683, 22|2928, 22|3015, 25|3055, 25|3335, 21|3361, 21|3627, 23|3677, 23|3720, 22|3746, 22|3834, 23|3860, 23|4010, http://www.baidu.com, 
21|1, 21|2631, 22|2746, 24|2821, 24|3107, 26|3199, 26|3311, 23|3805, 24|3846, 26|4047, http://www.qq.com, 
19|1, 19|2597, 20|2679, 20|2708, 19|2770, 22|2862, 25|3140, 25|3321, 27|3382, 23|3411, 23|3504, 25|3528, 25|3557, 24|3620, 26|3709, 30|3736, 30|3788, 29|3821, 29|3844, 26|3872, 26|3976, 20|3998, 20|4039, http://www.taobao.com, 
16|1, 16|2631, 20|2882, 22|2978, 20|3157, 20|3285, 18|3645, 18|4084, http://www.sina.com.cn, 
16|1, 16|2614, 17|2692, 19|2893, 19|3043, 22|3084, 22|3290, 20|3417, 20|3494, 24|3549, 23|3574, 24|3610, 21|3637, 21|3660, 18|3682, 18|3755, 19|3788, 18|3826, 26|3885, 34|3970, 26|4152, http://www.yahoo.com, 
16|1, 16|2666, 17|2710, 17|2787, 22|3195, 22|3333, 20|3426, 24|3543, 20|3583, 20|3756, 19|3803, 22|3832, 17|4038, http://www.amazon.com, 
16|1, 16|2076, 17|2123, 17|2148, 19|2216, 19|2415, 22|2590, 22|2717, 23|3006, 22|3051, 20|3080, 20|3188, 18|3222, 18|3246, 17|3271, 17|4016, http://www.reddit.com, 
16|1, 16|2583, 17|2684, 18|2804, 19|2842, 20|2899, 20|3208, 18|3243, 18|3450, 20|3478, 20|3519, 22|3605, 22|3661, 26|3693, 26|3737, 23|3761, 23|3805, 22|3828, 22|3944, 19|3969, 16|3991, 16|4014, http://www.tmall.com, 
16|1, 16|2140, 17|2223, 20|2467, 22|2600, 22|2786, 24|2826, 20|2893, 20|3005, 19|3073, 19|3117, 22|3143, 22|3177, 24|3210, 28|3299, 27|3337, 27|3462, 24|3485, 24|3622, 18|3646, 18|3693, 22|3747, 26|3775, 25|3803, 24|3829, 21|3873, 21|4023, http://www.taobao.com, 
16|1, 16|2557, 17|2706, 22|3133, 22|3361, 18|3497, 21|3607, 22|3634, 23|3663, 21|3699, 19|3724, 19|3764, 18|3799, 18|3832, 28|3965, 24|4739, http://www.yahoo.com, 
16|1, 16|2587, 17|2628, 17|2675, 18|2782, 18|2938, 21|3031, 24|3089, 23|3192, 25|3273, 25|3382, 35|3531, 33|3598, 40|3662, 40|3709, 38|3737, 37|3765, 36|3807, 30|3949, 28|3988, 28|4071, http://www.facebook.com, 
16|1, 16|2649, 17|2703, 19|2917, 21|3037, 22|3167, 22|3372, 24|3445, 24|3516, 27|3603, 27|3629, 25|3667, 22|3825, 22|3879, 21|3916, 21|4171, http://www.wikipedia.org, 
21|1, 21|2618, 22|2680, 22|2722, 27|2938, 29|3182, 27|3228, 27|3413, 31|3451, 31|3497, 40|3527, 49|3561, 49|3599, 51|3626, 66|3656, 78|3712, 74|3774, 65|3847, 68|3875, 71|3908, 70|3944, 60|4023, http://www.google.com, 
21|1, 21|2694, 22|2719, 22|2755, 21|2813, 21|2843, 27|3154, 29|3253, 27|3333, 27|3397, 75|3911, 57|4071, http://www.google.com, 
21|1, 21|2523, 22|2583, 22|2675, 24|2803, 24|2917, 27|3047, 27|3333, 29|3407, 31|3500, 35|3529, 35|3647, 32|3670, 32|3728, 31|3751, 31|3820, 25|3868, 25|3910, 21|3933, 21|4023, http://www.tmall.com, 
21|1, 21|2618, 24|3102, 27|3284, 29|3311, 29|3427, 35|3510, 35|3619, 32|3643, 32|3781, 26|3829, 25|3853, 21|4010, http://www.tmall.com, 
21|1, 21|2447, 22|2597, 22|2724, 21|2754, 21|2779, 25|2889, 27|3028, 27|3358, 29|3450, 29|3571, 30|3615, 30|3770, 27|3844, 26|3874, 29|4051, http://www.vk.com, 
21|1, 21|2619, 22|2714, 29|3199, 29|3255, 41|3401, 39|3496, 39|3525, 42|3652, 35|4140, http://www.facebook.com, 
20|1, 20|2611, 21|2692, 21|2732, 23|3017, 26|3110, 26|3283, 28|3352, 28|3519, 26|3540, 26|3581, 28|3631, 28|3689, 25|3721, 22|3742, 23|3767, 24|3806, 23|3838, 23|3881, 24|3906, 25|3930, 24|3954, 24|4003, http://www.imgur.com, 
20|1, 20|2613, 21|2718, 21|2800, 22|2938, 26|3119, 26|3271, 27|3308, 27|3354, 31|3480, 34|3553, 33|3636, 33|3701, 30|3742, 24|3857, 25|3910, 22|4046, http://www.instagram.com, 
20|1, 20|2672, 23|2916, 26|3098, 26|3354, 27|3431, 29|3517, 29|3572, 27|3598, 27|3626, 26|3652, 20|3902, 20|4031, http://www.jd.com, 
20|1, 20|2493, 21|2636, 21|2672, 23|2906, 24|3117, 27|3202, 27|3250, 28|3294, 27|3365, 29|3436, 29|3583, 28|3613, 29|3641, 25|3667, 29|3717, 27|3740, 31|4078, http://www.sohu.com, 
20|1, 20|2598, 21|2652, 21|2697, 26|3057, 26|3164, 27|3267, 29|3350, 29|3414, 31|3454, 27|3565, 27|3593, 29|3636, 29|3676, 25|3870, 22|3992, 23|4169, http://www.instagram.com, 
20|1, 20|2525, 21|2613, 21|2644, 24|2883, 26|3011, 26|3116, 27|3171, 39|3220, 40|3257, 41|3293, 23|3620, 23|3689, 22|3753, 25|3831, 29|4031, http://www.jd.com, 
20|1, 20|2691, 21|2717, 21|2784, 23|2955, 23|3252, 24|3357, 24|3577, 25|3615, 26|3691, 27|3726, 25|3752, 25|3776, 27|3798, 27|3847, 25|3873, 23|3999, 23|4112, http://www.imgur.com, 
20|1, 20|2629, 21|2666, 21|2782, 26|3113, 26|3296, 27|3331, 27|3391, 25|3638, 29|3843, 27|3884, 27|4200, http://www.sohu.com, 
20|1, 20|2552, 21|2661, 21|2712, 24|3049, 26|3122, 26|3220, 27|3252, 27|3309, 28|3336, 28|3366, 29|3426, 29|3458, 25|3493, 25|3606, 27|3657, 26|3768, 22|4242, http://www.instagram.com, 
20|1, 20|2550, 21|2704, 23|2850, 26|3058, 26|3178, 27|3214, 27|3280, 28|3349, 27|3422, 25|3465, 27|3622, 27|3647, 26|3676, 26|3705, 24|3810, 23|4294, http://www.wikipedia.org, 
20|1, 20|2574, 21|2654, 21|2685, 26|3097, 27|3176, 27|3414, 29|3444, 30|3479, 29|3522, 21|4128, http://www.wikipedia.org, 
21|1, 21|2194, 22|2225, 22|2300, 24|2373, 25|2506, 28|2739, 28|2966, 26|3066, 26|3150, 25|3209, 25|3266, 24|3288, 24|3334, 22|3356, 22|3485, 23|3537, 26|3669, 29|4052, http://www.amazon.com, 
20|1, 20|2836, 26|3131, 26|3171, 27|3202, 27|3262, 29|3367, 27|3409, 25|3479, 25|3541, 26|3624, 27|3656, 25|3689, 25|3712, 23|3736, 33|4097, http://www.yahoo.com, 
20|1, 20|2590, 21|2719, 23|2850, 24|2950, 23|3034, 23|3059, 26|3109, 26|3214, 27|3255, 27|3319, 35|3439, 35|3536, 24|3561, 25|3646, 26|3708, 23|3737, 21|3869, 22|3910, 22|4007, http://www.sina.com.cn, 
20|1, 20|2579, 21|2704, 24|2944, 26|3063, 26|3192, 27|3229, 27|3287, 28|3336, 27|3387, 27|3601, 28|3629, 25|3652, 25|3693, 29|3720, 29|3764, 27|3791, 27|4007, http://www.sohu.com, 
20|1, 20|2752, 21|2814, 21|2853, 20|2955, 23|3005, 23|3114, 26|3269, 26|3422, 29|3505, 27|3699, 27|3733, 26|3769, 26|3809, 28|3844, 28|3891, 31|3930, 30|3969, 30|4022, http://www.taobao.com, 
20|1, 20|2616, 21|2672, 21|2715, 22|2750, 24|2907, 24|3110, 26|3169, 26|3249, 29|3327, 29|3558, 28|3584, 28|3635, 32|3668, 32|3737, 30|3760, 30|3784, 27|3805, 27|3911, 21|3936, 21|4047, http://www.taobao.com, 
17|1, 17|2562, 18|2687, 21|2923, 23|3128, 23|3206, 24|3237, 20|3294, 22|3374, 22|3476, 21|3527, 21|3610, 20|3632, 22|3676, 22|3735, 18|3794, 18|4019, http://www.netflix.com, 
17|1, 17|2508, 18|2566, 18|2628, 19|2666, 21|2794, 21|2829, 20|2879, 23|3115, 23|3187, 24|3222, 20|3251, 23|3349, 27|3496, 24|3533, 24|3639, 21|3663, 19|3723, 22|3828, 22|4028, http://www.reddit.com, 
17|1, 17|2620, 18|2673, 18|2709, 21|2945, 23|3112, 23|3272, 24|3301, 18|3611, 18|3678, 19|3757, 18|3833, 18|3915, 19|3943, 21|4006, http://www.qq.com, 
17|1, 17|2568, 23|3194, 24|3254, 25|3326, 25|3364, 24|3449, 24|3491, 22|3517, 22|3643, 23|3665, 23|3715, 27|3742, 26|3764, 26|3787, 24|3814, 24|4004, http://www.sohu.com, 
17|1, 17|2564, 18|2608, 18|2693, 19|2733, 21|2971, 23|3076, 23|3248, 24|3274, 20|3311, 22|3553, 22|3936, 20|3997, 20|4026, http://www.sina.com.cn, 
17|1, 17|2598, 18|2660, 18|2691, 23|3042, 23|3186, 24|3210, 24|3274, 22|3367, 20|3765, 21|4034, http://www.360.cn, 
17|1, 17|2676, 18|2763, 20|2947, 20|3073, 23|3227, 23|3407, 20|3437, 21|3743, 22|3820, 23|4039, http://www.360.cn, 
17|1, 17|2663, 18|2691, 18|2727, 23|3147, 24|3195, 24|3223, 32|3460, 19|3517, 19|3612, 17|3919, 17|4001, http://www.jd.com, 
17|1, 17|1347, 18|1370, 18|1627, 17|1646, 17|2628, 18|2768, 18|2804, 20|3035, 23|3112, 23|3355, 19|3379, 20|3408, 20|3446, 22|3592, 25|3646, 25|3668, 24|3695, 24|3719, 26|3754, 26|3800, 20|3884, 20|3918, 18|3944, 18|4008, http://www.netflix.com, 
17|1, 17|1836, 18|1868, 18|2098, 19|2136, 17|2165, 17|2577, 18|2698, 18|2756, 23|3098, 23|3269, 24|3296, 24|3337, 22|3486, 20|3525, 22|3554, 22|3670, 21|3708, 20|3739, 20|3805, 21|3848, 21|4025, http://www.live.com, 
17|1, 17|2568, 18|2657, 21|2863, 23|2997, 23|3225, 24|3251, 24|3390, 22|3466, 26|3572, 24|3653, 24|3700, 18|3926, 18|4028, http://www.wikipedia.org, 
17|1, 17|2625, 18|2848, 26|2948, 24|2979, 24|3169, 23|3202, 22|3233, 24|3259, 24|3325, 25|3423, 30|3525, 35|3619, 35|3651, 34|3690, 41|4001, http://www.facebook.com, 
17|1, 17|2606, 18|2655, 18|2722, 19|2782, 20|2817, 23|2994, 23|3163, 24|3215, 23|3263, 23|3352, 20|3392, 22|3430, 24|3455, 28|3521, 44|3552, 44|3621, 55|3649, 71|3701, 70|3742, 67|3771, 66|3838, 66|3887, 62|3925, 59|3978, 57|4016, http://www.google.com, 
17|1, 17|2685, 18|2719, 18|2823, 21|2971, 20|3058, 23|3234, 21|3324, 22|3445, 21|3579, 21|3673, 20|3700, 20|3723, 21|3766, 21|3855, 20|3903, 20|3957, 21|3984, 21|4006, http://www.baidu.com, 
18|1, 18|2633, 19|2738, 21|3066, 21|3135, 25|3230, 22|3283, 24|3333, 24|3369, 22|3409, 22|3598, 21|3618, 21|3680, 20|3702, 20|3725, 29|3781, 28|3820, 29|3887, 29|4056, http://www.baidu.com, 
20|1, 20|2494, 21|2645, 23|2719, 26|2978, 26|3073, 27|3125, 27|3177, 28|3215, 27|3313, 27|3430, 29|3457, 29|3483, 30|3509, 29|3556, 27|3595, 24|3618, 21|4113, http://www.wikipedia.org, 
17|1, 17|2694, 18|2730, 18|2799, 20|2908, 23|3170, 23|3221, 24|3246, 24|3316, 26|3362, 46|3404, 20|3746, 20|3798, 19|3867, 20|3919, 23|3955, 23|4012, http://www.qq.com, 
17|1, 17|2652, 18|2680, 23|3127, 23|3206, 24|3233, 24|3289, 25|3320, 25|3350, 26|3397, 42|3479, 71|3579, 71|3605, 67|3739, 67|3810, 66|3831, 62|3854, 58|3877, 57|3899, 54|3943, 44|3968, 40|3993, 44|4023, http://www.google.com, 
17|1, 17|2685, 18|2771, 21|3067, 23|3149, 23|3349, 26|3392, 25|3503, 28|3534, 28|3611, 25|3634, 29|3660, 29|3775, 26|3801, 25|3822, 24|3844, 24|3929, 18|3961, 18|4011, http://www.taobao.com, 
17|1, 17|2653, 18|2708, 18|2743, 20|2940, 23|3126, 24|3231, 24|3261, 25|3286, 21|3340, 21|3358, 24|3460, 24|3486, 25|3507, 26|3543, 27|3573, 24|3631, 24|3657, 21|3682, 21|3786, 20|3815, 20|4003, http://www.reddit.com, 
17|1, 17|2626, 19|2784, 23|3017, 23|3096, 24|3140, 24|3218, 25|3246, 25|3284, 22|3437, 25|3517, 26|3548, 25|3573, 24|3595, 21|3618, 21|3726, 19|3762, 19|3868, 18|3889, 22|3914, 22|4097, http://www.linkedin.com, 
17|1, 17|2615, 18|2667, 18|2701, 20|2831, 21|3090, 23|3177, 23|3215, 21|3247, 34|3318, 57|3773, 57|3844, 58|3877, 19|4003, http://www.sina.com.cn, 
17|1, 17|2588, 18|2734, 19|2776, 21|3068, 21|3270, 22|3296, 20|3325, 20|3358, 22|3539, 22|3668, 21|3687, 20|3709, 20|4024, http://www.live.com, 
17|1, 17|2555, 18|2646, 18|2716, 19|2759, 23|3116, 24|3164, 24|3243, 25|3282, 24|3360, 24|3525, 23|3548, 25|3574, 25|3621, 22|3641, 22|3703, 21|3738, 23|3771, 23|3796, 22|3815, 22|3921, 24|3952, 24|3977, 25|3998, 25|4018, http://www.vk.com, 
17|1, 17|2640, 18|2673, 18|2703, 21|2957, 23|3002, 23|3231, 24|3255, 24|3314, 21|3356, 20|3460, 20|3553, 22|3587, 22|3657, 21|3679, 20|3701, 20|3734, 19|3757, 19|3962, 20|3983, 20|4006, http://www.live.com, 
17|1, 17|2560, 18|2637, 18|2735, 20|2859, 20|3167, 21|3198, 21|3246, 20|3270, 24|3414, 22|3512, 24|3543, 25|3577, 25|3616, 23|3640, 23|3662, 20|3683, 20|3756, 18|3780, 18|3949, 22|3989, 22|4062, http://www.linkedin.com, 
17|1, 17|2665, 20|2834, 21|3092, 23|3120, 23|3223, 24|3336, 27|3414, 24|3454, 24|3483, 27|3572, 26|3598, 24|3623, 24|3751, 21|3774, 21|3819, 20|3884, 20|4207, http://www.reddit.com, 
17|1, 17|2540, 18|2601, 18|2686, 20|2786, 20|2812, 23|3097, 23|3196, 24|3227, 24|3261, 22|3439, 21|3992, 21|4019, http://www.360.cn, 
17|1, 17|2588, 18|2674, 18|2732, 22|3002, 23|3178, 24|3221, 24|3311, 22|3428, 22|3676, 19|3696, 19|3738, 31|3808, 19|4328, http://www.baidu.com, 
19|1, 19|2660, 20|2720, 20|2783, 22|2825, 22|3038, 25|3109, 25|3283, 26|3324, 26|3354, 29|3430, 26|3461, 26|3544, 27|3568, 27|3593, 24|3673, 23|3762, 23|3788, 21|3816, 21|3844, 20|3882, 20|4121, http://www.wikipedia.org, 
17|1, 17|2621, 18|2700, 18|2743, 23|3093, 23|3265, 24|3295, 24|3330, 20|3355, 19|3742, 19|3766, 17|3817, 17|4027, http://www.jd.com, 
17|1, 17|2479, 18|2576, 20|2769, 25|3014, 25|3074, 23|3116, 23|3144, 24|3172, 24|3358, 42|3429, 46|3465, 61|3491, 71|3531, 59|3694, 59|3776, 54|3815, 54|3844, 42|3875, 40|3896, 40|3918, 42|3940, 42|4021, http://www.google.com, 
17|1, 17|2582, 18|2659, 18|2736, 20|2839, 21|2933, 23|3144, 24|3206, 24|3277, 25|3308, 22|3346, 22|3387, 20|3413, 20|3526, 22|3556, 22|3599, 20|3624, 20|3646, 22|3669, 22|3715, 18|3806, 18|4019, http://www.netflix.com, 
17|1, 17|2654, 21|2895, 21|2998, 23|3173, 23|3253, 24|3280, 24|3309, 21|3382, 22|3420, 22|3592, 23|3617, 23|3672, 22|3702, 18|3739, 19|3772, 18|3794, 18|4008, http://www.netflix.com, 
17|1, 17|2695, 18|2719, 18|2744, 20|2975, 20|3292, 21|3330, 21|3416, 23|3447, 23|3546, 24|3573, 24|3655, 26|3679, 26|3705, 28|3739, 29|3777, 30|3803, 28|3858, 23|4076, http://www.wikipedia.org, 
17|1, 17|2646, 18|2682, 18|2734, 20|2838, 20|2964, 23|3150, 23|3257, 24|3285, 24|3313, 34|3536, 22|3581, 22|3819, 21|3845, 21|3872, 22|3899, 22|3941, 24|3975, 24|4076, http://www.jd.com, 
17|1, 17|2678, 18|2718, 21|2919, 23|3141, 23|3233, 24|3257, 24|3313, 21|3367, 22|3401, 22|3429, 20|3471, 20|3556, 21|3587, 21|3688, 22|3713, 22|3797, 19|3822, 19|3847, 20|3868, 20|4002, http://www.netflix.com, 
17|1, 17|2635, 18|2663, 18|2779, 20|2952, 23|3150, 23|3298, 24|3343, 26|3484, 28|3530, 22|3554, 22|3605, 23|3640, 23|3673, 22|3699, 22|3725, 20|3759, 22|3785, 22|3868, 21|3890, 21|4011, http://www.netflix.com, 
17|1, 17|2612, 18|2676, 18|2706, 21|2947, 23|3130, 23|3200, 24|3221, 24|3455, 25|3541, 25|3592, 24|3612, 22|3636, 22|3755, 20|3782, 22|3811, 22|4057, http://www.reddit.com, 
17|1, 17|2592, 18|2707, 18|2789, 20|2893, 23|3009, 23|3210, 24|3239, 24|3292, 28|3382, 25|3467, 25|3524, 22|3549, 22|3752, 21|3773, 20|3933, 22|4126, http://www.amazon.com, 
17|1, 17|2673, 18|2721, 20|2871, 23|3181, 24|3210, 24|3269, 28|3336, 24|3440, 28|3472, 28|3554, 25|3580, 25|3721, 19|3745, 19|3771, 18|3793, 18|4017, http://www.tmall.com, 
17|1, 17|2610, 18|2644, 18|2711, 21|2769, 20|2848, 23|2908, 23|3254, 24|3289, 24|3343, 25|3431, 24|3475, 24|3511, 42|3538, 42|3591, 44|3619, 70|3671, 69|3701, 65|3738, 65|3770, 62|3885, 62|3931, 59|3962, 59|4042, http://www.google.com, 
17|1, 17|2539, 18|2657, 18|2693, 17|2730, 21|2820, 23|3031, 23|3183, 24|3216, 26|3254, 26|3285, 28|3459, 28|3509, 25|3535, 25|3687, 22|3723, 18|3762, 18|4006, http://www.tmall.com, 
17|1, 17|2519, 18|2599, 18|2637, 20|2729, 23|2876, 23|3065, 25|3207, 26|3254, 26|3315, 24|3374, 42|3463, 42|3516, 46|3539, 72|3595, 67|3676, 67|3847, 60|3905, 56|3927, 52|3952, 52|4002, http://www.google.com, 
17|1, 17|2634, 18|2700, 18|2786, 20|2892, 23|2957, 25|3140, 25|3194, 24|3236, 23|3263, 24|3291, 24|3355, 25|3395, 42|3588, 63|3632, 71|3690, 68|3718, 63|3773, 54|3890, 54|3945, 55|3969, 56|3994, 54|4031, http://www.google.com, 
17|1, 17|2620, 18|2660, 22|2832, 26|2995, 27|3161, 25|3193, 25|3217, 26|3246, 26|3346, 35|3571, 44|3644, 44|3670, 42|3694, 42|3796, 44|4000, 36|4211, http://www.facebook.com, 
17|1, 17|2693, 18|2737, 18|2826, 22|3011, 26|3272, 27|3353, 27|3412, 28|3473, 36|3592, 37|3628, 37|3660, 35|3683, 37|3709, 40|3765, 37|4286, http://www.facebook.com, 
17|1, 17|2618, 18|2714, 20|2804, 20|2836, 21|2874, 21|2968, 23|3010, 23|3319, 20|3360, 20|3444, 22|3483, 24|3526, 24|3555, 22|3578, 22|3603, 25|3650, 25|3674, 24|3697, 24|3749, 22|3783, 22|3901, 23|3945, 18|4069, http://www.reddit.com, 
17|1, 17|2637, 18|2681, 18|2817, 21|2979, 21|3250, 22|3281, 21|3351, 23|3469, 21|3504, 21|3529, 23|3554, 22|3581, 22|3627, 24|3652, 24|3681, 23|3705, 23|3729, 25|3759, 25|3811, 20|3891, 22|4019, http://www.imgur.com, 
17|1, 17|2537, 18|2644, 18|2684, 21|2893, 23|3066, 23|3190, 24|3214, 24|3241, 20|3277, 22|3314, 24|3395, 23|3438, 21|3463, 21|3489, 23|3512, 23|3601, 21|3624, 24|3652, 23|3679, 23|3703, 25|3727, 24|3753, 23|3789, 24|3817, 22|3870, 20|4041, http://www.imgur.com, 
17|1, 17|183, 18|217, 18|420, 17|445, 17|2649, 18|2712, 21|3017, 21|3302, 22|3329, 20|3374, 20|3467, 24|3496, 23|3532, 23|3625, 24|3652, 24|3702, 25|3756, 26|3795, 25|3820, 24|3851, 26|3874, 26|3918, 22|3965, 22|4113, http://www.imgur.com, 
