572414|1, 572414|43, 573811|77, 573811|138, 573871|164, 573931|193, 573931|218, 574496|267, 574556|295, 575496|321, 575636|348, 575736|526, 579134|569, 579394|804, 582819|837, 583409|866, 583461|891, 583825|923, 584325|960, 584365|993, 585029|1014, 585269|1032, 585799|1052, 587381|1074, 588170|1097, 588312|1125, 588552|1148, 589624|1178, 589676|1200, 589676|1220, 589988|1245, 591538|1276, 592069|1316, 592109|1337, 592109|1360, 594510|1385, 594510|1410, 594914|1451, 596108|1540, 596348|1585, 597024|1608, 597752|1636, 599036|1673, 601531|1701, 602605|1743, 604396|1803, 604396|1855, 604773|1921, 608347|1951, 608982|1981, 609190|2014, 609682|2051, 609962|2076, 610122|2107, 610122|2150, 610669|2195, 610669|2260, 610739|2280, 612755|2306, 616479|2357, 616799|2383, 617521|2413, 618344|2452, 620854|2485, 621396|2512, 623492|2556, 623752|2580, 623804|2603, 623804|2663, 624693|2707, 627088|2732, 627088|2756, 627407|2785, 627407|2808, 627873|2831, 627873|2851, 628584|2872, 628830|2898, 630665|2921, 630665|2961, 631205|2991, 631205|3027, 631309|3051, 631407|3078, 631407|3115, 631447|3142, 631447|4008, http://www.linkedin.com, 
638825|1, 638825|443, 638885|470, 638885|590, 639150|619, 639150|729, 639306|757, 639417|779, 639417|1338, 639457|1356, 639457|2207, 639519|2235, 639519|2256, 639584|2288, 639644|2335, 640351|2471, 642828|2700, 643186|2775, 643186|2903, 643306|2997, 643930|3033, 643930|3064, 644420|3090, 644598|3113, 645397|3151, 645553|3181, 645553|3506, 645917|3538, 645977|4054, http://www.linkedin.com, 
673573|1, 673573|1627, 673632|1650, 673632|2449, 674714|2655, 677298|2879, 677298|3024, 677773|3047, 677945|3168, 677945|3218, 678306|3240, 678563|3287, 679365|3311, 679543|3349, 680219|3371, 680219|3397, 680361|3422, 680413|3449, 680465|3472, 680465|3576, 680673|3640, 682590|3708, 683224|3737, 683855|3760, 685118|3785, 691050|3987, 693461|4041, http://www.yahoo.com, 
733471|1, 733471|1104, 733529|1130, 733529|1894, 733589|1952, 733589|1999, 733956|2030, 734296|2339, 737605|2526, 737657|2555, 738133|2591, 738245|2737, 738365|2765, 738365|2921, 738985|2962, 738985|3048, 739401|3075, 739401|3140, 739651|3166, 739755|3191, 739989|3211, 740275|3233, 740275|3351, 741060|3374, 741060|3454, 741154|3475, 741471|3550, 742572|3612, 745654|3675, 746122|3704, 747058|3736, 749034|3815, 749034|3891, 749188|3960, 749499|3988, 749707|4016, http://www.live.com, 
759197|1, 759197|1577, 759253|1600, 759253|2413, 759992|2578, 762417|2889, 762815|2959, 762815|3019, 763275|3052, 763275|3422, 763475|3449, 763475|3563, 763535|3584, 763535|3649, 763595|3712, 763595|3736, 764159|3757, 764159|3870, 764199|3895, 764199|3978, 764239|3999, 764239|4020, http://www.360.cn, 
778602|1, 778602|192, 778642|220, 778642|1108, 778682|1133, 778682|2423, 778742|2506, 778742|2548, 783156|2804, 785378|3021, 785378|3194, 792908|3472, 793462|3500, 793630|3549, 793630|4033, http://www.facebook.com, 
802801|1, 802801|1588, 802857|1611, 802857|2371, 802919|2416, 803044|2499, 803515|2548, 804684|2741, 806340|2897, 806698|2992, 806698|3081, 809102|3281, 809102|3312, 809337|3477, 809337|3625, 809397|3650, 809397|3689, 810775|3713, 810983|3739, 813476|3816, 816514|3845, 816514|3869, 816574|3896, 816574|3916, 816626|3938, 816776|3963, 817504|4016, http://www.qq.com, 
845363|1, 845363|1588, 845419|1612, 845419|2372, 845479|2469, 847119|2700, 847119|2743, 849069|2986, 849069|3080, 849129|3288, 849129|3548, 849169|3830, 849229|3869, 849229|3893, 849540|3927, 849893|3963, 849953|4008, http://www.qq.com, 
871953|1, 871953|1556, 872012|1583, 872012|2420, 872124|2478, 872439|2505, 875320|2804, 875678|2842, 875678|2973, 876325|3147, 876943|3215, 876943|3243, 877745|3300, 878740|3323, 878740|3370, 878844|3404, 878844|3515, 879156|3550, 880360|3629, 880985|3661, 888930|3951, 894525|4205, http://www.yahoo.com, 
916802|1, 916802|585, 916854|609, 916854|1094, 916910|1120, 916910|1949, 916970|1977, 916970|2002, 917677|2110, 917677|2221, 920154|2373, 920512|2448, 920512|2537, 920984|2578, 920984|2674, 921208|2705, 921208|2753, 921780|2776, 921780|2815, 921832|2837, 921832|2873, 921886|2894, 922006|2935, 922006|2985, 922601|3009, 922601|3080, 922773|3121, 922773|3182, 923381|3218, 923381|3264, 923975|3287, 924153|3308, 924836|3332, 924978|3355, 924978|3376, 925030|3401, 925134|3439, 925893|3550, 926517|3635, 930679|3875, 933019|3914, 935931|3952, 936986|4009, http://www.vk.com, 
951613|1, 951613|1217, 951677|1241, 951677|1323, 951737|1347, 951737|1371, 952182|1404, 952182|1429, 952360|1455, 952903|1479, 952903|1616, 952992|1638, 953104|1660, 953104|1706, 953399|1737, 953399|1779, 953733|1815, 953733|1865, 954779|1890, 954779|1963, 954831|1997, 954831|2291, 954883|2319, 954883|2590, 954943|2617, 954943|2643, 954995|2672, 955518|2854, 958186|3015, 958648|3170, 958648|3204, 959179|3273, 960593|3434, 960593|3462, 961509|3485, 961677|3517, 961677|3915, 961949|3988, 968532|4072, http://www.instagram.com, 
996301|1, 996301|1547, 996357|1575, 996357|2370, 996417|2436, 997124|2542, 998009|2646, 999613|2807, 1000023|2847, 1000023|2954, 1000495|2984, 1001648|3160, 1001812|3201, 1001866|3373, 1001866|3433, 1001926|3459, 1001926|3503, 1002237|3530, 1002590|3578, 1004888|3612, 1004888|3636, 1007993|3664, 1007993|3748, 1008195|3776, 1008195|3798, 1008247|3825, 1008372|3851, 1008437|3878, 1008437|3955, 1008497|3980, 1008497|4002, http://www.jd.com, 
1044031|1, 1044031|1582, 1044091|1605, 1044091|2332, 1044153|2381, 1044278|2427, 1044593|2465, 1045033|2640, 1047550|2804, 1047908|2843, 1047908|2916, 1048590|3092, 1048590|3150, 1049163|3209, 1049163|3234, 1049203|3263, 1049323|3288, 1049323|3423, 1049891|3453, 1049891|3592, 1049943|3617, 1049943|3703, 1050063|3725, 1050229|3747, 1050860|3778, 1050860|3821, 1050978|3842, 1050978|3865, 1051018|3892, 1051018|4016, http://www.taobao.com, 
1075239|1, 1075239|592, 1075364|616, 1075364|646, 1075416|674, 1075416|1651, 1075475|1694, 1075475|2491, 1075850|2576, 1076058|2651, 1076290|2731, 1079165|3020, 1079165|3109, 1079628|3136, 1079628|3393, 1079725|3438, 1079845|3461, 1079845|3579, 1079897|3605, 1079897|3661, 1079957|3699, 1080523|3724, 1080523|4003, http://www.baidu.com, 
1117746|1, 1117990|25, 1117990|1588, 1118051|1610, 1118051|2426, 1118111|2453, 1118163|2491, 1118447|2569, 1118866|2649, 1121282|2878, 1121282|2981, 1121759|3011, 1121811|3133, 1121931|3236, 1122553|3265, 1122553|3287, 1122865|3314, 1123221|3338, 1123221|3370, 1124028|3447, 1124028|3941, 1125994|3977, 1125994|4016, http://www.netflix.com, 
1147476|1, 1147476|66, 1147528|87, 1147528|109, 1147580|141, 1147580|994, 1147842|1018, 1147842|1043, 1147894|1066, 1147894|1291, 1147988|1312, 1147988|1691, 1148104|1736, 1148198|1757, 1148198|2447, 1148258|2475, 1148298|2529, 1149433|2689, 1151447|2931, 1151447|2986, 1151950|3090, 1152070|3173, 1152070|3204, 1152640|3227, 1152640|3271, 1152775|3318, 1152775|4006, http://www.tmall.com, 
1173053|1, 1173053|1090, 1173188|1110, 1173188|1260, 1173240|1284, 1173240|1837, 1173375|1866, 1173375|1974, 1173427|1996, 1173491|2024, 1173491|2331, 1173603|2380, 1173918|2417, 1175051|2660, 1176683|2767, 1177133|2822, 1177133|2920, 1177596|2947, 1177596|3214, 1177636|3242, 1177756|3267, 1177756|3430, 1177808|3458, 1177808|3480, 1178434|3538, 1178434|3834, 1178766|3856, 1179098|3881, 1179098|3905, 1179888|3932, 1179888|3969, 1179992|3992, 1179992|4021, http://www.baidu.com, 
1206498|1, 1206498|1597, 1206557|1620, 1206557|2409, 1206617|2432, 1206617|2481, 1206932|2519, 1207104|2566, 1207284|2610, 1207703|2671, 1209709|2811, 1210183|2881, 1210183|3120, 1210658|3149, 1210817|3204, 1210989|3248, 1210989|3274, 1211564|3312, 1211616|3335, 1211725|3375, 1211845|3405, 1211845|3427, 1212422|3451, 1212422|3472, 1212594|3502, 1212646|3545, 1213260|3571, 1214463|3640, 1215872|3713, 1217300|3773, 1219120|3802, 1221722|3848, 1226490|4128, http://www.imgur.com, 
1248578|1, 1248578|1623, 1248639|1648, 1248639|2362, 1248699|2407, 1249009|2447, 1249324|2490, 1250545|2733, 1252201|2896, 1252559|2936, 1252559|3014, 1255584|3096, 1257872|3142, 1262290|3532, 1262290|3623, 1263215|3673, 1263215|3698, 1263526|3731, 1263879|3754, 1263879|3778, 1266177|3809, 1266177|3831, 1269224|3857, 1269426|4047, http://www.sina.com.cn, 
1355547|1, 1355547|693, 1355599|722, 1355599|857, 1355651|879, 1355651|1557, 1355709|1586, 1355709|2331, 1356155|2453, 1357480|2758, 1359136|2810, 1359396|2844, 1359396|2890, 1359494|2922, 1359494|3048, 1359968|3104, 1360020|3152, 1360496|3201, 1360496|3273, 1360728|3328, 1360728|3432, 1361300|3471, 1361300|3575, 1361580|3603, 1362024|3650, 1362024|3737, 1362064|3760, 1362773|3792, 1362773|3895, 1363210|3990, 1364131|4020, http://www.live.com, 
1380852|1, 1380852|1618, 1380913|1644, 1380913|2410, 1382078|2742, 1384092|2846, 1384092|3025, 1384619|3058, 1384619|3428, 1384735|3535, 1384795|3667, 1384855|3749, 1385406|3780, 1385458|3827, 1385993|3905, 1386053|3943, 1386364|4001, http://www.sina.com.cn, 
1420084|1, 1420084|1634, 1420144|1661, 1420144|2405, 1420264|2483, 1420579|2512, 1420787|2552, 1423496|2823, 1423937|2884, 1423937|3053, 1424413|3079, 1424465|3104, 1424465|3132, 1424585|3157, 1424585|3179, 1425205|3224, 1425799|3270, 1425977|3298, 1425977|3319, 1426538|3341, 1426538|3592, 1426694|3618, 1427263|3729, 1427627|3758, 1428608|3781, 1431623|3903, 1432559|3937, 1432723|3973, 1433835|4070, http://www.amazon.com, 
1515572|1, 1515572|1031, 1515707|1056, 1515707|1546, 1515767|1568, 1515767|2350, 1515888|2427, 1516203|2451, 1516203|2479, 1516359|2515, 1516669|2611, 1517890|2778, 1519788|2884, 1519788|3062, 1521160|3235, 1522484|3297, 1522484|3320, 1522626|3363, 1522678|3386, 1522678|3536, 1523524|3633, 1524445|3674, 1529957|3779, 1550080|4117, http://www.reddit.com, 
1558376|1, 1558376|2440, 1558436|2567, 1560350|2869, 1561954|2929, 1562312|3109, 1562312|3238, 1562493|3544, 1563480|3722, 1563600|3806, 1564099|3846, 1564159|3913, 1564159|3937, 1564445|3964, 1564445|4021, http://www.360.cn, 
1633767|1, 1633767|1703, 1633827|1727, 1633827|2544, 1634014|2660, 1634381|2700, 1634721|2736, 1634721|2763, 1635116|2795, 1635582|2867, 1636031|2923, 1637532|3100, 1637532|3317, 1637996|3351, 1637996|3388, 1638036|3408, 1638036|3505, 1638094|3561, 1638094|3695, 1638214|3719, 1638214|3740, 1638274|3765, 1638847|3809, 1638847|3836, 1638887|3857, 1638927|3882, 1639047|3908, 1639615|4012, http://www.taobao.com, 
1644252|1, 1644252|2357, 1644312|2441, 1644312|2488, 1644679|2524, 1645732|2745, 1647917|2894, 1647917|3078, 1648037|3163, 1648089|3195, 1648663|3223, 1649153|3261, 1649331|3290, 1649435|3329, 1650183|3351, 1650287|3376, 1650287|3745, 1650559|3781, 1650684|3851, 1650995|3888, 1651329|3917, 1651445|3995, 1651445|4032, http://www.instagram.com, 
1669802|1, 1669802|2372, 1669937|2413, 1671672|2748, 1671776|2804, 1671816|2849, 1673356|2934, 1673714|2973, 1673714|3043, 1674177|3076, 1674177|3373, 1674217|3397, 1674274|3420, 1674394|3443, 1674394|3508, 1674446|3537, 1674446|3651, 1674789|3699, 1675072|3722, 1675072|4007, http://www.baidu.com, 
1701603|1, 1701603|1241, 1701643|1264, 1701643|1583, 1701701|1604, 1701701|2389, 1701761|2441, 1701761|2473, 1702076|2511, 1702428|2564, 1703209|2681, 1704951|2828, 1705031|2867, 1705031|3067, 1705493|3133, 1705493|3439, 1705533|3478, 1705709|3529, 1705709|3740, 1705769|3770, 1705769|3811, 1706091|3846, 1706333|3870, 1706333|4030, http://www.sohu.com, 
1799128|1, 1799128|2445, 1799356|2530, 1800166|2670, 1800632|2767, 1802806|2914, 1802806|3088, 1803552|3235, 1804220|3293, 1804272|3318, 1805200|3345, 1805304|3369, 1805304|3736, 1805576|3759, 1805947|3846, 1806397|3938, 1806397|4095, http://www.instagram.com, 
1826839|1, 1826839|2551, 1830391|2967, 1830489|3049, 1830489|3221, 1830961|3261, 1830961|3382, 1831133|3430, 1831133|3451, 1831705|3475, 1831705|3525, 1831757|3587, 1831877|3616, 1831877|3644, 1832472|3669, 1832472|3717, 1832644|3772, 1832644|3848, 1833252|3874, 1833252|3897, 1833460|3923, 1834024|3969, 1834848|3997, 1834848|4020, http://www.vk.com, 
1850916|1, 1850916|945, 1850968|973, 1850968|1697, 1851027|1740, 1851027|2469, 1851214|2559, 1851214|2598, 1851529|2734, 1852854|2863, 1854458|2954, 1854868|3068, 1854868|3233, 1855343|3281, 1856133|3466, 1856935|3510, 1857931|3548, 1858087|3586, 1858087|3614, 1858139|3643, 1858139|3738, 1858983|3812, 1859930|3861, 1864889|4113, http://www.yahoo.com, 
1887966|1, 1887966|2558, 1888341|2693, 1889096|2869, 1889718|3004, 1891322|3073, 1891680|3172, 1891680|3318, 1892152|3343, 1892152|3373, 1892204|3529, 1892324|3577, 1892324|3665, 1892896|3698, 1892896|3736, 1892948|3771, 1893068|3851, 1893663|3896, 1893835|4005, http://www.vk.com, 
1912101|1, 1912101|1687, 1912161|1720, 1912161|2460, 1912221|2651, 1912820|2737, 1913286|2867, 1915086|3003, 1915340|3062, 1915340|3225, 1915460|3283, 1917404|3435, 1917546|3472, 1917598|3503, 1918378|4139, http://www.reddit.com, 
1926866|1, 1926866|1721, 1926926|1754, 1926926|2555, 1927301|2631, 1928160|2790, 1928316|2860, 1930640|3034, 1930640|3242, 1932661|3488, 1932713|3512, 1932713|3711, 1932973|3739, 1933129|4087, http://www.amazon.com, 
1970014|1, 1970014|1693, 1970075|1716, 1970075|2475, 1970450|2600, 1970606|2639, 1970658|2682, 1973379|2908, 1973535|2945, 1973789|3012, 1973789|3189, 1974316|3246, 1980436|3663, 1980436|3813, 1980556|3882, 1981471|3973, 1984486|4088, http://www.sina.com.cn, 
2030613|1, 2030613|1692, 2030669|1718, 2030669|2550, 2034486|3062, 2034486|3370, 2034667|3507, 2034667|3559, 2034727|3713, 2037146|4013, http://www.360.cn, 
2077718|1, 2077718|644, 2077758|673, 2077758|2088, 2077818|2128, 2078133|2171, 2078133|2196, 2079370|2527, 2081372|2618, 2081372|2731, 2081844|2758, 2081844|2803, 2082016|2944, 2082588|2966, 2082588|3025, 2082760|3062, 2082760|3113, 2083355|3160, 2083355|3231, 2083527|3300, 2083527|3345, 2084135|3386, 2084135|3409, 2084343|3452, 2085590|3481, 2085590|3504, 2085732|3531, 2085732|3555, 2085888|3600, 2085948|3685, 2086260|3746, 2086912|3807, 2087068|3914, 2088848|4134, http://www.vk.com, 
2102935|1, 2102935|1652, 2102994|1676, 2102994|2589, 2103054|2643, 2104275|2957, 2106075|3060, 2106173|3095, 2106173|3286, 2106648|3320, 2106700|3377, 2106820|3449, 2107438|3481, 2108418|3571, 2109094|3599, 2109236|3623, 2109236|3652, 2109288|3678, 2109340|3701, 2109340|3749, 2109444|3808, 2110228|3880, 2124428|4451, http://www.yahoo.com, 
2141169|1, 2141169|1198, 2141228|1222, 2141228|2003, 2141288|2115, 2142421|2403, 2143973|2459, 2144025|2491, 2144285|2524, 2144285|2568, 2144383|2597, 2144383|2707, 2144846|2819, 2144886|2993, 2145006|3029, 2145576|3149, 2145576|3969, 2145696|3995, 2145862|4037, http://www.tmall.com, 
2159438|1, 2159438|1689, 2159494|1711, 2159494|2589, 2159554|2618, 2159606|2651, 2163046|3081, 2163144|3131, 2163144|3169, 2165384|3225, 2165488|3284, 2165488|3374, 2165623|3524, 2165623|3664, 2165797|3729, 2165917|3928, 2166551|3964, 2167163|4033, http://www.qq.com, 
2177638|1, 2177638|1703, 2177694|1726, 2177694|2469, 2177754|2624, 2178069|2677, 2178241|2709, 2178996|2839, 2181308|3126, 2181308|3205, 2181830|3235, 2183204|3447, 2183204|3650, 2183942|3759, 2186126|3848, 2186181|3884, 2186293|4037, http://www.jd.com, 
2209251|1, 2209251|1678, 2209311|1708, 2209311|2495, 2210736|2824, 2211230|2955, 2212770|3077, 2212770|3104, 2212972|3173, 2212972|3243, 2213092|3424, 2213664|3466, 2213664|3588, 2214316|3630, 2214316|3649, 2214813|3673, 2214813|3749, 2214893|3790, 2214893|3908, 2215333|3938, 2215333|4009, http://www.amazon.com, 
2255027|1, 2255027|1670, 2255089|1697, 2255089|2528, 2255149|2585, 2255516|2644, 2255676|2673, 2256845|2945, 2256845|3043, 2258333|3079, 2258385|3120, 2258743|3150, 2258743|3269, 2258863|3323, 2259487|3351, 2259487|3373, 2259799|3397, 2259977|3422, 2260812|3446, 2260954|3469, 2260954|3493, 2261006|3526, 2261058|3548, 2261058|3767, 2261474|3796, 2261846|3903, 2262180|3932, 2262697|3960, 2262853|4044, http://www.linkedin.com, 
2291180|1, 2291180|1726, 2291238|1748, 2291238|2593, 2291298|2653, 2291821|2757, 2292053|2863, 2294426|3025, 2294426|3066, 2294864|3143, 2294864|3515, 2295040|3605, 2295040|3758, 2295100|3813, 2295664|4001, http://www.sohu.com, 
2323307|1, 2323307|2555, 2323682|2637, 2324621|2828, 2325035|2941, 2326933|3026, 2326933|3281, 2327053|3311, 2327677|3399, 2327677|3435, 2328652|3486, 2329144|3526, 2329196|3552, 2329248|3575, 2329248|3844, 2329612|3872, 2329612|4006, http://www.linkedin.com, 
2357462|1, 2357462|2605, 2357837|2736, 2359149|3073, 2361151|3220, 2361151|3401, 2361271|3500, 2363545|3608, 2363649|3637, 2363649|3750, 2363930|3834, 2364691|3993, 2364691|4148, http://www.instagram.com, 
2383782|1, 2383782|1680, 2383841|1702, 2383841|2507, 2383901|2580, 2385541|3032, 2387491|3076, 2387491|3246, 2387966|3295, 2388018|3331, 2388978|3527, 2389098|3559, 2389675|3610, 2389899|3647, 2389899|3672, 2391716|3799, 2392028|3833, 2392132|4159, http://www.imgur.com, 
2405681|1, 2405681|1718, 2405741|1742, 2405741|2515, 2405801|2547, 2407213|3087, 2409693|3157, 2409693|3189, 2410157|3234, 2410197|3289, 2410255|3321, 2410255|3430, 2410375|3461, 2410375|3506, 2410948|3532, 2410948|3579, 2410988|3619, 2411108|3646, 2411108|3693, 2411676|3785, 2411676|3962, 2411796|3991, 2411962|4014, http://www.taobao.com, 
2423101|1, 2423101|78, 2423171|99, 2423171|123, 2423231|148, 2423271|172, 2423662|204, 2423828|242, 2424656|270, 2424696|301, 2424696|567, 2424756|593, 2424756|614, 2425027|640, 2425353|680, 2426214|720, 2426214|803, 2426254|830, 2426254|928, 2426314|987, 2426354|1014, 2426585|1039, 2426745|1101, 2428201|1147, 2428201|1228, 2428241|1275, 2428241|1650, 2428297|1680, 2428297|2449, 2428368|2477, 2428368|2511, 2428428|2547, 2428743|2599, 2429339|2778, 2429602|2889, 2430132|2945, 2431724|3028, 2431776|3121, 2432134|3161, 2432134|3214, 2432606|3255, 2432606|3528, 2434478|3583, 2434536|3611, 2434596|3965, 2435263|4090, http://www.qq.com, 
2447905|1, 2447905|1770, 2447966|1793, 2447966|2461, 2448026|2668, 2448733|2891, 2451262|3073, 2451620|3110, 2451620|3199, 2452147|3258, 2453707|4119, http://www.sina.com.cn, 
2482731|1, 2482731|1715, 2482789|1750, 2482789|2506, 2482849|2561, 2482849|2594, 2482909|2642, 2482909|2671, 2483224|2727, 2483576|2766, 2486463|3093, 2486463|3314, 2486937|3394, 2487465|3523, 2487577|3552, 2487697|3585, 2487697|3664, 2488317|3708, 2488317|3801, 2488733|3867, 2488733|3945, 2489071|3981, 2489305|4006, http://www.live.com, 
2500253|1, 2500253|2497, 2500374|2621, 2500689|2659, 2503670|3005, 2504028|3090, 2504028|3217, 2504502|3277, 2504502|3340, 2504554|3389, 2505030|3421, 2505030|3453, 2505082|3483, 2505202|3525, 2505202|3640, 2505822|3698, 2505822|3759, 2506238|3801, 2506238|3855, 2506290|3919, 2506810|3941, 2506810|4008, http://www.live.com, 
2516005|1, 2516005|1713, 2516064|1736, 2516064|2489, 2516191|2574, 2516251|2605, 2516566|2635, 2516566|2845, 2519783|3010, 2519881|3101, 2519881|3196, 2520344|3231, 2520344|3555, 2520441|3600, 2520561|3628, 2520561|3673, 2520613|3730, 2520613|3818, 2520673|3843, 2521239|3912, 2521239|4027, http://www.baidu.com, 
2548818|1, 2548818|1680, 2548874|1704, 2548874|2462, 2549001|2581, 2549061|2639, 2549376|2687, 2549588|2736, 2550187|2812, 2550653|2908, 2552667|3134, 2552667|3430, 2552787|3473, 2552787|3685, 2553406|3788, 2553406|3896, 2553466|3923, 2553777|3991, 2554130|4046, http://www.qq.com, 
2566874|1, 2566874|1697, 2566935|1720, 2566935|2540, 2568651|2984, 2570191|3032, 2570549|3093, 2570549|3116, 2571026|3196, 2571026|3289, 2571198|3361, 2571198|3409, 2571820|3445, 2572488|3515, 2572488|3538, 2572592|3587, 2573297|3623, 2573297|3866, 2573401|3932, 2575161|3957, 2575847|4003, http://www.netflix.com, 
2638322|1, 2638322|2622, 2638382|2656, 2640682|2895, 2642037|2942, 2642089|2973, 2644085|3058, 2644183|3151, 2644183|3369, 2644364|3607, 2644424|3659, 2644504|3739, 2644504|3876, 2645160|3910, 2645381|4142, http://www.360.cn, 
2658807|1, 2658807|1709, 2658866|1734, 2658866|2478, 2658926|2591, 2658926|2617, 2659413|2684, 2661994|2900, 2662468|3018, 2662468|3158, 2663091|3352, 2663091|3388, 2663376|3426, 2663661|3455, 2663661|4010, http://www.tmall.com, 
2675576|1, 2675576|1732, 2675636|1758, 2675636|2235, 2675696|2279, 2675696|2385, 2675961|2410, 2675961|2504, 2676117|2592, 2676288|2666, 2676603|2720, 2678267|3044, 2679858|3115, 2679858|3383, 2679978|3434, 2679978|3563, 2680550|3618, 2680550|3670, 2680870|3700, 2681202|3727, 2681202|3750, 2681699|3775, 2681699|3830, 2681739|3863, 2681779|3890, 2681859|4012, http://www.amazon.com, 
2719699|1, 2719699|2437, 2719826|2467, 2719826|2499, 2719886|2547, 2720201|2573, 2723416|2986, 2723416|3130, 2723536|3213, 2723536|3379, 2724108|3416, 2724108|3515, 2724594|3546, 2724760|3573, 2725257|3600, 2725257|3680, 2725337|3719, 2725337|3845, 2726177|3951, 2726377|3989, 2726377|4042, http://www.amazon.com, 
2760730|1, 2760730|2058, 2760790|2094, 2761692|2287, 2764361|2543, 2764459|2576, 2764459|2746, 2765205|2831, 2765925|2924, 2766893|2962, 2766893|3379, 2767935|3522, 2768051|3830, 2768422|4004, http://www.instagram.com, 
2791558|1, 2791558|2550, 2791618|2627, 2791618|2662, 2791933|3010, 2795208|3142, 2795208|3250, 2796108|3451, 2797277|3487, 2797419|3524, 2797471|3549, 2797523|3615, 2797523|3805, 2797887|3853, 2798259|3936, 2798593|3992, 2799347|4077, http://www.linkedin.com, 
2829984|1, 2829984|2386, 2830907|2915, 2833430|3017, 2833550|3220, 2833550|3250, 2834174|3282, 2834174|3312, 2834842|3344, 2835589|3395, 2835641|3432, 2835641|3461, 2835693|3488, 2835693|3753, 2836057|3802, 2836057|4185, http://www.linkedin.com, 
2864191|1, 2864191|2614, 2864303|2680, 2865943|3086, 2867841|3160, 2867841|3291, 2868313|3332, 2868417|3440, 2868537|3487, 2868537|3530, 2869109|3567, 2869109|3625, 2869215|3656, 2869335|3682, 2869335|3754, 2869930|3790, 2869930|3813, 2869982|3861, 2870102|3903, 2870102|3947, 2870710|3972, 2870710|4007, http://www.vk.com, 
2874630|1, 2874630|2548, 2874690|2640, 2875672|2788, 2875828|2828, 2877782|3059, 2878180|3138, 2878180|3283, 2878481|3586, 2880573|4065, http://www.360.cn, 
2893860|1, 2893860|1161, 2893918|1190, 2893918|1974, 2894045|2055, 2894812|2199, 2897301|2507, 2897711|2560, 2897711|2618, 2898185|2642, 2898185|2686, 2898237|2737, 2898713|2817, 2898765|2855, 2898885|2901, 2898885|3033, 2899505|3061, 2899505|3147, 2899921|3190, 2899921|3297, 2900025|3323, 2900493|3359, 2900493|3445, 2900545|3478, 2901278|3504, 2901278|3579, 2901486|3629, 2901538|3986, 2901538|4032, http://www.live.com, 
2910880|1, 2910880|2567, 2910940|2648, 2912139|2771, 2914249|3006, 2914687|3145, 2914687|3312, 2914743|3437, 2914743|3661, 2914863|3713, 2914903|3755, 2914903|3814, 2914963|3838, 2914963|3967, 2915245|3990, 2915527|4020, http://www.sohu.com, 
2930079|1, 2930079|2634, 2930139|2688, 2930454|2727, 2931338|2877, 2932917|2919, 2933487|3062, 2935492|3195, 2935492|3312, 2936008|3358, 2936008|3419, 2941011|3568, 2941461|3605, 2944036|3648, 2947207|3768, 2947207|3824, 2947593|3868, 2947853|4112, http://www.facebook.com, 
2961601|1, 2961601|1227, 2961664|1253, 2961664|2121, 2961724|2168, 2961724|2195, 2962091|2235, 2964856|2552, 2965266|2610, 2965266|2719, 2965797|2804, 2968253|3057, 2968719|3104, 2969620|3208, 2969724|3342, 2969724|3647, 2969784|3684, 2969784|3722, 2970095|3760, 2970095|3784, 2972753|3833, 2972753|3859, 2972857|3898, 2975891|3938, 2976093|4011, http://www.wikipedia.org, 
2980364|1, 2980364|1708, 2980420|1739, 2980420|2522, 2980480|2553, 2980480|2581, 2980795|2636, 2981003|2696, 2983880|3051, 2984134|3152, 2984134|3242, 2984656|3271, 2985748|3377, 2985748|3412, 2985966|3519, 2985966|3879, 2986026|3917, 2986026|3940, 2986337|3971, 2986337|4001, http://www.jd.com, 
2997454|1, 2997454|2524, 2997514|2592, 2999106|2907, 3001056|3042, 3001056|3209, 3001700|3429, 3001700|3452, 3001752|3473, 3002272|3500, 3002272|3551, 3002444|3606, 3002444|3659, 3003039|3682, 3003039|3745, 3003211|3793, 3003211|3861, 3003819|3887, 3003819|3925, 3004591|3961, 3005274|3986, 3005274|4012, http://www.vk.com, 
3021585|1, 3021585|2486, 3021772|2593, 3022347|2704, 3022527|2775, 3023308|2858, 3023360|2913, 3023424|2983, 3025200|3056, 3025402|3132, 3025402|3391, 3025522|3419, 3025522|3480, 3026146|3720, 3026758|4137, http://www.sohu.com, 
3047837|1, 3047837|2514, 3052647|2955, 3054135|3138, 3054545|3230, 3054545|3310, 3058047|3479, 3061241|3601, 3063299|3703, 3063359|4292, http://www.facebook.com, 
3071815|1, 3071815|1710, 3071874|1738, 3071874|2545, 3071934|2571, 3071934|2624, 3072249|2663, 3073072|2862, 3073486|2993, 3075500|3117, 3075500|3186, 3076027|3288, 3076027|3332, 3076765|3446, 3076765|3472, 3076921|3499, 3077745|3557, 3078562|3583, 3078562|3609, 3078666|3669, 3078666|3751, 3078770|3783, 3080696|3902, 3083472|4008, http://www.yahoo.com, 
3112365|1, 3112365|1169, 3112424|1197, 3112424|1736, 3112738|1761, 3112738|1820, 3112790|1845, 3112790|2085, 3112944|2115, 3113259|2166, 3114640|2430, 3116180|2546, 3116632|2574, 3116632|2720, 3117159|2772, 3117211|2802, 3117318|2833, 3117438|2884, 3118013|2910, 3118013|2932, 3118294|3012, 3118294|3038, 3118871|3066, 3118923|3099, 3119761|3183, 3119969|3209, 3120964|3281, 3121276|3312, 3122321|3354, 3129227|4025, http://www.imgur.com, 
3148883|1, 3148883|1683, 3148942|1709, 3148942|2471, 3149002|2546, 3149317|2593, 3149473|2791, 3150590|2875, 3152158|2973, 3152210|3018, 3152568|3048, 3152568|3139, 3153031|3162, 3153031|3487, 3153071|3521, 3153128|3546, 3153248|3591, 3153248|3640, 3153300|3662, 3153300|3776, 3153360|3806, 3153360|3829, 3153926|3853, 3153926|4002, http://www.baidu.com, 
3186681|1, 3186681|493, 3186721|514, 3186721|1614, 3186761|1643, 3186761|1708, 3186817|1741, 3186817|2563, 3187192|2672, 3187544|2739, 3187963|2788, 3188545|3037, 3188545|3116, 3190085|3205, 3192967|3577, 3194134|3776, 3194189|3814, 3194254|3956, 3194374|4028, http://www.qq.com, 
3215485|1, 3215485|1707, 3215545|1729, 3215545|2511, 3215977|2591, 3216292|2623, 3216448|2685, 3216680|2777, 3219197|3053, 3219555|3086, 3219555|3234, 3220019|3287, 3220117|3327, 3220117|3443, 3220237|3473, 3220237|3503, 3220970|3622, 3220970|3650, 3221538|3678, 3221538|4008, http://www.taobao.com, 
3234815|1, 3234815|92, 3234895|123, 3234895|1703, 3234956|1744, 3234956|2496, 3236213|2780, 3236679|2883, 3238577|3052, 3238577|3188, 3239468|3502, 3244698|3778, 3244758|3865, 3245233|4042, http://www.sina.com.cn, 
3280911|1, 3280911|1722, 3280970|1744, 3280970|2539, 3281030|2618, 3281756|2817, 3282757|2970, 3284245|3006, 3284297|3045, 3284655|3104, 3284655|3188, 3285302|3344, 3285302|3367, 3285920|3394, 3285920|3421, 3286900|3477, 3286900|3500, 3287717|3537, 3287769|3563, 3287769|3589, 3287821|3611, 3287821|3708, 3288029|3747, 3288916|3812, 3290280|3896, 3294788|4010, http://www.yahoo.com, 
3317473|1, 3317473|1698, 3317533|1722, 3317533|2479, 3317654|2587, 3317654|2631, 3317714|2658, 3318029|2697, 3318996|2992, 3321308|3172, 3321308|3253, 3321428|3342, 3322642|3426, 3323381|3504, 3323381|3718, 3323641|3753, 3324057|3921, 3324399|4002, http://www.amazon.com, 
3360629|1, 3360629|1165, 3360689|1190, 3360689|1997, 3360749|2043, 3360749|2070, 3361116|2123, 3361456|2172, 3362341|2311, 3362457|2455, 3364355|2582, 3364355|2637, 3364475|2818, 3366561|2964, 3366613|3000, 3366613|4012, http://www.reddit.com, 
3378811|1, 3378811|1671, 3378870|1697, 3378870|2489, 3378932|2532, 3379528|2701, 3380505|2752, 3380971|2809, 3382539|2930, 3382949|3007, 3382949|3387, 3383412|3419, 3383412|3462, 3383572|3571, 3384142|3603, 3384142|4012, http://www.tmall.com, 
3398544|1, 3398544|1154, 3398604|1196, 3398604|1962, 3398664|2124, 3398979|2175, 3401936|2498, 3402294|2542, 3402294|2686, 3402758|2721, 3402856|2797, 3402856|2940, 3402976|3020, 3403609|3046, 3403609|3073, 3403689|3112, 3404377|3192, 3404377|3596, 3404617|3621, 3405580|3679, 3405580|3701, 3405778|3732, 3405818|3778, 3405818|4003, http://www.taobao.com, 
3421639|1, 3421639|2465, 3421699|2618, 3421699|2891, 3425241|3115, 3425241|3214, 3425716|3246, 3425716|3302, 3427486|3519, 3428162|3550, 3428304|3577, 3428356|3615, 3428408|3640, 3428408|3742, 3429929|3881, 3442343|4652, http://www.yahoo.com, 
3455904|1, 3455904|2526, 3455964|2558, 3455964|2579, 3456279|2608, 3456551|2784, 3456731|2896, 3458191|2989, 3458766|3033, 3461570|3178, 3461622|3219, 3461980|3246, 3461980|3287, 3462160|3408, 3464102|3469, 3467458|3560, 3468676|3612, 3469544|3640, 3470110|3670, 3470274|3696, 3470846|3855, 3470846|4033, http://www.facebook.com, 
3479522|1, 3479522|2575, 3479582|2645, 3480824|2847, 3481250|2979, 3483148|3100, 3483148|3314, 3483268|3388, 3483320|3427, 3483894|3451, 3485232|3544, 3485336|3572, 3485474|3598, 3485474|4081, http://www.wikipedia.org, 
3495375|1, 3495375|2560, 3495435|2621, 3495435|2661, 3497545|2844, 3500275|3049, 3500685|3162, 3500685|3355, 3501112|3391, 3502006|3435, 3503682|3468, 3504634|3500, 3507448|3530, 3510835|3566, 3512133|3596, 3514731|3652, 3517511|3715, 3520409|3788, 3521341|3818, 3521651|3841, 3521963|3888, 3523085|3963, 3523137|3996, 3523137|4017, http://www.google.com, 
3536210|1, 3536210|2553, 3536272|2597, 3536337|2627, 3536397|2658, 3536397|2694, 3536884|2751, 3536924|2778, 3539749|3050, 3541237|3180, 3541647|3250, 3541647|3307, 3556262|3759, 3562784|3893, 3563905|4002, http://www.google.com, 
3577089|1, 3577089|1701, 3577148|1724, 3577148|2525, 3577208|2568, 3577208|2593, 3577523|2616, 3577679|2642, 3578824|2849, 3580480|2979, 3580838|3059, 3580838|3265, 3581301|3340, 3581461|3439, 3581461|3472, 3582031|3500, 3582031|4012, http://www.tmall.com, 
3595272|1, 3595272|2610, 3598962|3218, 3598962|3246, 3599425|3292, 3599465|3351, 3599585|3444, 3600155|3477, 3600155|4018, http://www.tmall.com, 
3611558|1, 3611558|2374, 3611618|2523, 3611933|2586, 3612141|2651, 3612193|2680, 3612193|2705, 3612688|2812, 3613310|2946, 3615208|3081, 3615208|3225, 3615680|3262, 3615680|3286, 3615852|3373, 3615852|3406, 3616424|3431, 3616424|3499, 3616476|3538, 3616596|3573, 3616596|3596, 3617191|3631, 3617191|3697, 3617363|3770, 3617363|3823, 3617971|3850, 3617971|3897, 3618743|3947, 3619568|4017, http://www.vk.com, 
3635578|1, 3635578|2556, 3635638|2648, 3640735|3136, 3642051|3194, 3643721|3338, 3646662|3412, 3649221|3470, 3650743|3533, 3652393|3817, 3652393|4140, http://www.facebook.com, 
3661392|1, 3661392|1766, 3661451|1793, 3661451|2551, 3661511|2631, 3661511|2671, 3663203|2943, 3665003|3041, 3665101|3095, 3665101|3226, 3665176|3249, 3667357|3461, 3667357|3507, 3667529|3568, 3668104|3610, 3668104|3632, 3668156|3658, 3668156|3686, 3668208|3711, 3668317|3743, 3668437|3780, 3669014|3806, 3669014|3826, 3669066|3849, 3669238|3874, 3669238|3897, 3669852|3923, 3669852|3946, 3670164|3970, 3671055|4007, http://www.imgur.com, 
3684638|1, 3684638|2542, 3684825|2640, 3685348|2729, 3685775|2833, 3686644|3031, 3688184|3116, 3688542|3199, 3688542|3236, 3688602|3283, 3690688|3405, 3691674|3482, 3692758|3564, 3692758|3630, 3692966|3668, 3692966|3785, 3693558|3827, 3693852|3959, 3693852|4017, http://www.instagram.com, 
3714062|1, 3714062|1740, 3714118|1762, 3714118|2606, 3714885|2850, 3717310|3027, 3717362|3058, 3717720|3192, 3717720|3288, 3717780|3357, 3718976|3419, 3719694|3507, 3719746|3530, 3719746|3586, 3720062|3781, 3720062|4006, http://www.jd.com, 
3730726|1, 3730726|2555, 3730786|2599, 3731924|2836, 3732418|3013, 3734376|3132, 3734697|3177, 3734998|3226, 3735866|3295, 3735986|3328, 3735986|3546, 3736046|3574, 3736046|3597, 3736610|3650, 3736610|3885, 3736650|3909, 3737857|4047, http://www.sohu.com, 
3748989|1, 3748989|2583, 3749049|2614, 3752245|2989, 3752655|3053, 3752655|3099, 3752715|3158, 3753036|3240, 3753782|3322, 3754450|3381, 3755534|3471, 3755586|3524, 3755835|3562, 3756553|3607, 3757732|3799, 3757732|4083, http://www.instagram.com, 
3777582|1, 3777582|2426, 3777642|2554, 3777642|2585, 3777957|2620, 3780786|2948, 3781196|3053, 3781256|3113, 3783191|3162, 3783492|3200, 3783799|3234, 3784360|3389, 3785050|3621, 3785050|3666, 3785276|3740, 3786210|3824, 3787186|4030, http://www.jd.com, 
3812014|1, 3812014|1719, 3812073|1744, 3812073|2630, 3812133|2656, 3812133|2710, 3812604|2841, 3814151|3071, 3815841|3110, 3815841|3188, 3815901|3269, 3818769|3516, 3818938|3544, 3819575|3611, 3819627|3666, 3819799|3692, 3820413|3715, 3820413|3737, 3821081|3786, 3821616|3811, 3821928|3845, 3822032|4002, http://www.imgur.com, 
3837556|1, 3837556|1677, 3837614|1699, 3837614|2439, 3837679|2559, 3837679|2597, 3837739|2622, 3837739|2644, 3838054|2671, 3838210|2713, 3839067|2925, 3841495|3092, 3841575|3170, 3841575|3211, 3841635|3256, 3841956|3309, 3843360|3563, 3843420|3674, 3843984|3807, 3843984|4001, http://www.sohu.com, 
3871908|1, 3871908|2564, 3871968|2616, 3871968|2643, 3873026|2905, 3875267|3051, 3875625|3108, 3875625|3178, 3876006|3231, 3876006|3265, 3876307|3295, 3877025|3355, 3877295|3388, 3877399|3412, 3877399|3526, 3877921|3561, 3879673|3698, 3879673|3765, 3880006|3936, 3880767|4227, http://www.instagram.com, 
3897749|1, 3897749|2506, 3898883|2745, 3899401|2945, 3901351|3079, 3901351|3120, 3901732|3186, 3901732|3219, 3902751|3325, 3903073|3366, 3905141|3527, 3905141|3554, 3905245|3583, 3905331|3612, 3905391|4120, http://www.wikipedia.org, 
3916014|1, 3916014|2491, 3916074|2547, 3916074|2596, 3917782|2969, 3919680|3086, 3920061|3145, 3922184|3328, 3922770|3360, 3923522|3395, 3923712|4044, http://www.wikipedia.org, 
3933312|1, 3933312|1240, 3933372|1261, 3933372|2116, 3933432|2163, 3933432|2190, 3933747|2238, 3934187|2312, 3934187|2345, 3937086|2669, 3937467|2760, 3939970|2936, 3940709|3044, 3940709|3320, 3941385|3424, 3941448|3452, 3942785|3604, 3943330|3842, 3947325|3989, 3950652|4094, http://www.amazon.com, 
4015886|1, 4015886|1707, 4015945|1730, 4015945|2491, 4016007|2526, 4016132|2561, 4016377|2660, 4019561|3065, 4019613|3105, 4020031|3138, 4020352|3170, 4020352|3198, 4020653|3223, 4022048|3345, 4022168|3413, 4022168|3442, 4022786|3474, 4023766|3558, 4024583|3593, 4024583|3624, 4024635|3649, 4024687|3671, 4024687|3775, 4025130|3824, 4027639|3960, 4031151|4224, http://www.yahoo.com, 
4054390|1, 4054390|1677, 4054451|1725, 4054451|2502, 4054511|2651, 4055374|2762, 4056103|2881, 4056219|2961, 4056219|2998, 4057759|3045, 4058019|3077, 4058117|3124, 4058117|3152, 4058177|3193, 4058177|3255, 4060221|3299, 4064996|3414, 4065250|3442, 4065250|3566, 4065996|3633, 4065996|3809, 4066531|3849, 4066531|4009, http://www.sina.com.cn, 
4105956|1, 4105956|2472, 4106027|2513, 4106087|2628, 4106794|2722, 4107627|2955, 4109167|3028, 4109605|3063, 4109605|3125, 4109665|3161, 4109665|3192, 4109986|3220, 4110287|3250, 4111125|3321, 4111443|3389, 4111443|3537, 4111503|3560, 4111503|3628, 4112067|3655, 4112067|3873, 4112107|3895, 4112107|3917, 4112227|3940, 4112513|3968, 4112679|3990, 4113314|4025, http://www.sohu.com, 
4126491|1, 4126491|1728, 4126551|1782, 4126551|2673, 4126611|2737, 4126926|2776, 4127186|2863, 4127306|2914, 4128227|3026, 4129819|3187, 4130177|3235, 4130177|3424, 4132139|3593, 4132409|3657, 4132982|3691, 4132982|3718, 4133022|3768, 4133142|3791, 4133142|3814, 4133710|3842, 4133710|4039, http://www.taobao.com, 
4146166|1, 4146166|2519, 4146227|2546, 4146347|2600, 4146662|2630, 4146846|2679, 4147421|2838, 4147991|3038, 4149479|3081, 4149889|3167, 4150413|3251, 4150413|3281, 4150930|3417, 4152636|3487, 4152796|3514, 4152796|3550, 4153364|3597, 4153364|4004, http://www.taobao.com, 
4163531|1, 4163531|1682, 4163592|1705, 4163592|2496, 4163652|2611, 4164826|2858, 4166896|3029, 4167306|3116, 4167306|3140, 4167366|3170, 4168164|3230, 4169183|3304, 4169235|3342, 4169505|3462, 4169505|3514, 4170127|3545, 4170127|3567, 4170795|3612, 4170795|3670, 4171602|3729, 4171602|4002, http://www.netflix.com, 
4238733|1, 4238733|1663, 4238793|1689, 4238793|2451, 4238920|2483, 4239295|2568, 4239451|2611, 4240154|2741, 4240620|2777, 4240620|2821, 4242634|3064, 4242634|3135, 4242694|3169, 4242694|3199, 4243015|3255, 4246520|3442, 4246662|3481, 4246714|3509, 4246714|3653, 4247234|3777, 4247494|3853, 4247494|4154, http://www.reddit.com, 
4256654|1, 4256654|1696, 4256710|1726, 4256710|2592, 4256770|2644, 4257085|2675, 4260360|3048, 4260360|3210, 4260420|3236, 4264268|3547, 4264268|3614, 4264366|3691, 4264421|3764, 4264421|3876, 4264541|3913, 4264601|3943, 4264661|3975, 4264661|4014, http://www.qq.com, 
4280764|1, 4280764|2480, 4283964|3101, 4284514|3165, 4284991|3234, 4284991|3286, 4285360|3365, 4286130|3413, 4286182|3440, 4286280|3464, 4286280|3567, 4286340|3589, 4286340|3639, 4286904|3664, 4286904|3927, 4287064|3956, 4287516|4022, http://www.sohu.com, 
4299512|1, 4299512|1698, 4299573|1802, 4299573|2541, 4299948|2608, 4300104|2658, 4301611|2892, 4303561|3006, 4303561|3164, 4303621|3207, 4303942|3242, 4311432|3474, 4311432|3616, 4312618|3931, 4312710|3959, 4313192|4001, http://www.sina.com.cn, 
4332043|1, 4332083|27, 4332083|1693, 4332139|1722, 4332139|2527, 4332199|2595, 4332199|2622, 4333699|2977, 4335239|3006, 4335677|3052, 4335677|3145, 4335737|3171, 4336058|3207, 4337077|3298, 4337399|3454, 4338256|3736, 4338883|4039, http://www.360.cn, 
4351190|1, 4351190|2608, 4351250|2700, 4351565|2740, 4353124|2943, 4354744|3155, 4355154|3212, 4355154|3371, 4356060|3682, 4356830|3711, 4357552|3971, 4358800|4537, http://www.360.cn, 
4370120|1, 4370120|1722, 4370176|1748, 4370176|2495, 4370238|2536, 4370363|2626, 4370363|2662, 4373599|3067, 4374017|3130, 4374338|3155, 4376971|3266, 4377121|3453, 4377121|3494, 4377339|3721, 4377339|4023, http://www.jd.com, 
4390119|1, 4390119|1285, 4390244|1307, 4390244|1329, 4390296|1352, 4390296|1722, 4390357|1752, 4390357|2564, 4390417|2703, 4390732|2734, 4391969|2971, 4393573|3033, 4393983|3099, 4393983|3342, 4394520|3375, 4394841|3417, 4396398|3582, 4396398|3605, 4397020|3630, 4397020|3687, 4397953|3715, 4397953|3820, 4398920|3846, 4399031|3879, 4399031|4017, http://www.netflix.com, 
4456201|1, 4456201|1687, 4456259|1709, 4456319|1743, 4456319|1850, 4456584|1876, 4456584|1973, 4456740|2009, 4456740|2039, 4456851|2066, 4456851|2485, 4456911|2600, 4457226|2627, 4457434|2677, 4460565|3093, 4460565|3144, 4460625|3169, 4461420|3209, 4462967|3337, 4463117|3397, 4463229|3429, 4463349|3456, 4463349|3540, 4463401|3569, 4463969|3614, 4463969|3648, 4464385|3722, 4464385|3796, 4464437|3817, 4464957|3899, 4464957|4006, http://www.live.com, 
4476041|1, 4476041|1692, 4476104|1715, 4476104|2590, 4476164|2641, 4477756|2897, 4479672|3016, 4479770|3092, 4479770|3187, 4479830|3223, 4481968|3403, 4483676|3508, 4483866|3590, 4483866|4029, http://www.wikipedia.org, 
4492376|1, 4492376|2556, 4492436|2639, 4496573|2880, 4497281|2909, 4497501|2941, 4497501|3188, 4498989|3232, 4499459|3345, 4499780|3384, 4503939|3550, 4504503|3581, 4506415|3619, 4509639|3755, 4509639|4006, http://www.facebook.com, 
4518847|1, 4518847|2593, 4518907|2662, 4519394|2723, 4519614|2758, 4521793|2918, 4523333|3040, 4523691|3070, 4523691|3105, 4524053|3149, 4524053|3191, 4524105|3250, 4524105|3293, 4524180|3330, 4524240|3372, 4525831|3399, 4527680|3463, 4529478|3494, 4530170|3523, 4535881|3555, 4536973|3592, 4539259|3644, 4541227|3671, 4542365|3711, 4544951|3762, 4546713|3805, 4546817|3830, 4546817|3912, 4547937|3952, 4547989|3985, 4547989|4005, http://www.google.com, 
4560991|1, 4560991|1746, 4561050|1768, 4561050|2558, 4561177|2608, 4561237|2656, 4561237|2758, 4561604|2809, 4562259|2985, 4564293|3171, 4564495|3256, 4564876|3304, 4566508|3514, 4566508|3611, 4566548|3637, 4566605|3661, 4566725|3703, 4566725|3894, 4566837|3919, 4566837|3943, 4567403|3967, 4567403|4010, http://www.baidu.com, 
4591453|1, 4591453|56, 4591493|78, 4591493|2527, 4591553|2659, 4592088|3000, 4592088|3030, 4592244|3065, 4594286|3161, 4595278|3221, 4595573|3262, 4596291|3308, 4596441|3347, 4596441|3686, 4597561|3758, 4597621|3821, 4597621|3857, 4597739|3904, 4597791|3942, 4598531|4052, http://www.baidu.com, 
4633489|1, 4633489|502, 4633529|525, 4633529|715, 4633609|736, 4633609|2422, 4633669|2579, 4633984|2618, 4634795|2753, 4637211|3002, 4637271|3058, 4637271|3085, 4637592|3112, 4637592|3141, 4637945|3236, 4638899|3293, 4639101|3326, 4639727|3366, 4640176|3393, 4640313|3418, 4641065|3445, 4641255|3491, 4641315|4108, http://www.wikipedia.org, 
4648524|1, 4648524|1717, 4648580|1739, 4648580|2580, 4648640|2627, 4648640|2656, 4648692|2683, 4649766|2800, 4649922|2870, 4652136|3117, 4652294|3145, 4652294|3168, 4652615|3206, 4653388|3257, 4655978|3301, 4656128|3503, 4656307|3670, 4656307|3765, 4656367|3816, 4656427|3842, 4656865|3883, 4656865|3954, 4657402|3977, 4657402|4010, http://www.qq.com, 
4668678|1, 4668678|2609, 4669105|2706, 4673948|3087, 4673948|3135, 4674008|3161, 4674008|3189, 4674329|3214, 4674329|3244, 4674630|3275, 4676614|3323, 4679764|3408, 4685645|3492, 4689801|3533, 4693215|3632, 4696425|3693, 4696633|3717, 4696633|3807, 4696940|3828, 4697805|3872, 4697805|3923, 4698533|3952, 4699203|4069, http://www.google.com, 
4709891|1, 4709891|2580, 4709953|2604, 4710078|2689, 4710745|2898, 4713250|3065, 4713608|3096, 4713608|3266, 4714132|3309, 4714613|3419, 4716205|3450, 4716205|3479, 4716447|3505, 4716567|3529, 4716567|3577, 4717135|3604, 4717135|4016, http://www.taobao.com, 
4728130|1, 4728130|85, 4728170|113, 4728170|1718, 4728230|1750, 4728230|2598, 4728290|2654, 4728290|2682, 4729572|2863, 4731422|2956, 4731892|3150, 4732213|3205, 4732213|3230, 4732514|3285, 4732514|3305, 4733658|3404, 4734278|3431, 4734278|3452, 4734946|3487, 4735602|3512, 4735796|3575, 4735848|3599, 4735848|3757, 4736628|3853, 4736628|4035, http://www.reddit.com, 
4743898|1, 4743898|1707, 4743960|1729, 4743960|2561, 4744335|2633, 4745612|2943, 4747152|2985, 4747464|3063, 4747622|3099, 4747622|3122, 4747943|3152, 4748244|3179, 4748244|3217, 4749112|3368, 4749856|3407, 4751323|3482, 4751323|3507, 4751375|3530, 4751427|3553, 4751427|3846, 4751739|3877, 4751739|4028, http://www.linkedin.com, 
4779369|1, 4779369|1709, 4779430|1732, 4779430|2547, 4779490|2603, 4779490|2635, 4779710|2758, 4779710|3019, 4782187|3113, 4782291|3143, 4782389|3183, 4782976|3216, 4790271|3615, 4790271|3778, 4790331|3813, 4790331|3894, 4790371|3980, 4790866|4007, http://www.sina.com.cn, 
4817408|1, 4817408|1701, 4817466|1730, 4817466|2497, 4817526|2629, 4817893|2685, 4819222|2990, 4821068|3017, 4821068|3193, 4821128|3219, 4821602|3246, 4821923|3280, 4823792|3462, 4823792|3562, 4824412|3592, 4824412|3697, 4824828|3723, 4824828|3787, 4824880|3817, 4825166|3839, 4825400|3861, 4825504|4038, http://www.live.com, 
4833742|1, 4833742|1706, 4833798|1731, 4833798|2527, 4833858|2626, 4833858|2651, 4834018|2689, 4836607|3013, 4837025|3099, 4837025|3125, 4837346|3151, 4837818|3176, 4838119|3217, 4839061|3294, 4839217|3323, 4839315|3359, 4839887|3387, 4839887|3434, 4839939|3459, 4839939|3483, 4840053|3509, 4840113|3534, 4840113|3577, 4840708|3600, 4840708|3667, 4840760|3706, 4840880|3732, 4840880|3790, 4841488|3813, 4841488|3856, 4841904|3886, 4842260|3913, 4842943|3934, 4842943|3954, 4843085|3977, 4843137|4018, http://www.vk.com, 
4859251|1, 4859251|1670, 4859309|1693, 4859309|2485, 4859431|2552, 4859741|2611, 4859741|2639, 4861437|2886, 4861437|2940, 4862925|2974, 4863335|3026, 4863335|3170, 4863395|3192, 4863395|3221, 4863716|3251, 4864491|3293, 4865209|3397, 4865887|3429, 4865887|3484, 4866119|3524, 4866119|3640, 4866739|3663, 4866739|3784, 4866907|3808, 4866907|3900, 4866971|3921, 4866971|4013, http://www.live.com, 
4876354|1, 4876354|2495, 4876425|2572, 4876485|2615, 4877985|2787, 4880257|3012, 4880257|3102, 4880317|3132, 4880317|3158, 4880638|3182, 4880638|3205, 4880951|3266, 4882563|3448, 4883053|3480, 4883231|3506, 4883978|3552, 4884030|3576, 4884030|3599, 4884082|3620, 4884082|3924, 4884394|3998, 4884394|4041, http://www.linkedin.com, 
4913286|1, 4913286|1735, 4913346|1757, 4913346|2601, 4913406|2768, 4914615|3023, 4914720|3055, 4916103|3084, 4916155|3110, 4916513|3137, 4916513|3161, 4916894|3265, 4917195|3351, 4918145|3387, 4918881|3419, 4919751|3479, 4920549|3535, 4920601|3560, 4920601|3735, 4921405|3817, 4921465|4288, http://www.reddit.com, 
4928672|1, 4928672|2523, 4928732|2556, 4928732|2580, 4929047|2609, 4929754|2715, 4929754|2741, 4929910|2966, 4932314|3053, 4932314|3126, 4932374|3152, 4932695|3188, 4932996|3362, 4935171|3916, 4935171|4001, http://www.360.cn, 
4947177|1, 4947177|1712, 4947236|1735, 4947236|2503, 4947417|2599, 4947732|2636, 4949331|2910, 4951425|3098, 4951425|3147, 4951485|3177, 4952269|3218, 4952570|3321, 4953606|3388, 4953606|3665, 4954686|3697, 4954786|3886, 4956714|4253, http://www.baidu.com, 
4982596|1, 4982596|514, 4982636|541, 4982636|1317, 4982676|1342, 4982676|2575, 4982736|2633, 4983103|2694, 4983443|2739, 4984380|2951, 4985932|3022, 4985984|3070, 4985984|3101, 4986140|3124, 4986342|3149, 4986342|3194, 4986402|3237, 4986402|3268, 4986843|3324, 4987144|3374, 4988488|3404, 4988696|3431, 4989126|3458, 4989930|3481, 4989930|3508, 4990120|3585, 4990120|4031, http://www.wikipedia.org, 
4995917|1, 4995917|1709, 4995973|1736, 4995973|2505, 4996035|2547, 4996475|2628, 4996631|2951, 4999814|3047, 4999814|3150, 4999874|3174, 5000717|3212, 5000769|3241, 5002778|3536, 5002778|4027, http://www.jd.com, 
5013644|1, 5013644|2443, 5014019|2698, 5016744|2795, 5018954|2995, 5018954|3072, 5019014|3099, 5019014|3126, 5019636|3211, 5023320|3285, 5024772|3359, 5030861|3394, 5032887|3421, 5035739|3461, 5041093|3622, 5041509|3648, 5041509|3736, 5042630|3770, 5042682|3802, 5042682|3849, 5042734|3870, 5043982|3928, 5044080|3993, 5044080|4018, http://www.google.com, 
5053129|1, 5053129|1680, 5053190|1716, 5053190|2477, 5053250|2545, 5053565|2604, 5053721|2654, 5054005|2750, 5054580|2833, 5056494|3049, 5056904|3121, 5056964|3149, 5057285|3173, 5057285|3197, 5057586|3226, 5057893|3263, 5058781|3300, 5058983|3333, 5058983|3378, 5059087|3444, 5059207|3474, 5059207|3519, 5059829|3542, 5059829|3588, 5060497|3635, 5060497|3673, 5061304|3757, 5061304|4005, http://www.netflix.com, 
5121615|1, 5121615|2587, 5122957|2828, 5123371|2926, 5125269|3105, 5125269|3186, 5125329|3214, 5125329|3241, 5126127|3313, 5127146|3351, 5127198|3378, 5127468|3482, 5128090|3505, 5128090|3524, 5128142|3550, 5128758|3577, 5128758|3635, 5128862|3663, 5129565|3706, 5129565|4016, http://www.netflix.com, 
5179548|1, 5179548|2630, 5179608|2653, 5179608|2679, 5180315|2798, 5180734|3001, 5180734|3041, 5180997|3075, 5180997|3222, 5181057|3263, 5181057|3317, 5181320|3350, 5181320|3377, 5181440|3409, 5181440|3480, 5181500|3505, 5181500|3532, 5181821|3565, 5181821|3589, 5182174|3614, 5182286|3639, 5182442|3674, 5183835|3710, 5184689|3737, 5184689|3760, 5186570|3819, 5186882|3848, 5187066|4000, 5187066|4044, http://www.wikipedia.org, 
5195797|1, 5195797|2512, 5195857|2559, 5195857|2613, 5196172|2646, 5197497|2819, 5199447|3016, 5199447|3133, 5199507|3162, 5200029|3191, 5202767|3408, 5203285|3458, 5203403|3484, 5203463|3532, 5203463|3751, 5203523|3775, 5203523|3820, 5204050|3851, 5204050|4007, http://www.jd.com, 
5227858|1, 5227858|1719, 5227919|1744, 5227919|2540, 5228046|2619, 5228106|2652, 5228421|2712, 5231290|3077, 5231648|3132, 5231648|3197, 5231708|3230, 5232506|3294, 5232807|3342, 5233577|3368, 5233779|3409, 5233779|3465, 5233831|3496, 5233951|3528, 5233951|3589, 5234573|3628, 5234729|3654, 5235063|3680, 5235241|3712, 5235241|3738, 5235293|3763, 5235345|3788, 5236050|3810, 5236050|4007, http://www.netflix.com, 
5288469|1, 5288469|2605, 5288529|2660, 5288529|2719, 5289180|2868, 5289866|3062, 5291406|3130, 5291764|3168, 5291764|3241, 5291824|3279, 5292622|3373, 5293963|3472, 5293963|3519, 5294274|3548, 5294274|3576, 5294608|3616, 5294608|3668, 5294660|3703, 5295421|3727, 5295421|3754, 5295764|3806, 5295764|3834, 5295919|3857, 5296023|4023, http://www.netflix.com, 
5347680|1, 5347680|1685, 5347740|1708, 5347740|2603, 5347800|2650, 5348115|2684, 5351366|3073, 5351366|3166, 5351426|3190, 5351426|3216, 5351747|3255, 5354980|3486, 5354980|3512, 5355070|3536, 5355122|3558, 5355174|3581, 5355174|3727, 5355226|3755, 5355746|3786, 5355954|3847, 5355954|4288, http://www.reddit.com, 
5361515|1, 5361515|1681, 5361575|1706, 5361575|2624, 5361635|2650, 5362042|2708, 5362761|2795, 5363279|2912, 5364883|2971, 5364883|3012, 5365241|3108, 5365241|3129, 5365301|3156, 5365301|3184, 5365622|3209, 5365622|3244, 5367531|3369, 5368303|3420, 5368303|3443, 5368864|3467, 5368864|3691, 5369176|3787, 5369663|3876, 5372362|4255, http://www.amazon.com, 
5403801|1, 5403801|1756, 5403860|1791, 5403860|2603, 5403920|2653, 5403920|2691, 5407015|3103, 5407075|3144, 5407075|3172, 5407396|3202, 5407697|3260, 5408918|3311, 5409188|3402, 5409758|3433, 5409758|4011, http://www.tmall.com, 
5419617|1, 5419617|2544, 5419677|2567, 5419677|2616, 5419729|2639, 5420200|2696, 5421367|2779, 5422145|2814, 5422985|2978, 5424883|3097, 5424883|3146, 5424958|3185, 5425018|3221, 5425339|3257, 5427834|3364, 5427938|3406, 5429226|3442, 5430410|3471, 5430998|3496, 5436248|3525, 5436767|3548, 5440405|3579, 5441387|3634, 5442847|3672, 5443211|3696, 5447247|3813, 5447455|3842, 5448628|4005, http://www.google.com, 
5461080|1, 5461080|1687, 5461139|1710, 5461139|2460, 5461326|2589, 5461641|2624, 5461813|2662, 5461993|2698, 5463265|2963, 5464498|3000, 5464856|3041, 5464856|3116, 5464916|3147, 5464916|3184, 5465700|3213, 5466879|3392, 5467599|3416, 5467599|4008, http://www.tmall.com, 
5475603|1, 5475603|119, 5475643|144, 5475643|2455, 5475703|2537, 5475703|2573, 5476018|2667, 5477911|2773, 5480487|2996, 5481226|3148, 5481527|3193, 5482245|3247, 5483663|3296, 5486447|3404, 5487867|3433, 5492544|3458, 5493012|3481, 5496234|3524, 5498264|3604, 5500540|3652, 5503128|3700, 5503544|3739, 5503544|3790, 5504665|3847, 5504665|3871, 5504717|3894, 5505549|4002, http://www.google.com, 
5515124|1, 5515124|2596, 5515236|2680, 5516206|2815, 5517138|2889, 5520024|3047, 5520128|3128, 5520434|3173, 5520434|3228, 5520494|3264, 5520815|3291, 5520815|3316, 5532131|3525, 5532391|3567, 5537217|3626, 5537993|3652, 5539093|3697, 5541785|3817, 5541785|3882, 5543836|3906, 5544148|3931, 5544200|3967, 5544200|4011, http://www.google.com, 
5557051|1, 5557051|2549, 5557111|2593, 5557426|2660, 5561785|2933, 5563377|3096, 5563787|3131, 5563787|3181, 5563847|3217, 5564168|3243, 5564324|3284, 5564469|3405, 5570919|3540, 5572909|3608, 5573525|3632, 5573871|3660, 5574027|3684, 5574027|3730, 5574768|3801, 5575540|4148, http://www.facebook.com, 
5583457|1, 5583457|2619, 5583517|2663, 5583517|2693, 5583832|2721, 5583832|2753, 5584392|2850, 5588295|3006, 5590253|3257, 5590574|3315, 5590574|3340, 5590875|3376, 5591593|3438, 5595067|3555, 5595245|3583, 5597221|3610, 5597649|3636, 5598629|3669, 5600249|3730, 5600405|3894, 5600405|4201, http://www.facebook.com, 
5608131|1, 5608131|1698, 5608191|1722, 5608191|2543, 5608251|2602, 5608778|2707, 5609377|2767, 5609377|2806, 5609843|2866, 5609843|2893, 5611447|2942, 5611499|2970, 5611499|3003, 5611857|3041, 5611857|3250, 5611917|3286, 5611917|3313, 5612238|3348, 5612539|3372, 5612539|3416, 5613257|3450, 5613527|3486, 5614147|3510, 5614147|3535, 5614815|3582, 5615471|3607, 5615769|3630, 5615769|3877, 5616133|3940, 5616185|4076, http://www.reddit.com, 
5623499|1, 5623499|1735, 5623558|1762, 5623558|2496, 5623685|2563, 5623685|2588, 5623745|2641, 5624060|2667, 5624216|2712, 5625763|2906, 5627251|2949, 5627661|3154, 5627661|3207, 5628569|3264, 5629812|3389, 5630537|3430, 5630698|3457, 5630818|3481, 5630818|3508, 5631395|3532, 5631395|3554, 5631447|3579, 5631619|3603, 5631619|3631, 5632233|3657, 5632723|3686, 5633436|3712, 5633436|3738, 5633852|3816, 5634294|3945, 5636531|4338, http://www.imgur.com, 
5648253|1, 5648253|2571, 5648628|2608, 5649487|2818, 5651609|2915, 5651967|3036, 5651967|3116, 5652027|3139, 5652027|3165, 5652823|3202, 5652979|3235, 5654118|3322, 5654320|3358, 5654895|3389, 5654947|3413, 5655119|3438, 5655119|3462, 5655748|3525, 5655748|3550, 5655972|3578, 5655972|3604, 5656586|3629, 5656898|3653, 5657076|3680, 5657789|3715, 5657789|3740, 5658153|3794, 5658205|3854, 5658205|4298, http://www.imgur.com, 
5675952|1, 5675952|111, 5676035|143, 5676035|278, 5676087|304, 5676087|1708, 5676146|1734, 5676146|2600, 5677488|2871, 5679286|3006, 5679696|3051, 5679696|3230, 5679756|3256, 5679756|3286, 5680604|3330, 5681009|3422, 5681899|3460, 5682728|3490, 5682728|3518, 5682780|3553, 5682889|3578, 5683009|3607, 5683009|3629, 5683638|3684, 5683862|3725, 5683862|3749, 5684476|3779, 5684476|3803, 5685144|3839, 5685679|3886, 5686459|3918, 5686519|4406, http://www.imgur.com, 
