2946|1, 2946|67, 2953|100, 2953|323, 2954|348, 2956|373, 2958|413, 2970|595, 2975|626, 2999|862, 2999|895, 3000|917, 3005|951, 3014|984, 3019|1021, 3022|1042, 3026|1060, 3037|1080, 3042|1101, 3045|1125, 3051|1152, 3059|1175, 3060|1206, 3061|1228, 3061|1248, 3067|1272, 3075|1302, 3077|1343, 3078|1365, 3078|1414, 3081|1436, 3089|1467, 3115|1545, 3116|1613, 3116|1636, 3120|1658, 3140|1700, 3142|1729, 3164|1771, 3175|1831, 3175|1883, 3176|1948, 3181|1979, 3182|2007, 3191|2036, 3203|2073, 3211|2103, 3215|2135, 3215|2175, 3217|2222, 3217|2333, 3245|2377, 3254|2407, 3258|2440, 3268|2480, 3269|2510, 3285|2539, 3292|2583, 3302|2609, 3302|2631, 3303|2653, 3303|2760, 3304|2784, 3306|2812, 3306|2834, 3312|2858, 3312|2880, 3313|2901, 3317|2925, 3324|2949, 3324|2969, 3328|2990, 3331|3018, 3331|3055, 3335|3078, 3339|3106, 3339|3144, 3342|3164, 3342|4010, http://www.linkedin.com, 
3456|1, 3456|608, 3457|636, 3457|746, 3461|773, 3461|2351, 3462|2486, 3481|2716, 3486|2790, 3486|2818, 3487|2850, 3487|3007, 3489|3050, 3489|3077, 3497|3107, 3497|3130, 3503|3167, 3506|3198, 3506|3524, 3513|3552, 3513|4067, http://www.linkedin.com, 
3667|1, 3667|2469, 3673|2664, 3693|2898, 3693|2944, 3694|3000, 3694|3189, 3696|3216, 3696|3261, 3698|3306, 3712|3331, 3712|3392, 3713|3416, 3719|3442, 3721|3467, 3721|3493, 3722|3554, 3722|3597, 3726|3624, 3733|3728, 3746|3758, 3748|3781, 3769|3803, 3842|3994, 3884|4059, http://www.yahoo.com, 
4458|1, 4458|2017, 4459|2046, 4464|2082, 4484|2489, 4486|2571, 4486|2605, 4488|2754, 4488|2926, 4490|2976, 4490|3066, 4494|3091, 4498|3135, 4498|3157, 4500|3182, 4503|3207, 4503|3340, 4504|3365, 4505|3390, 4505|3493, 4510|3563, 4513|3627, 4531|3691, 4548|3720, 4565|3747, 4603|3831, 4604|4005, http://www.live.com, 
4657|1, 4657|2428, 4662|2592, 4668|2724, 4680|2974, 4680|2998, 4681|3033, 4681|3413, 4684|3464, 4684|3728, 4685|3751, 4687|3773, 4687|3886, 4688|3910, 4689|4014, http://www.360.cn, 
4807|1, 4807|205, 4808|234, 4808|1122, 4809|1147, 4809|2562, 4810|2810, 4863|3034, 4863|3209, 4896|3485, 4933|3510, 4936|3540, 4936|4046, http://www.facebook.com, 
4991|1, 4991|2514, 4996|2566, 5001|2749, 5007|2909, 5016|3000, 5017|3041, 5017|3101, 5054|3297, 5054|3704, 5057|3733, 5063|3758, 5063|3835, 5075|3864, 5075|3889, 5077|3915, 5077|3957, 5082|3983, 5082|4006, http://www.qq.com, 
5456|1, 5456|2512, 5471|2757, 5481|3000, 5481|3563, 5482|3845, 5482|3908, 5483|3942, 5489|3977, 5491|4017, http://www.qq.com, 
5720|1, 5720|2487, 5721|2515, 5741|2812, 5746|2853, 5746|2881, 5747|2933, 5747|3159, 5751|3228, 5751|3256, 5765|3281, 5768|3336, 5771|3358, 5774|3382, 5774|3417, 5775|3440, 5775|3529, 5781|3551, 5788|3637, 5789|3675, 5903|3921, 5975|4218, http://www.yahoo.com, 
6094|1, 6094|564, 6095|585, 6095|2021, 6096|2129, 6101|2161, 6114|2393, 6119|2467, 6120|2502, 6120|2623, 6122|2725, 6122|2774, 6124|2797, 6124|2837, 6126|2858, 6127|2894, 6127|3002, 6129|3030, 6129|3076, 6130|3100, 6131|3142, 6131|3204, 6133|3239, 6133|3285, 6143|3308, 6143|3353, 6145|3376, 6147|3397, 6150|3419, 6153|3447, 6168|3554, 6192|3644, 6304|3879, 6350|3933, 6402|3966, 6402|4023, http://www.vk.com, 
6489|1, 6489|1387, 6492|1418, 6494|1444, 6494|1470, 6495|1494, 6495|1516, 6496|1539, 6496|1624, 6497|1654, 6497|1721, 6498|1752, 6498|1795, 6502|1829, 6502|1879, 6503|1906, 6503|1947, 6504|1978, 6504|2262, 6505|2306, 6505|2687, 6506|2779, 6519|3002, 6531|3184, 6531|3215, 6533|3287, 6544|3448, 6548|3477, 6548|3499, 6551|3530, 6554|3559, 6554|3931, 6559|3964, 6661|4086, http://www.instagram.com, 
7042|1, 7042|2427, 7048|2527, 7055|2658, 7058|2819, 7062|2857, 7067|2883, 7067|2914, 7068|2936, 7068|2996, 7090|3172, 7090|3517, 7091|3543, 7097|3590, 7099|3625, 7102|3649, 7108|3676, 7108|3700, 7110|3726, 7110|3762, 7115|3785, 7115|3836, 7116|3863, 7116|4013, http://www.jd.com, 
7570|1, 7570|2429, 7571|2485, 7572|2602, 7589|2815, 7595|2863, 7596|2935, 7596|3112, 7598|3139, 7598|3166, 7600|3228, 7600|3255, 7603|3282, 7603|3444, 7605|3473, 7605|3507, 7607|3533, 7607|3659, 7608|3682, 7608|3723, 7611|3745, 7611|3819, 7613|3841, 7616|3861, 7616|3935, 7617|3969, 7617|4015, http://www.taobao.com, 
7870|1, 7870|666, 7871|693, 7871|2496, 7872|2593, 7876|2645, 7877|2741, 7896|3012, 7897|3094, 7897|3412, 7899|3456, 7899|3599, 7900|3624, 7900|3719, 7902|3742, 7902|4020, http://www.baidu.com, 
8251|1, 8251|2468, 8252|2505, 8253|2584, 8256|2645, 8265|2788, 8272|2967, 8272|3019, 8273|3147, 8274|3251, 8276|3279, 8276|3303, 8282|3328, 8285|3353, 8285|3385, 8287|3461, 8287|3535, 8288|3556, 8288|3956, 8292|3987, 8292|4012, http://www.netflix.com, 
8559|1, 8559|102, 8561|123, 8561|1030, 8564|1052, 8565|1078, 8565|1727, 8568|1771, 8568|2544, 8576|2711, 8588|2964, 8588|2990, 8589|3020, 8589|3048, 8591|3208, 8591|3239, 8593|3261, 8593|3305, 8595|3352, 8595|3378, 8596|3417, 8596|4005, http://www.tmall.com, 
8800|1, 8800|1149, 8801|1169, 8801|1277, 8802|1301, 8802|1883, 8803|1912, 8803|1962, 8805|1989, 8805|2013, 8806|2040, 8806|2258, 8807|2332, 8807|2397, 8808|2433, 8817|2639, 8819|2784, 8827|2839, 8830|2897, 8831|2918, 8831|3231, 8833|3257, 8833|3447, 8834|3475, 8834|3497, 8836|3555, 8836|3852, 8846|3872, 8848|4008, http://www.baidu.com, 
9100|1, 9100|2494, 9101|2525, 9106|2572, 9106|2621, 9109|2679, 9115|2803, 9125|2891, 9125|2917, 9126|2938, 9126|3161, 9129|3215, 9129|3261, 9130|3287, 9132|3317, 9133|3347, 9136|3381, 9136|3417, 9137|3441, 9139|3464, 9140|3485, 9142|3514, 9143|3556, 9145|3582, 9152|3651, 9166|3721, 9200|3786, 9256|3815, 9286|3840, 9369|3941, 9405|4322, http://www.imgur.com, 
9515|1, 9515|2511, 9527|2755, 9534|2913, 9539|2959, 9539|2987, 9540|3008, 9540|3034, 9571|3118, 9628|3153, 9706|3553, 9706|3595, 9720|3686, 9720|3721, 9721|3754, 9726|3776, 9726|3801, 9728|3832, 9732|3853, 9736|3880, 9736|3903, 9738|3925, 9743|4070, http://www.sina.com.cn, 
11047|1, 11047|655, 11048|680, 11048|827, 11049|848, 11049|2466, 11062|2673, 11068|2811, 11074|2854, 11074|2935, 11075|2979, 11075|3094, 11077|3164, 11077|3260, 11078|3286, 11079|3340, 11079|3446, 11081|3483, 11081|3590, 11091|3616, 11091|3751, 11092|3773, 11093|3802, 11093|3910, 11098|3997, 11101|4033, http://www.live.com, 
11253|1, 11253|2429, 11254|2620, 11268|2827, 11274|2936, 11274|3077, 11275|3227, 11275|3448, 11277|3553, 11277|3798, 11280|3839, 11280|3916, 11281|3963, 11282|4018, http://www.sina.com.cn, 
11458|1, 11458|2489, 11459|2524, 11463|2564, 11477|2835, 11482|2887, 11484|2922, 11484|3091, 11486|3115, 11486|3193, 11488|3237, 11498|3280, 11499|3311, 11500|3331, 11500|3395, 11501|3415, 11501|3606, 11508|3628, 11518|3740, 11523|3770, 11528|3794, 11547|3908, 11578|3948, 11578|4053, http://www.amazon.com, 
12345|1, 12345|1074, 12346|1106, 12346|2440, 12347|2470, 12348|2495, 12351|2533, 12351|2570, 12360|2748, 12371|2898, 12372|2944, 12372|3081, 12378|3252, 12384|3316, 12386|3338, 12389|3362, 12389|3405, 12390|3429, 12390|3553, 12405|3651, 12406|3687, 12514|3760, 12886|4091, http://www.reddit.com, 
12933|1, 12933|2579, 12949|2876, 12953|2938, 12960|3118, 12960|3477, 12964|3718, 12964|3793, 12966|3858, 12966|3950, 12970|3976, 12970|4004, http://www.360.cn, 
13708|1, 13710|41, 13710|2673, 13711|2710, 13712|2746, 13716|2776, 13719|2807, 13724|2873, 13726|2926, 13735|3026, 13736|3157, 13736|3402, 13738|3421, 13738|3776, 13740|3822, 13740|3848, 13741|3870, 13743|3894, 13745|4024, http://www.taobao.com, 
13793|1, 13793|2495, 13794|2543, 13806|2750, 13817|2909, 13818|2981, 13818|3213, 13820|3241, 13828|3279, 13830|3308, 13832|3348, 13832|3369, 13836|3393, 13836|3762, 13841|3795, 13841|3870, 13842|3901, 13846|3935, 13849|4007, http://www.instagram.com, 
13978|1, 13978|2428, 13980|2520, 13994|2824, 13995|2852, 13999|2926, 14004|2992, 14005|3017, 14005|3394, 14007|3416, 14007|3550, 14008|3591, 14008|3717, 14010|3743, 14010|4011, http://www.baidu.com, 
14240|1, 14240|2484, 14241|2518, 14245|2570, 14251|2691, 14262|2835, 14265|2878, 14265|3451, 14267|3488, 14267|3822, 14268|3856, 14269|3881, 14269|4010, http://www.sohu.com, 
15542|1, 15542|2459, 15545|2543, 15551|2682, 15558|2778, 15569|2922, 15569|2954, 15570|2998, 15570|3101, 15572|3247, 15580|3287, 15584|3331, 15586|3355, 15590|3382, 15590|3748, 15595|3770, 15596|3859, 15600|3943, 15603|4089, http://www.instagram.com, 
15730|1, 15730|2565, 15749|2964, 15755|3065, 15755|3324, 15757|3446, 15757|3469, 15759|3492, 15759|3542, 15762|3564, 15762|3657, 15764|3686, 15764|3734, 15766|3787, 15766|3853, 15768|3891, 15768|3914, 15773|3936, 15778|3975, 15780|4014, http://www.vk.com, 
15871|1, 15871|937, 15872|959, 15872|2610, 15873|2638, 15885|2876, 15888|2957, 15897|3069, 15898|3151, 15898|3284, 15902|3479, 15917|3518, 15917|3557, 15923|3597, 15926|3627, 15927|3656, 15927|3752, 15933|3786, 15939|3871, 15984|4106, http://www.yahoo.com, 
16202|1, 16202|2561, 16203|2715, 16210|2854, 16218|2953, 16222|3079, 16229|3193, 16229|3395, 16231|3498, 16231|3687, 16233|3712, 16233|3758, 16235|3791, 16235|3873, 16237|3917, 16239|4025, http://www.vk.com, 
16346|1, 16346|2651, 16347|2731, 16355|2832, 16362|2997, 16367|3071, 16368|3138, 16368|3289, 16378|3444, 16381|3483, 16381|3514, 16382|3551, 16397|4134, http://www.reddit.com, 
16436|1, 16436|2568, 16437|2643, 16443|2802, 16449|2853, 16461|3046, 16461|3099, 16462|3138, 16462|3255, 16474|3499, 16476|3525, 16476|3548, 16477|3570, 16477|3725, 16487|3751, 16494|3780, 16536|4283, http://www.amazon.com, 
16715|1, 16715|2464, 16716|2614, 16721|2651, 16721|2693, 16731|2921, 16736|2958, 16741|3012, 16742|3081, 16742|3259, 16839|3662, 16839|3828, 16843|3882, 16845|3981, 16854|4098, http://www.sina.com.cn, 
17115|1, 17115|2554, 17128|3072, 17141|3119, 17146|4026, http://www.360.cn, 
17626|1, 17626|672, 17627|699, 17627|2194, 17628|2223, 17639|2378, 17650|2588, 17651|2685, 17651|2830, 17653|2969, 17655|2993, 17655|3016, 17656|3051, 17657|3089, 17657|3136, 17659|3186, 17659|3233, 17661|3257, 17662|3327, 17662|3372, 17664|3411, 17664|3436, 17670|3460, 17674|3507, 17674|3531, 17678|3556, 17680|3581, 17683|3624, 17684|3677, 17685|3771, 17687|3833, 17695|3882, 17701|4160, http://www.vk.com, 
17774|1, 17774|2670, 17784|2968, 17794|3087, 17794|3149, 17795|3186, 17795|3341, 17797|3400, 17797|3476, 17799|3509, 17814|3598, 17814|3650, 17823|3678, 17823|3753, 17824|3777, 17826|3817, 17834|3877, 18015|4390, http://www.yahoo.com, 
18128|1, 18128|2093, 18138|2416, 18139|2476, 18141|2508, 18148|2540, 18148|2661, 18149|2701, 18149|2831, 18151|2912, 18151|3047, 18156|3167, 18156|4011, http://www.tmall.com, 
18246|1, 18246|2658, 18266|3033, 18272|3144, 18272|3183, 18302|3234, 18309|3303, 18309|3777, 18310|3981, 18316|4045, http://www.qq.com, 
18393|1, 18393|2653, 18394|2705, 18398|2736, 18398|2838, 18408|3153, 18418|3189, 18418|3264, 18440|3466, 18440|3679, 18441|3788, 18481|3842, 18484|3913, 18484|4065, http://www.jd.com, 
18643|1, 18643|2509, 18651|2824, 18656|2935, 18660|3090, 18662|3117, 18667|3186, 18667|3212, 18668|3254, 18668|3470, 18670|3506, 18670|3573, 18671|3598, 18682|3642, 18682|3709, 18684|3761, 18684|3827, 18685|3858, 18685|3922, 18696|3951, 18707|4191, http://www.amazon.com, 
18952|1, 18952|2590, 18953|2659, 18958|2688, 18965|2915, 18967|2990, 18967|3090, 18971|3135, 18976|3165, 18976|3194, 18977|3283, 18977|3339, 18979|3366, 18979|3390, 18981|3412, 18987|3438, 18987|3462, 18990|3485, 18995|3509, 18996|3540, 18996|3783, 19004|3810, 19005|3918, 19010|3947, 19011|3976, 19016|4000, 19016|4149, http://www.linkedin.com, 
19173|1, 19173|2674, 19178|2777, 19179|2836, 19186|3042, 19190|3073, 19196|3160, 19198|3213, 19200|4019, http://www.sohu.com, 
19490|1, 19490|2639, 19502|2841, 19502|2873, 19513|3038, 19513|3084, 19514|3119, 19514|3371, 19516|3449, 19525|3499, 19531|3538, 19534|3563, 19534|3859, 19541|3885, 19541|4019, http://www.linkedin.com, 
19696|1, 19696|2625, 19697|2754, 19699|3033, 19722|3237, 19722|3468, 19738|3626, 19741|3655, 19742|3683, 19742|3769, 19745|3825, 19751|3995, 19754|4137, http://www.instagram.com, 
19882|1, 19882|2570, 19895|2879, 19907|3086, 19907|3309, 19910|3341, 19916|3532, 19917|3571, 19919|3624, 19922|3659, 19923|3688, 19931|3812, 19938|3846, 19946|4173, http://www.imgur.com, 
20021|1, 20021|2560, 20030|2880, 20046|3154, 20047|3200, 20047|3250, 20049|3304, 20049|3522, 20051|3547, 20051|3594, 20053|3633, 20053|3710, 20055|3751, 20057|3830, 20057|3978, 20060|4000, 20060|4029, http://www.taobao.com, 
20133|1, 20133|176, 20134|198, 20139|228, 20139|266, 20140|295, 20144|326, 20144|642, 20145|667, 20150|706, 20151|735, 20151|776, 20152|800, 20153|827, 20153|1014, 20154|1039, 20154|1066, 20159|1124, 20160|1172, 20160|1206, 20161|1229, 20162|1254, 20162|2575, 20163|2618, 20164|2802, 20171|2902, 20175|2971, 20178|3054, 20182|3101, 20187|3187, 20188|3218, 20188|3310, 20225|3607, 20227|4116, http://www.qq.com, 
20296|1, 20296|2685, 20302|2799, 20311|3083, 20320|3132, 20320|3168, 20321|3201, 20321|3280, 20322|3334, 20322|4021, http://www.sina.com.cn, 
20563|1, 20563|2682, 20564|2719, 20568|2777, 20586|3093, 20586|3147, 20587|3177, 20587|3361, 20591|3534, 20591|3676, 20592|3719, 20593|3751, 20593|3813, 20601|3871, 20601|3958, 20603|3992, 20603|4017, http://www.live.com, 
20664|1, 20664|2598, 20665|2681, 20685|3023, 20690|3107, 20691|3137, 20691|3296, 20692|3354, 20693|3398, 20693|3475, 20695|3505, 20695|3663, 20697|3711, 20697|3779, 20702|3818, 20705|3857, 20705|3878, 20706|3927, 20707|3964, 20707|4009, http://www.live.com, 
20759|1, 20759|2616, 20760|2649, 20761|2686, 20777|3023, 20785|3102, 20786|3148, 20786|3568, 20788|3613, 20788|3686, 20789|3743, 20789|3855, 20791|3926, 20791|4004, http://www.baidu.com, 
21054|1, 21054|2650, 21055|2688, 21059|2734, 21060|2825, 21069|2917, 21079|3106, 21080|3201, 21080|3685, 21081|3797, 21082|4004, http://www.qq.com, 
21184|1, 21184|2553, 21189|2983, 21198|3038, 21207|3105, 21207|3129, 21208|3174, 21209|3293, 21210|3372, 21210|3423, 21212|3458, 21221|3525, 21221|3551, 21223|3599, 21223|3714, 21224|3739, 21224|3879, 21226|3924, 21229|4015, http://www.netflix.com, 
21529|1, 21529|2671, 21541|2907, 21548|2952, 21548|2986, 21553|3067, 21562|3161, 21562|3673, 21564|3750, 21565|4154, http://www.360.cn, 
21645|1, 21645|2630, 21646|2656, 21657|2911, 21664|3016, 21670|3117, 21670|3171, 21672|3363, 21672|3438, 21674|3465, 21674|3511, 21677|3542, 21677|4017, http://www.tmall.com, 
21756|1, 21756|2402, 21757|2427, 21757|2521, 21761|2585, 21761|2683, 21762|2736, 21774|2974, 21785|3128, 21785|3168, 21786|3214, 21786|3581, 21788|3631, 21788|3686, 21797|3717, 21800|3744, 21800|3846, 21802|3880, 21802|3944, 21803|3981, 21803|4006, http://www.amazon.com, 
22141|1, 22141|2562, 22142|2588, 22164|2998, 22164|3030, 22165|3145, 22165|3394, 22167|3431, 22167|3522, 22179|3559, 22179|3651, 22181|3689, 22181|3758, 22182|3792, 22182|3860, 22203|3965, 22208|4002, http://www.amazon.com, 
22386|1, 22386|2291, 22411|2550, 22411|2591, 22412|2643, 22412|2752, 22414|2842, 22427|2938, 22432|2976, 22432|3394, 22442|3533, 22445|3843, 22445|4017, http://www.instagram.com, 
22633|1, 22633|2686, 22634|2732, 22658|3164, 22659|3220, 22659|3393, 22669|3510, 22675|3541, 22678|3578, 22679|3610, 22679|3832, 22686|3879, 22691|4011, http://www.linkedin.com, 
22869|1, 22869|2410, 22871|2629, 22894|3041, 22895|3110, 22895|3277, 22897|3303, 22897|3339, 22905|3365, 22908|3414, 22914|3457, 22914|3487, 22915|3514, 22915|3810, 22922|3908, 22922|4202, http://www.linkedin.com, 
23083|1, 23083|2690, 23099|3012, 23108|3178, 23109|3248, 23109|3386, 23111|3502, 23111|3550, 23113|3587, 23113|3617, 23114|3645, 23115|3674, 23115|3774, 23117|3810, 23117|3833, 23119|3880, 23120|3923, 23120|3966, 23122|3991, 23122|4026, http://www.vk.com, 
23162|1, 23162|2647, 23168|2803, 23172|2840, 23177|3041, 23185|3150, 23194|4077, http://www.360.cn, 
23273|1, 23273|2075, 23279|2215, 23289|2481, 23298|2579, 23299|2616, 23299|2707, 23301|2740, 23301|2838, 23303|2874, 23303|3051, 23305|3080, 23305|3168, 23314|3198, 23314|3318, 23316|3342, 23316|3467, 23317|3490, 23318|3525, 23318|3598, 23319|3638, 23324|4006, http://www.live.com, 
23371|1, 23371|2667, 23379|2782, 23386|3012, 23397|3148, 23398|3191, 23398|3680, 23399|3711, 23400|4008, http://www.sohu.com, 
23513|1, 23513|2704, 23514|2742, 23520|2846, 23530|2934, 23536|3012, 23536|3435, 23579|3583, 23584|3607, 23589|3662, 23634|3784, 23634|3807, 23638|3866, 23643|4116, http://www.facebook.com, 
23744|1, 23744|2218, 23745|2256, 23760|2471, 23769|2626, 23769|2673, 23770|2702, 23770|2800, 23803|3071, 23805|3124, 23834|3225, 23837|3363, 23837|3744, 23838|3777, 23840|3806, 23846|3855, 23846|3881, 23850|3907, 23856|3952, 23862|4031, http://www.wikipedia.org, 
23911|1, 23911|2618, 23916|2707, 23931|3052, 23937|3163, 23937|3283, 23959|3316, 23959|3953, 23960|3982, 23960|4009, http://www.jd.com, 
24032|1, 24032|2620, 24039|2772, 24057|3064, 24058|3119, 24058|3226, 24060|3457, 24060|3502, 24062|3528, 24062|3552, 24064|3578, 24065|3634, 24065|3688, 24067|3710, 24068|3766, 24069|3821, 24069|3890, 24071|3915, 24071|3955, 24081|3989, 24081|4014, http://www.vk.com, 
24174|1, 24174|2609, 24175|2647, 24180|2787, 24185|2866, 24187|2925, 24188|2997, 24193|3070, 24198|3145, 24199|3184, 24199|3547, 24201|3827, 24210|4151, http://www.sohu.com, 
24366|1, 24366|2527, 24406|2966, 24408|3149, 24412|3232, 24418|3323, 24446|3492, 24451|3560, 24499|3715, 24500|4364, http://www.facebook.com, 
24540|1, 24540|2646, 24541|2683, 24549|2882, 24552|2911, 24565|3116, 24566|3173, 24566|3309, 24568|3354, 24570|3467, 24570|3494, 24575|3520, 24585|3576, 24588|3603, 24591|3631, 24594|3673, 24595|3724, 24595|3774, 24597|3804, 24608|3917, 24633|4025, http://www.yahoo.com, 
24912|1, 24912|1775, 24916|1809, 24916|2160, 24922|2269, 24935|2551, 24940|2587, 24940|2647, 24941|2679, 24941|2729, 24944|2785, 24944|2846, 24945|2895, 24947|2924, 24947|2946, 24951|3025, 24952|3051, 24954|3080, 24957|3112, 24960|3196, 24963|3222, 24968|3295, 24978|3324, 24981|3360, 25161|4030, http://www.imgur.com, 
25260|1, 25260|2561, 25261|2605, 25265|2645, 25274|2890, 25276|2988, 25279|3032, 25284|3062, 25284|3120, 25285|3151, 25285|3503, 25287|3530, 25287|3655, 25288|3677, 25288|3843, 25290|3868, 25290|4015, http://www.baidu.com, 
25587|1, 25587|2575, 25588|2685, 25592|2745, 25595|2796, 25602|3043, 25602|3130, 25606|3215, 25649|3469, 25651|3790, 25651|4034, http://www.qq.com, 
25803|1, 25803|2650, 25804|2679, 25808|2804, 25821|3030, 25827|3113, 25827|3139, 25828|3162, 25828|3316, 25830|3355, 25830|3523, 25834|3651, 25834|3679, 25836|3706, 25836|3732, 25838|3764, 25838|4014, http://www.taobao.com, 
25934|1, 25934|113, 25936|143, 25936|2643, 25951|2903, 25959|3072, 25960|3136, 25960|3289, 26056|3727, 26057|4063, http://www.sina.com.cn, 
26242|1, 26242|2782, 26257|2984, 26258|3018, 26262|3059, 26267|3107, 26268|3146, 26268|3201, 26270|3359, 26270|3384, 26272|3408, 26272|3437, 26287|3491, 26287|3516, 26293|3545, 26293|3578, 26296|3604, 26296|3723, 26300|3759, 26303|3825, 26306|3870, 26360|4003, http://www.yahoo.com, 
26575|1, 26575|2715, 26585|2891, 26598|3175, 26599|3221, 26599|3365, 26611|3447, 26613|3511, 26613|3575, 26614|3621, 26614|3722, 26624|3775, 26639|3931, 26639|4019, http://www.amazon.com, 
26837|1, 26837|2080, 26838|2130, 26844|2184, 26847|2324, 26854|2466, 26863|2587, 26864|2648, 26864|2823, 26877|2976, 26877|3038, 26878|3061, 26878|4002, http://www.reddit.com, 
26956|1, 26956|2534, 26961|2689, 26964|2765, 26965|2819, 26976|2904, 26982|3004, 26982|3475, 26984|3583, 26986|3615, 26986|3663, 26989|3686, 26989|4005, http://www.tmall.com, 
27070|1, 27070|2136, 27071|2187, 27086|2509, 27095|2554, 27096|2647, 27096|2728, 27098|2805, 27098|3059, 27100|3086, 27104|3118, 27106|3204, 27108|3254, 27108|3609, 27114|3633, 27116|3692, 27118|3714, 27121|3744, 27121|3811, 27122|3831, 27122|4015, http://www.taobao.com, 
27218|1, 27218|2664, 27243|3118, 27244|3162, 27244|3314, 27263|3531, 27263|3564, 27269|3591, 27272|3629, 27272|3654, 27273|3695, 27273|3754, 27286|3892, 27302|4456, http://www.yahoo.com, 
27531|1, 27531|2594, 27532|2621, 27534|2781, 27534|2908, 27545|2999, 27550|3037, 27567|3190, 27567|3217, 27576|3258, 27576|3300, 27577|3331, 27592|3478, 27605|3573, 27633|3606, 27639|3652, 27645|3683, 27647|3709, 27651|3750, 27658|3906, 27658|4047, http://www.facebook.com, 
