2392321|1, 2392321|42, 2396855|77, 2396855|163, 2396974|191, 2396974|266, 2397074|293, 2397114|319, 2397745|346, 2401808|524, 2406075|569, 2423989|802, 2424177|835, 2424177|864, 2424229|889, 2430326|921, 2433332|959, 2433726|991, 2435324|1012, 2439695|1030, 2446167|1050, 2446227|1072, 2447364|1096, 2449462|1123, 2456106|1146, 2456106|1176, 2456158|1198, 2456158|1219, 2460429|1243, 2464979|1274, 2465584|1314, 2465584|1383, 2468751|1408, 2477474|1453, 2487471|1538, 2487471|1584, 2487711|1606, 2502439|1637, 2505557|1671, 2509595|1700, 2532084|1742, 2542432|1802, 2542432|1853, 2542492|1920, 2546518|1950, 2546518|1979, 2558524|2013, 2571508|2050, 2580207|2075, 2583010|2105, 2583010|2158, 2584498|2193, 2584498|2279, 2584628|2305, 2620096|2355, 2620252|2381, 2624788|2411, 2629216|2450, 2633678|2483, 2638490|2513, 2640658|2554, 2643730|2578, 2643782|2601, 2643782|2661, 2643937|2706, 2643989|2730, 2643989|2754, 2644101|2784, 2644153|2806, 2648407|2829, 2648407|2849, 2648807|2870, 2650582|2896, 2650820|2919, 2650820|2938, 2651074|2959, 2651865|2989, 2651865|3007, 2652067|3025, 2652692|3050, 2652744|3076, 2652744|3113, 2653161|3140, 2653161|4007, http://www.linkedin.com, 
2659012|1, 2659012|593, 2659072|618, 2659072|708, 2662748|728, 2662748|2255, 2662959|2288, 2662959|2334, 2667154|2471, 2672112|2700, 2673887|2774, 2673887|2800, 2673939|2845, 2673939|2996, 2674059|3032, 2674111|3063, 2680439|3089, 2680439|3112, 2681037|3151, 2681231|3181, 2681231|3505, 2688216|3537, 2688216|4053, http://www.linkedin.com, 
2740192|1, 2740192|1650, 2740296|1679, 2740296|2472, 2744491|2655, 2751009|2878, 2751061|2944, 2751061|3047, 2751868|3167, 2751868|3217, 2751988|3239, 2751988|3287, 2766716|3310, 2766716|3370, 2767232|3396, 2767942|3421, 2767942|3472, 2767994|3532, 2767994|3575, 2772674|3639, 2778582|3709, 2791103|3736, 2794223|3759, 2822147|3784, 2922801|3987, 2967801|4041, http://www.yahoo.com, 
3697671|1, 3697671|54, 3698017|119, 3698017|1129, 3698158|1152, 3698158|1999, 3698346|2029, 3708715|2339, 3709951|2526, 3709951|2590, 3711059|2737, 3711282|2764, 3711282|2921, 3711402|2961, 3711402|3047, 3723402|3074, 3723402|3139, 3723588|3165, 3723760|3190, 3723760|3302, 3723887|3324, 3724014|3350, 3724014|3475, 3730970|3549, 3731150|3611, 3747231|3676, 3770588|3704, 3818588|3736, 3852192|3814, 3852192|3960, 3852252|3992, 3856936|4017, http://www.live.com, 
3866204|1, 3866204|1769, 3866276|1800, 3866276|2462, 3870359|2577, 3875309|2888, 3876815|2959, 3876867|2983, 3876867|3375, 3877351|3422, 3877351|3713, 3877391|3735, 3877495|3756, 3877495|3869, 3877547|3894, 3877547|3977, 3877599|3998, 3877599|4019, http://www.360.cn, 
3968325|1, 3968325|191, 3968365|220, 3968365|1107, 3968405|1134, 3968405|2547, 3994354|2832, 3996184|3020, 3996184|3194, 4038608|3471, 4040070|3500, 4040203|3551, 4040203|4039, http://www.facebook.com, 
4055854|1, 4055854|1638, 4056005|1667, 4056005|2415, 4056276|2499, 4060299|2548, 4064554|2740, 4065438|2896, 4067006|2992, 4067058|3024, 4067058|3080, 4120671|3281, 4120671|3313, 4120910|3476, 4120910|3688, 4121179|3713, 4125863|3738, 4126650|3815, 4128727|3844, 4128779|3868, 4128831|3895, 4128831|3915, 4130235|3938, 4130491|3962, 4137220|3987, 4148147|4015, http://www.qq.com, 
4498896|1, 4498896|1613, 4499047|1649, 4499047|2469, 4507385|2699, 4507902|2933, 4509584|2985, 4509584|3547, 4509636|3829, 4509636|3892, 4509696|3931, 4514379|3962, 4514860|4007, http://www.qq.com, 
4723942|1, 4723942|1603, 4724046|1626, 4724046|2418, 4724106|2476, 4724106|2562, 4734170|2802, 4734919|2840, 4734919|2868, 4734971|2921, 4734971|2972, 4735779|3146, 4735899|3213, 4740203|3241, 4750627|3298, 4751143|3322, 4751659|3343, 4751853|3369, 4751853|3403, 4751905|3426, 4751905|3513, 4756101|3549, 4762128|3628, 4762248|3660, 4928625|3998, 4965247|4204, http://www.yahoo.com, 
5009664|1, 5009664|541, 5009716|564, 5009716|1189, 5009804|1215, 5009804|2001, 5013939|2110, 5018142|2221, 5018905|2373, 5020456|2448, 5020508|2480, 5020508|2577, 5020938|2674, 5020938|2731, 5021058|2752, 5021058|2814, 5021591|2837, 5021591|2872, 5021677|2893, 5021677|2953, 5021797|2984, 5021797|3032, 5021849|3054, 5022313|3093, 5022313|3181, 5022433|3218, 5022433|3239, 5022485|3263, 5033293|3286, 5033293|3332, 5034155|3354, 5034297|3376, 5034349|3401, 5037751|3439, 5055031|3550, 5089883|3634, 5260680|3874, 5350580|3913, 5385354|3952, 5388342|4009, http://www.vk.com, 
5415360|1, 5415360|1240, 5415482|1296, 5415482|1347, 5415542|1377, 5419243|1405, 5419243|1428, 5419553|1454, 5419553|1500, 5419605|1524, 5419605|1577, 5420755|1615, 5420755|1638, 5420947|1659, 5420947|1706, 5421007|1737, 5421007|1757, 5422559|1782, 5424301|1815, 5424301|1842, 5424404|1864, 5424404|1934, 5424679|1963, 5424679|2248, 5424731|2290, 5424731|2642, 5424791|2672, 5428978|2853, 5434859|3035, 5435556|3169, 5435556|3203, 5435856|3281, 5444507|3433, 5444950|3461, 5445083|3484, 5445504|3518, 5445504|3914, 5448981|3987, 5678492|4088, http://www.instagram.com, 
6036029|1, 6036029|1991, 6036162|2014, 6036162|2438, 6040297|2582, 6044500|2644, 6045138|2806, 6046998|2845, 6046998|2898, 6047050|2928, 6047050|2982, 6077360|3165, 6077360|3482, 6077420|3502, 6077420|3529, 6082103|3577, 6082584|3610, 6082830|3634, 6084704|3663, 6084704|3684, 6084808|3723, 6084808|3746, 6086860|3775, 6086966|3796, 6086966|3824, 6087340|3853, 6087340|4025, http://www.jd.com, 
6589669|1, 6589669|1604, 6589790|1639, 6589790|2380, 6590001|2427, 6590061|2466, 6598840|2716, 6599207|2805, 6600934|2846, 6600986|2916, 6601764|3092, 6601764|3150, 6601868|3208, 6601868|3233, 6602564|3263, 6602564|3422, 6602668|3452, 6602668|3486, 6602748|3514, 6602748|3617, 6602788|3637, 6602788|3702, 6606373|3725, 6606373|3777, 6606695|3798, 6606695|3820, 6606922|3841, 6606922|3913, 6606962|3948, 6606962|4015, http://www.taobao.com, 
6845146|1, 6845146|645, 6845287|672, 6845287|1649, 6845389|1692, 6845389|2541, 6845449|2574, 6849472|2650, 6853607|2805, 6856031|3019, 6856083|3079, 6856083|3370, 6857046|3391, 6857046|3436, 6857162|3459, 6857162|3577, 6858085|3603, 6858085|3698, 6858205|3722, 6858265|4001, http://www.baidu.com, 
7120833|1, 7120833|1641, 7121079|1665, 7121079|2453, 7121139|2490, 7121191|2573, 7125394|2651, 7128015|2878, 7128015|3010, 7129156|3132, 7129156|3236, 7129276|3264, 7129276|3286, 7136930|3313, 7136930|3337, 7137033|3369, 7137136|3446, 7137136|3519, 7137188|3541, 7137188|3916, 7139515|3940, 7139515|4015, http://www.netflix.com, 
7432260|1, 7432260|63, 7432395|84, 7432395|991, 7432593|1015, 7432633|1040, 7432633|1689, 7432820|1733, 7432820|2472, 7432880|2527, 7437757|2844, 7439233|2928, 7439233|2952, 7439285|2983, 7439930|3088, 7439930|3201, 7440034|3224, 7440034|3292, 7440114|3316, 7440154|3341, 7440154|3966, 7440206|3985, 7440206|4003, http://www.tmall.com, 
7609872|1, 7609872|1130, 7609912|1150, 7609912|1259, 7609995|1284, 7609995|1866, 7610035|1902, 7610035|1943, 7610170|1973, 7610170|1995, 7610222|2023, 7610222|2242, 7610274|2330, 7610274|2379, 7610334|2416, 7618957|2663, 7619077|2767, 7620896|2826, 7620896|2879, 7620948|2900, 7620948|3213, 7621876|3241, 7621876|3408, 7622764|3430, 7622764|3479, 7622884|3537, 7622884|3833, 7632432|3855, 7632432|3968, 7635432|3992, 7635432|4021, http://www.baidu.com, 
7827558|1, 7827558|1619, 7827674|1649, 7827674|2479, 7827734|2518, 7831809|2564, 7831809|2609, 7832041|2670, 7836844|2810, 7838335|2879, 7838335|2901, 7838387|2950, 7838387|3118, 7838946|3147, 7838946|3202, 7839017|3247, 7839069|3273, 7839189|3310, 7839802|3335, 7839802|3374, 7839968|3403, 7839968|3426, 7840088|3449, 7840140|3470, 7840777|3501, 7840949|3545, 7840949|3569, 7848709|3638, 7866706|3712, 7930774|3771, 8014774|3801, 8132545|3879, 8170550|4127, http://www.imgur.com, 
8230167|1, 8230167|1651, 8230349|1678, 8230349|2362, 8230425|2406, 8230762|2446, 8230822|2489, 8239565|2732, 8240832|2897, 8241649|2936, 8241649|2963, 8241701|2988, 8241701|3015, 8326215|3096, 8380073|3141, 8478912|3531, 8491455|3630, 8496642|3672, 8496642|3697, 8496754|3731, 8501334|3753, 8501815|3778, 8501815|3808, 8502061|3831, 8503554|3857, 8503554|3879, 8503658|3902, 8505868|4047, http://www.sina.com.cn, 
10126150|1, 10126150|643, 10126202|666, 10126202|812, 10126254|834, 10126254|1586, 10126395|1612, 10126395|2330, 10126571|2452, 10135487|2759, 10135733|2810, 10137255|2843, 10137255|2923, 10137307|2965, 10137307|3103, 10138053|3152, 10138053|3246, 10138105|3272, 10139384|3328, 10139384|3431, 10139472|3471, 10139472|3575, 10149700|3605, 10149700|3717, 10149815|3736, 10149930|3760, 10149930|3894, 10156794|3990, 10156974|4019, http://www.live.com, 
10292975|1, 10292975|1643, 10293157|1674, 10293157|2409, 10297937|2745, 10299703|2845, 10299755|2926, 10299755|3070, 10299807|3208, 10299807|3430, 10300715|3534, 10300715|3749, 10300775|3779, 10301239|3826, 10301291|3905, 10301351|4001, http://www.sina.com.cn, 
10384909|1, 10384909|1683, 10385050|1720, 10385050|2403, 10385147|2482, 10385207|2510, 10389230|2554, 10394844|2822, 10395878|2883, 10395970|2908, 10395970|3078, 10396630|3105, 10396630|3177, 10396854|3233, 10407492|3269, 10407786|3296, 10408080|3317, 10408080|3379, 10408132|3401, 10408132|3590, 10429736|3616, 10429919|3727, 10438682|3756, 10438742|3780, 10455912|3903, 10498026|3935, 10498109|3989, 10504109|4069, http://www.amazon.com, 
11400843|1, 11400843|1056, 11400883|1087, 11400883|1568, 11400994|1593, 11400994|2349, 11401071|2426, 11401131|2451, 11405154|2478, 11405154|2514, 11405671|2610, 11410533|2777, 11412318|2883, 11412370|2924, 11412370|3061, 11413054|3234, 11420892|3296, 11421401|3319, 11421453|3362, 11421453|3385, 11421505|3409, 11421505|3535, 11443108|3638, 11474444|3675, 11894865|3815, 12151034|4118, http://www.reddit.com, 
12161981|1, 12161981|2567, 12171285|2868, 12171652|2928, 12173504|3110, 12173504|3237, 12173593|3544, 12173873|3721, 12173873|3805, 12173977|3846, 12173977|3913, 12174017|3937, 12178462|3965, 12178462|4021, http://www.360.cn, 
12884085|1, 12884085|1752, 12884206|1777, 12884206|2543, 12884417|2660, 12884477|2699, 12888552|2735, 12888552|2763, 12888716|2794, 12893308|2868, 12893308|2923, 12895180|3101, 12895180|3387, 12895842|3407, 12895842|3672, 12895958|3694, 12895958|3764, 12896062|3809, 12896062|3835, 12896114|3857, 12896770|3881, 12896874|4012, http://www.taobao.com, 
12908349|1, 12908349|2488, 12908409|2524, 12917084|2749, 12919017|2893, 12919069|2963, 12919069|3165, 12919129|3194, 12919189|3225, 12927225|3260, 12928111|3289, 12928111|3329, 12928305|3350, 12928399|3375, 12928399|3744, 12931840|3781, 12931959|3851, 12936037|3887, 12936480|3916, 12936613|3995, 12936613|4059, http://www.instagram.com, 
12995956|1, 12995956|2435, 13004852|2747, 13004972|2803, 13004972|2850, 13006817|2943, 13006817|2973, 13006869|2998, 13006869|3373, 13007831|3396, 13007831|3419, 13007947|3442, 13007947|3507, 13008869|3537, 13008869|3650, 13008989|3698, 13018577|4006, http://www.baidu.com, 
13161954|1, 13161954|1603, 13162097|1637, 13162097|2473, 13162157|2512, 13166180|2563, 13171078|2766, 13172517|2826, 13172673|2865, 13172673|3438, 13173197|3476, 13173338|3527, 13173338|3822, 13173442|3844, 13173442|4043, http://www.sohu.com, 
14785581|1, 14785581|2456, 14785828|2530, 14789911|2669, 14794503|2808, 14796534|2913, 14796534|2941, 14796586|2987, 14796586|3107, 14796758|3235, 14805628|3292, 14805628|3317, 14806088|3344, 14806182|3368, 14806182|3735, 14809635|3762, 14809695|3845, 14814289|3938, 14814289|4095, http://www.instagram.com, 
14859963|1, 14859963|2551, 14870716|2976, 14870768|3053, 14870768|3264, 14871114|3381, 14871114|3450, 14871234|3474, 14871234|3524, 14871767|3587, 14871767|3643, 14871887|3668, 14871887|3717, 14872403|3771, 14872463|3847, 14872523|3874, 14872523|3896, 14877953|3922, 14883383|3968, 14883814|3997, 14884245|4019, http://www.vk.com, 
14922064|1, 14922064|921, 14922116|943, 14922116|1738, 14922220|1764, 14922220|2467, 14922431|2557, 14922491|2596, 14926566|2733, 14931286|2862, 14931601|2953, 14933167|3067, 14933219|3136, 14933219|3286, 14935750|3464, 14948926|3509, 14949442|3546, 14950100|3585, 14950152|3612, 14950204|3642, 14950204|3737, 14955659|3811, 14960909|3860, 14993099|4112, http://www.yahoo.com, 
15192993|1, 15192993|1764, 15193121|1817, 15193121|2565, 15193181|2694, 15201511|2867, 15202149|3003, 15202395|3071, 15203997|3170, 15203997|3371, 15204343|3528, 15204343|3663, 15204463|3700, 15204463|3735, 15204944|3770, 15204944|3857, 15205064|3894, 15205064|3918, 15205116|3939, 15205580|4006, http://www.vk.com, 
15254107|1, 15254107|1720, 15254218|1745, 15254218|2460, 15254278|2650, 15254458|2737, 15259050|2867, 15260914|3010, 15260966|3061, 15260966|3283, 15269580|3440, 15269831|3471, 15269831|3503, 15269883|3556, 15291264|4138, http://www.reddit.com, 
15301721|1, 15301721|1793, 15301862|1828, 15301862|2590, 15301922|2629, 15306177|2788, 15310200|2860, 15312657|3032, 15312657|3084, 15312709|3124, 15312709|3240, 15323865|3486, 15324159|3510, 15324159|3533, 15324211|3557, 15324211|3710, 15336682|3737, 15389286|4088, http://www.amazon.com, 
15531438|1, 15531438|1716, 15531620|1746, 15531620|2474, 15531680|2600, 15535755|2640, 15535807|2683, 15540842|2908, 15542337|2945, 15542337|3011, 15542389|3068, 15542389|3189, 15680804|3368, 15681412|3662, 15681412|3812, 15682021|3881, 15686765|3974, 15687615|4088, http://www.sina.com.cn, 
15804999|1, 15804999|1908, 15805071|1933, 15805071|1983, 15805417|2011, 15805417|2559, 15816346|3062, 15816346|3533, 15816470|3558, 15817308|4012, http://www.360.cn, 
16322633|1, 16322633|642, 16322673|674, 16322673|2126, 16322733|2168, 16322785|2193, 16333248|2524, 16333300|2615, 16333300|2756, 16333646|2806, 16333706|2941, 16333766|2964, 16333766|2987, 16334247|3022, 16334247|3110, 16334367|3157, 16334367|3204, 16334471|3228, 16334935|3298, 16334935|3342, 16335055|3383, 16335055|3406, 16345915|3449, 16345915|3478, 16346346|3502, 16346777|3528, 16346919|3552, 16350319|3598, 16350371|3683, 16350431|3744, 16353367|3804, 16360021|3921, 16360935|4134, http://www.vk.com, 
16384790|1, 16384790|1672, 16384894|1698, 16384894|2638, 16389795|2978, 16391357|3056, 16391357|3116, 16391409|3158, 16391409|3315, 16392217|3372, 16392217|3445, 16392337|3476, 16407117|3567, 16407117|3595, 16408149|3619, 16408343|3647, 16408343|3720, 16408395|3745, 16412590|3806, 16418637|3875, 16672322|4567, http://www.yahoo.com, 
16692123|1, 16692123|1136, 16692469|1165, 16692469|1221, 16692588|1250, 16692588|2114, 16697352|2402, 16697473|2457, 16697719|2490, 16699322|2522, 16699322|2617, 16699374|2646, 16699374|2705, 16700019|2817, 16700019|3028, 16700243|3148, 16700243|3968, 16703828|3994, 16705328|4035, http://www.tmall.com, 
16730080|1, 16730080|1739, 16730231|1770, 16730231|2618, 16730291|2651, 16740912|3081, 16740964|3130, 16740964|3169, 16794519|3225, 16794519|3524, 16794756|3664, 16794756|3728, 16794845|3927, 16794965|3964, 16799598|4032, http://www.qq.com, 
16830696|1, 16830696|1726, 16830829|1751, 16830829|2623, 16830941|2677, 16834912|2709, 16839167|2852, 16841390|3125, 16841390|3234, 16871699|3446, 16871699|3649, 16871952|3779, 16934116|3848, 16934332|4037, http://www.jd.com, 
17060380|1, 17060380|1707, 17060500|1734, 17060500|2493, 17069049|2822, 17069662|2953, 17069804|3076, 17069908|3102, 17071369|3171, 17071421|3201, 17071421|3422, 17071517|3464, 17071517|3557, 17082267|3587, 17082267|3699, 17082449|3747, 17082449|3788, 17082489|3815, 17082489|3883, 17086989|3906, 17096176|3937, 17096176|4007, http://www.amazon.com, 
17308395|1, 17308395|1758, 17308567|1799, 17308567|2583, 17308679|2642, 17312702|2679, 17317422|2943, 17317422|3078, 17317668|3120, 17319396|3148, 17319396|3188, 17319448|3272, 17319448|3322, 17319568|3350, 17319568|3372, 17325948|3396, 17325948|3444, 17326546|3467, 17326688|3492, 17326740|3524, 17326740|3765, 17333815|3795, 17333875|3902, 17337609|3930, 17337903|3959, 17344154|4043, http://www.linkedin.com, 
17398455|1, 17398455|1748, 17398598|1779, 17398598|2653, 17402733|2756, 17402793|2862, 17407579|3024, 17407579|3065, 17409217|3142, 17409269|3197, 17409269|3514, 17409410|3605, 17409514|4012, http://www.sohu.com, 
17639004|1, 17639004|2554, 17643147|2769, 17647290|2828, 17647807|2981, 17649501|3025, 17649501|3069, 17649553|3110, 17649553|3311, 17649673|3399, 17649777|3436, 17656105|3485, 17656845|3526, 17656897|3551, 17656897|3843, 17663887|3871, 17663887|4006, http://www.linkedin.com, 
17716238|1, 17716238|2604, 17716298|2737, 17727138|3096, 17727190|3218, 17727190|3400, 17727310|3498, 17736498|3607, 17736786|3636, 17736786|3748, 17740133|3833, 17744839|3993, 17744839|4193, http://www.instagram.com, 
17800782|1, 17800782|1769, 17800898|1797, 17800898|2580, 17811278|3032, 17811330|3075, 17811330|3296, 17811889|3343, 17812736|3527, 17812788|3559, 17812908|3609, 17813597|3646, 17813649|3722, 17821529|3799, 17836097|3832, 17839526|4159, http://www.imgur.com, 
17862673|1, 17862673|1841, 17862794|1862, 17862794|2552, 17873298|3086, 17874159|3156, 17874211|3188, 17874211|3234, 17874873|3288, 17874873|3429, 17874989|3460, 17874989|3505, 17875093|3531, 17875093|3581, 17875749|3619, 17875749|3693, 17875933|3786, 17875933|3961, 17879517|3990, 17879517|4014, http://www.taobao.com, 
17897662|1, 17897662|99, 17897782|124, 17897782|147, 17897834|173, 17902480|205, 17902762|242, 17906352|272, 17906352|614, 17906404|640, 17911050|679, 17911332|720, 17911332|748, 17911372|774, 17911571|802, 17911571|986, 17911623|1014, 17911623|1039, 17916269|1107, 17916551|1147, 17916591|1178, 17916790|1202, 17916790|1679, 17916941|1704, 17916941|2476, 17917057|2511, 17917057|2547, 17917117|2599, 17921372|2778, 17921372|2889, 17926426|2945, 17926943|3027, 17928616|3122, 17928616|3161, 17928668|3191, 17928668|3254, 17982223|3527, 17982223|3583, 17982423|3614, 17983245|3965, 17983305|4089, http://www.qq.com, 
17999803|1, 17999803|2139, 17999985|2161, 17999985|2667, 18008323|2903, 18009086|3073, 18010564|3108, 18010564|3142, 18010616|3175, 18010616|3256, 18010668|3315, 18010668|3973, 18035211|3999, 18054711|4118, http://www.sina.com.cn, 
18206661|1, 18206661|1749, 18206802|1774, 18206802|2560, 18206899|2592, 18206899|2670, 18210982|2725, 18210982|2764, 18217589|3092, 18217641|3134, 18217641|3312, 18218387|3490, 18219494|3521, 18219494|3550, 18219717|3583, 18219717|3663, 18219837|3706, 18219837|3800, 18231837|3865, 18231837|3923, 18231923|3943, 18232009|3979, 18232009|4004, http://www.live.com, 
18251252|1, 18251252|2496, 18251329|2620, 18251389|2658, 18260603|3014, 18262127|3089, 18262179|3114, 18262179|3278, 18262925|3341, 18262925|3420, 18262977|3452, 18264033|3482, 18264033|3639, 18264153|3697, 18264153|3759, 18276153|3800, 18276153|3854, 18276325|3918, 18276325|4007, http://www.live.com, 
18293766|1, 18293766|1735, 18293868|1766, 18293868|2487, 18294079|2573, 18294079|2603, 18294139|2634, 18302349|2931, 18305101|3012, 18305153|3099, 18305153|3531, 18306109|3554, 18306109|3600, 18306225|3626, 18306225|3671, 18307141|3729, 18307141|3842, 18307261|3911, 18307261|4026, http://www.baidu.com, 
18510688|1, 18510688|1703, 18510839|1733, 18510839|2468, 18511050|2580, 18511050|2638, 18511110|2686, 18515185|2735, 18515365|2810, 18519905|2906, 18521841|3133, 18521841|3696, 18521901|3786, 18521901|3921, 18522065|3990, 18527187|4045, http://www.qq.com, 
18590335|1, 18590335|1720, 18590581|1747, 18590581|2540, 18599384|2983, 18600513|3056, 18601015|3092, 18601015|3115, 18601067|3200, 18601119|3288, 18602224|3363, 18602224|3409, 18602344|3445, 18609998|3514, 18609998|3537, 18610204|3586, 18610204|3700, 18610256|3730, 18610256|3865, 18612402|3932, 18612574|4003, http://www.netflix.com, 
18828512|1, 18828512|2781, 18837366|2894, 18837973|2942, 18837973|2972, 18840535|3063, 18840587|3151, 18840587|3688, 18840691|3739, 18841037|3794, 18841309|4141, http://www.360.cn, 
18870107|1, 18870107|1843, 18870226|1863, 18870226|2616, 18874309|2683, 18879134|2906, 18880759|3017, 18880811|3118, 18880811|3157, 18881456|3353, 18881456|3387, 18881560|3425, 18881560|3454, 18881680|3500, 18881680|4010, http://www.tmall.com, 
18912539|1, 18912539|1752, 18912659|1779, 18912659|2357, 18912719|2379, 18912719|2499, 18916395|2594, 18916395|2669, 18916455|2715, 18925226|3038, 18926829|3110, 18926881|3162, 18926881|3534, 18926977|3582, 18926977|3665, 18937727|3695, 18937727|3793, 18937818|3824, 18937909|3858, 18937909|3884, 18937949|3931, 18948559|4007, http://www.amazon.com, 
19274379|1, 19274379|2468, 19274590|2498, 19274590|2547, 19274650|2573, 19285533|2985, 19285533|3016, 19285585|3130, 19285585|3378, 19285681|3415, 19285681|3483, 19285721|3515, 19296431|3546, 19296431|3635, 19296613|3680, 19296613|3719, 19296653|3754, 19296653|3844, 19320579|3951, 19327183|3989, 19327183|4041, http://www.amazon.com, 
19424984|1, 19424984|2093, 19429179|2291, 19435834|2542, 19435834|2575, 19435886|2639, 19435886|2745, 19436006|2830, 19444980|2923, 19445401|2962, 19445401|3357, 19448948|3380, 19453145|3522, 19453721|3830, 19453781|4003, http://www.instagram.com, 
19583958|1, 19583958|2663, 19592865|3010, 19594627|3142, 19594627|3249, 19601127|3453, 19601426|3486, 19601919|3523, 19601919|3549, 19601971|3614, 19601971|3805, 19609111|3862, 19609171|3935, 19613147|3992, 19621735|4076, http://www.linkedin.com, 
19680098|1, 19680098|1311, 19680444|1334, 19680444|2385, 19689351|2914, 19691043|3019, 19691095|3219, 19691095|3249, 19691215|3281, 19691267|3311, 19697595|3343, 19698193|3395, 19698387|3431, 19698387|3461, 19698439|3487, 19698439|3752, 19705432|3812, 19705432|4184, http://www.linkedin.com, 
19757874|1, 19757874|2612, 19757934|2678, 19767027|3085, 19768674|3184, 19768674|3333, 19769104|3447, 19769104|3506, 19769164|3529, 19769224|3569, 19769224|3596, 19769705|3624, 19769705|3654, 19769791|3680, 19769791|3728, 19769851|3752, 19769911|3789, 19769911|3811, 19770479|3859, 19770479|3945, 19770599|3970, 19770599|4005, http://www.vk.com, 
19787119|1, 19787119|2547, 19787179|2645, 19791262|2789, 19795285|2892, 19797655|3059, 19797707|3138, 19797707|3289, 19797831|3585, 19802968|4074, http://www.360.cn, 
19831490|1, 19831490|317, 19831836|336, 19831836|1212, 19831977|1238, 19831977|1973, 19832188|2098, 19836323|2201, 19842899|2506, 19842951|2559, 19842951|2687, 19843696|2737, 19843748|2822, 19844803|2868, 19844803|3004, 19844923|3032, 19844923|3125, 19844975|3147, 19856975|3190, 19856975|3296, 19857147|3322, 19857147|3423, 19857274|3445, 19857401|3477, 19857401|3578, 19864178|3629, 19864230|3986, 19864230|4032, http://www.live.com, 
19875100|1, 19875100|2648, 19879436|2775, 19884274|3005, 19886104|3144, 19886104|3660, 19886285|3712, 19886285|3966, 19886389|3990, 19886389|4019, http://www.sohu.com, 
19954423|1, 19954423|2688, 19958506|2774, 19962705|2876, 19968621|2922, 19968621|3419, 19990670|3567, 19991976|3604, 20019220|3739, 20020106|3768, 20020106|3823, 20030166|3908, 20030166|4112, http://www.facebook.com, 
20067202|1, 20067202|1252, 20067281|1280, 20067281|2194, 20067341|2234, 20076382|2551, 20078050|2608, 20078102|2652, 20078102|2717, 20078694|2821, 20107784|3056, 20109592|3102, 20148443|3206, 20150355|3340, 20150355|3720, 20150415|3759, 20150519|3792, 20155579|3832, 20155773|3857, 20157668|3896, 20157772|3964, 20159730|4009, http://www.wikipedia.org, 
20195157|1, 20195157|2061, 20195290|2087, 20195290|2580, 20195350|2634, 20199373|2694, 20205940|3049, 20205992|3151, 20205992|3270, 20236301|3375, 20236301|3939, 20236361|3969, 20241044|4000, 20241525|4054, http://www.jd.com, 
20276010|1, 20276010|2590, 20284917|2914, 20286779|3041, 20286831|3093, 20286831|3208, 20287177|3427, 20287177|3450, 20287297|3471, 20287297|3521, 20287401|3550, 20287830|3604, 20287830|3657, 20287950|3681, 20288002|3743, 20288466|3791, 20288466|3837, 20288586|3859, 20288586|3923, 20299446|3960, 20299446|4010, http://www.vk.com, 
20338125|1, 20338125|2485, 20338336|2592, 20342471|2703, 20342471|2777, 20346554|2858, 20347071|2913, 20347192|2983, 20348881|3056, 20348933|3132, 20348933|3479, 20349037|3719, 20356121|4136, http://www.sohu.com, 
20425483|1, 20425483|2547, 20451327|2955, 20451327|3137, 20453078|3231, 20453130|3310, 20465541|3479, 20498554|3600, 20501478|3702, 20501478|4291, http://www.facebook.com, 
20512108|1, 20512108|1712, 20512212|1743, 20512212|2598, 20512324|2643, 20520498|2837, 20521188|2968, 20522810|3093, 20522862|3130, 20522862|3161, 20523670|3263, 20523670|3306, 20523790|3422, 20523790|3446, 20528146|3473, 20538570|3532, 20539602|3557, 20539602|3583, 20539848|3643, 20539848|3726, 20544041|3767, 20550607|3877, 20575680|3982, 20586989|4051, http://www.yahoo.com, 
20837284|1, 20837284|1196, 20837400|1221, 20837400|1735, 20837598|1760, 20837638|1794, 20837638|2114, 20837698|2165, 20846493|2430, 20846739|2545, 20848189|2574, 20848189|2597, 20848241|2634, 20848241|2719, 20848800|2772, 20848800|2801, 20848923|2832, 20848923|2884, 20849043|2909, 20849656|2951, 20849822|3011, 20849822|3037, 20849942|3066, 20850631|3098, 20850803|3182, 20857975|3211, 20864347|3280, 20876347|3311, 20877120|3355, 21107688|3476, 21144299|4025, http://www.imgur.com, 
21182938|1, 21182938|1767, 21183040|1794, 21183040|2546, 21183100|2595, 21191310|2791, 21191827|2875, 21191947|2972, 21192141|3017, 21193666|3048, 21193666|3082, 21193718|3105, 21193718|3487, 21194681|3521, 21194681|3545, 21194797|3590, 21194797|3618, 21195720|3639, 21195720|3805, 21195840|3829, 21195840|4001, http://www.baidu.com, 
21421429|1, 21421429|1706, 21421580|1739, 21421580|2562, 21421640|2675, 21425663|2741, 21425895|2793, 21430504|3035, 21430504|3114, 21430750|3203, 21486180|3576, 21486300|3774, 21486300|3813, 21486405|3955, 21486554|4026, http://www.qq.com, 
21540318|1, 21540318|1838, 21540439|1860, 21540439|2511, 21540959|2590, 21541019|2622, 21545042|2684, 21545042|2776, 21551776|3053, 21551776|3109, 21551828|3133, 21551828|3286, 21552490|3326, 21552490|3419, 21552606|3443, 21552606|3518, 21553367|3622, 21553367|3650, 21553471|3677, 21553551|3703, 21553551|4007, http://www.taobao.com, 
21583429|1, 21583429|89, 21583509|120, 21583509|1701, 21583691|1744, 21583691|2504, 21588174|2792, 21592662|2897, 21594606|3050, 21594606|3185, 21732977|3499, 21733532|3776, 21733532|3912, 21733584|3991, 21733584|4040, http://www.sina.com.cn, 
21812087|1, 21812087|1766, 21812191|1790, 21812191|2614, 21818012|2813, 21821271|2966, 21821271|3004, 21821517|3041, 21823002|3100, 21823054|3128, 21823054|3205, 21823862|3341, 21823862|3363, 21823982|3390, 21823982|3418, 21838762|3473, 21838762|3496, 21839794|3534, 21839936|3561, 21839988|3585, 21839988|3679, 21841042|3705, 21844042|3744, 21845643|3808, 21857567|3893, 21887685|4006, http://www.yahoo.com, 
22099706|1, 22099706|1722, 22099847|1749, 22099847|2489, 22099924|2586, 22100021|2630, 22100021|2657, 22100081|2697, 22108876|2991, 22110490|3171, 22110490|3346, 22121646|3449, 22121940|3503, 22121940|3550, 22121992|3603, 22121992|3717, 22134869|3752, 22152655|3920, 22153203|4001, http://www.amazon.com, 
22277473|1, 22277473|1189, 22277584|1215, 22277584|2069, 22281771|2132, 22281771|2171, 22286491|2310, 22286612|2455, 22288550|2581, 22288602|2637, 22288602|2818, 22297121|2969, 22297121|3000, 22297173|3025, 22297173|4012, http://www.reddit.com, 
22335371|1, 22335371|1878, 22335490|1901, 22335490|2531, 22339784|2700, 22340413|2752, 22344436|2808, 22346854|2945, 22346906|3007, 22347252|3109, 22347252|3419, 22347897|3514, 22347897|3571, 22348001|3602, 22348001|3648, 22348121|3672, 22348121|4011, http://www.tmall.com, 
22373989|1, 22373989|1194, 22374110|1217, 22374110|2123, 22374222|2174, 22383264|2498, 22385089|2544, 22385141|2652, 22385141|2719, 22385803|2795, 22385803|2939, 22385919|3018, 22386023|3044, 22386023|3076, 22386771|3110, 22386875|3197, 22386955|3239, 22386955|3595, 22394124|3619, 22394446|3677, 22394768|3699, 22394995|3731, 22394995|3795, 22395035|3817, 22395035|4001, http://www.taobao.com, 
22424676|1, 22424676|2621, 22433583|2973, 22435516|3114, 22435568|3152, 22435568|3301, 22451276|3520, 22451276|3550, 22452308|3576, 22452502|3615, 22452502|3639, 22452554|3681, 22452554|3741, 22462650|3880, 22665494|4652, http://www.yahoo.com, 
22684480|1, 22684480|1713, 22684608|1802, 22684608|1987, 22684781|2016, 22684781|2578, 22684841|2607, 22686363|2840, 22686439|2896, 22694515|2992, 22703446|3084, 22704217|3176, 22704463|3218, 22705979|3244, 22705979|3285, 22709958|3434, 22717300|3501, 22719316|3558, 22742031|3610, 22742917|3638, 22744512|3668, 22744512|3694, 22754351|3853, 22754351|4038, http://www.facebook.com, 
22767424|1, 22767424|2644, 22775710|2846, 22776348|2979, 22777990|3109, 22778042|3141, 22778042|3387, 22778162|3426, 22778162|3456, 22786760|3544, 22786894|3571, 22787766|3597, 22787818|3744, 22787818|4082, http://www.wikipedia.org, 
22809169|1, 22809169|2621, 22809229|2661, 22825491|2865, 22827032|3048, 22828815|3165, 22828867|3193, 22828867|3393, 22829777|3434, 22829897|3468, 22830425|3500, 22831557|3529, 22831955|3565, 22860965|3597, 22911784|3652, 22915472|3716, 22918544|3787, 22920077|3817, 22920077|3840, 22921646|3887, 22921646|3964, 22921840|3995, 22921840|4016, http://www.google.com, 
22969660|1, 22969660|1095, 22970006|1119, 22970006|2595, 22970217|2625, 22970217|2692, 22974352|2750, 22974352|2777, 22988080|3049, 22988222|3188, 22989852|3264, 22989904|3329, 23076237|3758, 23081390|3891, 23081584|4031, http://www.google.com, 
23129855|1, 23129855|1831, 23129974|1852, 23129974|2567, 23130034|2591, 23130034|2615, 23134057|2731, 23138813|2847, 23139180|2977, 23140610|3057, 23140610|3264, 23141255|3346, 23141255|3437, 23141359|3470, 23141359|3498, 23141479|3534, 23141479|4010, http://www.tmall.com, 
23166311|1, 23166311|2613, 23177097|3218, 23177097|3291, 23177742|3350, 23177846|3444, 23177846|3476, 23177966|3511, 23177966|4018, http://www.tmall.com, 
23202431|1, 23202431|2523, 23202491|2585, 23206514|2650, 23206566|2680, 23206566|2705, 23206678|2812, 23211286|2945, 23212777|3105, 23212777|3286, 23213123|3375, 23213123|3406, 23213243|3432, 23213243|3472, 23213347|3498, 23213776|3541, 23213776|3595, 23213896|3631, 23213896|3674, 23213948|3697, 23214412|3769, 23214412|3822, 23214532|3849, 23214532|3896, 23225392|3947, 23226254|4016, http://www.vk.com, 
23263954|1, 23263954|2652, 23290044|3135, 23291882|3192, 23297206|3345, 23309918|3430, 23310663|3467, 23333621|3530, 23345318|3814, 23345318|4138, http://www.facebook.com, 
23355937|1, 23355937|1789, 23356053|1813, 23356053|2630, 23356113|2666, 23364960|2948, 23366515|3040, 23366515|3091, 23366567|3121, 23366567|3275, 23372459|3457, 23372459|3503, 23372563|3567, 23372683|3606, 23372683|3628, 23373296|3654, 23373296|3739, 23373462|3776, 23373582|3801, 23373582|3821, 23374271|3844, 23374271|3869, 23374323|3892, 23374443|3919, 23374443|3941, 23381615|3965, 23381909|4002, http://www.imgur.com, 
23423006|1, 23423006|2541, 23423277|2640, 23427300|2728, 23427412|2832, 23432310|3044, 23433298|3115, 23434085|3199, 23434085|3236, 23434145|3283, 23438834|3405, 23448533|3481, 23449006|3563, 23449006|3630, 23452257|3668, 23452376|3784, 23456506|3826, 23457082|3959, 23457082|4059, http://www.instagram.com, 
23514631|1, 23514631|1808, 23514764|1863, 23514764|2604, 23519079|2848, 23523619|3026, 23523865|3056, 23525390|3193, 23525390|3287, 23525450|3356, 23529963|3427, 23530977|3505, 23530977|3584, 23531029|3780, 23531029|4004, http://www.jd.com, 
23569606|1, 23569606|2597, 23577772|2835, 23578393|3011, 23580213|3131, 23580325|3177, 23584894|3224, 23585417|3295, 23585417|3326, 23585469|3407, 23585469|3596, 23585573|3648, 23585573|3883, 23585625|3907, 23592657|3994, 23592657|4045, http://www.sohu.com, 
23628680|1, 23628680|2620, 23637902|2979, 23639468|3043, 23639468|3067, 23639520|3088, 23639520|3148, 23639684|3229, 23639804|3316, 23648283|3370, 23649280|3460, 23650750|3514, 23653306|3551, 23657206|3597, 23662331|3788, 23662331|4091, http://www.instagram.com, 
23724353|1, 23724353|2585, 23724413|2620, 23733454|2953, 23734997|3052, 23734997|3113, 23765367|3161, 23769445|3199, 23769936|3234, 23770601|3436, 23770653|3621, 23770653|3696, 23771220|3739, 23771384|3824, 23798002|4029, http://www.jd.com, 
23852349|1, 23852349|1794, 23852465|1818, 23852465|2656, 23852525|2721, 23857117|2840, 23863518|3071, 23863570|3111, 23863570|3289, 23870104|3515, 23870322|3553, 23870442|3610, 23871131|3665, 23871183|3691, 23871303|3715, 23876389|3736, 23879063|3785, 23879063|3810, 23893847|3845, 23897060|4020, http://www.imgur.com, 
23924990|1, 23924990|1723, 23925133|1749, 23925133|2557, 23925237|2595, 23925237|2644, 23925297|2670, 23929320|2711, 23934437|2933, 23936589|3093, 23936693|3168, 23936693|3254, 23936753|3307, 23942280|3561, 23942384|3771, 23949468|4358, http://www.sohu.com, 
24067511|1, 24067511|2642, 24076246|2942, 24076729|3050, 24078162|3115, 24078214|3150, 24078214|3179, 24078274|3231, 24082404|3265, 24082404|3295, 24083418|3355, 24083418|3388, 24083538|3411, 24083590|3474, 24083590|3525, 24091626|3560, 24093066|3697, 24093066|3764, 24096531|3935, 24101177|4227, http://www.instagram.com, 
24145158|1, 24145158|2504, 24149473|2743, 24154259|2943, 24155971|3081, 24155971|3119, 24156031|3184, 24156135|3253, 24160846|3323, 24161265|3363, 24169983|3524, 24169983|3552, 24170989|3581, 24170989|3610, 24171041|3695, 24175785|4177, http://www.wikipedia.org, 
24182923|1, 24182923|1875, 24182951|1899, 24182951|2596, 24191927|2968, 24193831|3085, 24193943|3144, 24199245|3327, 24207375|3360, 24207843|3395, 24208849|3428, 24208901|4043, http://www.wikipedia.org, 
24219871|1, 24219871|1308, 24220012|1336, 24220012|2188, 24220072|2237, 24224199|2310, 24224199|2343, 24230758|2667, 24230870|2758, 24246914|3005, 24247606|3042, 24247606|3318, 24279238|3423, 24279238|3451, 24303602|3603, 24309325|3841, 24315143|3987, 24317086|4092, http://www.amazon.com, 
24909213|1, 24909213|1729, 24909317|1754, 24909317|2560, 24909897|2663, 24918834|3064, 24920207|3106, 24920207|3138, 24920267|3169, 24920371|3198, 24924397|3223, 24926309|3345, 24926361|3412, 24926361|3441, 24926481|3476, 24941209|3557, 24942241|3592, 24942435|3623, 24942435|3671, 24942487|3696, 24942487|3775, 24946597|3823, 24959202|3959, 25075931|4496, http://www.yahoo.com, 
25170222|1, 25170222|1677, 25170404|1725, 25170404|2501, 25170464|2651, 25174719|2770, 25179259|2885, 25179380|2962, 25179380|2998, 25179626|3046, 25181223|3080, 25181223|3124, 25181275|3152, 25181275|3193, 25181335|3254, 25229524|3299, 25324636|3413, 25324965|3441, 25324965|3465, 25325017|3499, 25325017|3578, 25325574|3633, 25325574|3808, 25325626|3848, 25325626|4008, http://www.sina.com.cn, 
25392477|1, 25392477|2513, 25392593|2627, 25396728|2722, 25401380|2968, 25401626|3028, 25403494|3063, 25403494|3094, 25403546|3125, 25403546|3191, 25403606|3219, 25407684|3270, 25408175|3320, 25408819|3388, 25408819|3410, 25408871|3434, 25408871|3627, 25408975|3654, 25408975|3872, 25409027|3895, 25409027|3917, 25412543|3940, 25416099|3967, 25416099|4025, http://www.sohu.com, 
25471142|1, 25471142|1869, 25471263|1896, 25471263|2735, 25471669|2774, 25475744|2861, 25475744|2925, 25479983|3026, 25480746|3186, 25482330|3240, 25482330|3274, 25482382|3297, 25482382|3425, 25487867|3592, 25488312|3655, 25488468|3689, 25489124|3725, 25489124|3813, 25489228|3840, 25489308|3889, 25489308|4037, http://www.taobao.com, 
25515383|1, 25515383|2545, 25515557|2598, 25515617|2628, 25519640|2678, 25523827|2836, 25524344|3039, 25524344|3079, 25525989|3174, 25526041|3250, 25526101|3279, 25531384|3415, 25532615|3485, 25532667|3513, 25532667|3549, 25532771|3595, 25532851|3622, 25532851|4002, http://www.taobao.com, 
25598372|1, 25598372|1705, 25598618|1736, 25598618|2497, 25598678|2610, 25607525|2858, 25609312|3028, 25609312|3169, 25609372|3229, 25613993|3303, 25614516|3342, 25615657|3461, 25615657|3513, 25615777|3544, 25615777|3567, 25623431|3611, 25623431|3635, 25623637|3670, 25623637|3777, 25623689|3810, 25623689|4001, http://www.netflix.com, 
25740213|1, 25740213|1445, 25740559|1466, 25740559|1687, 25740670|1721, 25740670|2481, 25740941|2567, 25744964|2614, 25746718|2740, 25749219|2776, 25749736|2820, 25751579|3062, 25751579|3197, 25755769|3261, 25765262|3440, 25765565|3480, 25765565|3507, 25765617|3547, 25765617|3651, 25786821|3775, 25786821|4178, http://www.reddit.com, 
25797618|1, 25797618|1725, 25797769|1757, 25797769|2643, 25797829|2675, 25808234|3047, 25808286|3084, 25808286|3236, 25867102|3547, 25867102|3692, 25867154|3763, 25867154|3852, 25867243|3875, 25867482|3914, 25867482|4015, http://www.qq.com, 
25903672|1, 25903672|2480, 25914436|3100, 25914488|3164, 25918626|3233, 25918626|3286, 25919117|3364, 25919640|3412, 25919640|3505, 25919692|3566, 25919692|3639, 25919796|3664, 25919796|3926, 25923444|3955, 25926920|4022, http://www.sohu.com, 
25967035|1, 25967381|32, 25967381|1697, 25967563|1800, 25967563|2539, 25967623|2615, 25971646|2662, 25976883|2890, 25978843|3004, 25978895|3117, 25978895|3205, 25978955|3241, 26124059|3475, 26124111|3614, 26124431|3929, 26124913|3959, 26125387|3999, 26125387|4020, http://www.sina.com.cn, 
26177179|1, 26177179|2006, 26177251|2039, 26177251|2595, 26177311|2622, 26185986|2976, 26186284|3006, 26188065|3057, 26188065|3095, 26188117|3119, 26188117|3171, 26188177|3207, 26192746|3299, 26193515|3684, 26193515|3736, 26193911|3961, 26198396|4040, http://www.360.cn, 
26221527|1, 26221527|2698, 26226127|2876, 26230262|2959, 26232606|3156, 26232658|3211, 26232658|3369, 26237900|3680, 26237900|3743, 26242581|3970, 26252444|4535, http://www.360.cn, 
26265803|1, 26265803|2117, 26265936|2136, 26265936|2534, 26266147|2625, 26266147|2661, 26275248|3069, 26276853|3129, 26276913|3153, 26312037|3265, 26312418|3451, 26312418|4021, http://www.jd.com, 
26362596|1, 26362596|1328, 26362737|1351, 26362737|1751, 26362983|1788, 26362983|2701, 26363043|2738, 26371838|2969, 26372153|3038, 26373830|3098, 26373882|3136, 26373882|3373, 26373994|3423, 26380179|3580, 26380179|3603, 26380299|3629, 26380351|3653, 26387953|3685, 26388013|3713, 26388013|3735, 26391895|3818, 26391895|3901, 26391947|3923, 26391947|4015, http://www.netflix.com, 
26484351|1, 26484351|1710, 26484492|1742, 26484492|1849, 26484552|1875, 26484552|1973, 26488228|2009, 26488228|2600, 26488288|2627, 26492595|2972, 26498675|3092, 26498675|3117, 26498727|3143, 26498727|3169, 26498787|3208, 26504348|3358, 26505785|3396, 26506060|3429, 26506060|3544, 26506120|3568, 26506180|3613, 26506180|3647, 26518180|3721, 26518180|3795, 26518266|3817, 26518352|3898, 26518352|4005, http://www.live.com, 
26537717|1, 26537717|1738, 26537796|1812, 26537796|2590, 26537856|2639, 26546651|2906, 26548548|3015, 26548600|3091, 26548600|3222, 26553699|3401, 26563481|3507, 26564538|3589, 26564538|4039, http://www.wikipedia.org, 
26574954|1, 26574954|2638, 26599874|2879, 26600450|2909, 26601100|2941, 26601100|3188, 26601152|3233, 26603167|3346, 26607297|3401, 26620266|3549, 26620761|3580, 26621647|3619, 26656453|3754, 26656453|4005, http://www.facebook.com, 
26667141|1, 26667141|2662, 26671276|2722, 26671276|2758, 26683544|2932, 26683738|3040, 26685330|3070, 26685330|3105, 26686382|3149, 26686894|3206, 26686894|3292, 26686985|3330, 26686985|3371, 26687045|3398, 26692149|3463, 26693168|3493, 26693408|3522, 26695065|3558, 26727472|3591, 26774942|3644, 26775988|3670, 26777012|3711, 26780079|3761, 26783155|3804, 26783668|3829, 26783668|3911, 26783862|3958, 26783914|4004, http://www.google.com, 
26832825|1, 26832825|1768, 26832927|1791, 26832927|2558, 26833034|2610, 26833138|2655, 26833138|2758, 26833198|2808, 26837333|2985, 26841993|3170, 26843702|3256, 26847892|3381, 26848958|3514, 26848958|3586, 26848998|3610, 26849892|3636, 26849892|3660, 26850008|3702, 26850008|3893, 26850902|3920, 26851022|3943, 26851022|4010, http://www.baidu.com, 
27008139|1, 27008139|2657, 27008259|2999, 27009781|3029, 27012282|3071, 27012919|3159, 27018184|3219, 27019429|3260, 27019623|3306, 27020004|3345, 27020004|3376, 27020056|3400, 27020056|3444, 27020096|3467, 27020096|3661, 27042937|3699, 27059341|3757, 27059341|3858, 27059485|3903, 27060488|3941, 27085487|4050, http://www.baidu.com, 
27393431|1, 27393431|2579, 27393491|2618, 27401821|2754, 27404108|3005, 27404160|3057, 27404160|3084, 27404220|3111, 27404272|3144, 27408789|3237, 27409104|3292, 27409433|3325, 27409553|3365, 27417787|3393, 27417787|3417, 27418203|3444, 27419208|3491, 27419208|3554, 27419260|3617, 27419260|4107, http://www.wikipedia.org, 
27429164|1, 27429164|1806, 27429315|1852, 27429315|2655, 27429375|2684, 27433630|2799, 27437653|2869, 27439874|3116, 27439874|3167, 27439986|3205, 27444555|3256, 27498323|3302, 27498794|3502, 27499031|3669, 27499031|3842, 27499083|3883, 27499083|3954, 27499135|3977, 27499135|4011, http://www.qq.com, 
27532527|1, 27532527|2608, 27536714|2724, 27552500|3086, 27552552|3110, 27552552|3188, 27552612|3212, 27552664|3242, 27556690|3273, 27557181|3321, 27559258|3406, 27639988|3507, 27639988|3532, 27643093|3630, 27648724|3691, 27649237|3715, 27649237|3827, 27649431|3870, 27649431|3895, 27649483|3921, 27671721|3950, 27684082|4068, http://www.google.com, 
27696399|1, 27696399|2604, 27696610|2688, 27704880|2918, 27707246|3064, 27707246|3131, 27707298|3158, 27707298|3309, 27712098|3420, 27712693|3450, 27712887|3478, 27713962|3504, 27713962|3551, 27714118|3577, 27714118|3603, 27714198|3628, 27714198|4015, http://www.taobao.com, 
27739870|1, 27739870|84, 27739910|112, 27739910|1750, 27740021|1776, 27740021|2682, 27748359|2870, 27748876|2955, 27750872|3175, 27750932|3205, 27750984|3230, 27755501|3284, 27755501|3304, 27756024|3404, 27756144|3430, 27756144|3452, 27763724|3487, 27764344|3511, 27764595|3575, 27764595|3599, 27764647|3626, 27764647|3756, 27786112|3871, 27786112|4034, http://www.reddit.com, 
27795934|1, 27795934|1728, 27796106|1761, 27796106|2560, 27796166|2632, 27804961|2943, 27805155|2984, 27806509|3062, 27806509|3099, 27806569|3121, 27806725|3152, 27810751|3179, 27811242|3217, 27811937|3368, 27811989|3448, 27818915|3481, 27819109|3506, 27819109|3552, 27819161|3575, 27819161|3823, 27820030|3845, 27826098|3877, 27826098|4028, http://www.linkedin.com, 
27879447|1, 27879447|1762, 27879629|1785, 27879629|2635, 27879689|2758, 27883892|3019, 27884603|3112, 27886034|3142, 27886034|3182, 27886086|3215, 28030783|3659, 28030783|3893, 28030835|3980, 28030835|4007, http://www.sina.com.cn, 
28105311|1, 28105311|1753, 28105452|1777, 28105452|2628, 28105512|2684, 28115834|2989, 28115834|3020, 28115886|3060, 28115886|3218, 28115946|3245, 28116050|3279, 28122943|3460, 28122943|3562, 28123063|3590, 28123063|3673, 28129115|3696, 28135115|3721, 28135115|3794, 28135201|3815, 28135287|3838, 28135287|3970, 28135541|3995, 28135541|4038, http://www.live.com, 
28152659|1, 28152659|1778, 28152747|1802, 28152747|2650, 28152807|2688, 28157773|3011, 28159206|3097, 28159258|3123, 28159318|3149, 28159422|3175, 28163448|3215, 28164479|3294, 28164808|3322, 28164808|3358, 28164928|3386, 28164980|3411, 28164980|3432, 28165461|3458, 28165461|3481, 28165547|3507, 28165547|3575, 28165667|3599, 28165667|3637, 28165719|3666, 28166183|3705, 28166183|3789, 28166303|3811, 28166303|3854, 28177215|3885, 28177215|3933, 28177646|3952, 28178077|3975, 28178271|3996, 28179721|4016, http://www.vk.com, 
28215330|1, 28215330|1669, 28215404|1692, 28215404|2554, 28216193|2611, 28216270|2639, 28225125|2885, 28225125|2974, 28226592|3026, 28226644|3096, 28226644|3220, 28226704|3251, 28230782|3292, 28232490|3396, 28232542|3429, 28233650|3456, 28233650|3483, 28233873|3524, 28233873|3639, 28233993|3662, 28233993|3784, 28238493|3808, 28238493|3899, 28238579|3921, 28238579|4012, http://www.live.com, 
28263447|1, 28263447|2495, 28263563|2571, 28263623|2614, 28268395|2791, 28274753|3011, 28274805|3054, 28274805|3157, 28274865|3181, 28274917|3204, 28279434|3281, 28280077|3447, 28286457|3479, 28286457|3512, 28287055|3551, 28287249|3576, 28287249|3881, 28294186|3923, 28294186|4040, http://www.linkedin.com, 
28347745|1, 28347745|1756, 28347856|1779, 28347856|2601, 28347916|2766, 28352636|3021, 28352636|3054, 28352830|3083, 28352882|3108, 28354463|3135, 28354463|3160, 28354575|3264, 28359272|3350, 28359272|3385, 28359707|3418, 28367564|3478, 28368487|3533, 28368487|3558, 28368539|3580, 28368539|3733, 28390118|3815, 28390118|4031, http://www.reddit.com, 
28400176|1, 28400176|1595, 28400349|1628, 28400522|1654, 28400522|2579, 28400582|2609, 28404769|2714, 28404821|2740, 28411183|3001, 28411183|3079, 28411235|3103, 28411235|3152, 28411295|3188, 28415916|3367, 28416928|3916, 28416928|4001, http://www.360.cn, 
28452850|1, 28452850|1785, 28452952|1812, 28452952|2504, 28453126|2598, 28453186|2635, 28462378|2909, 28464368|3099, 28464368|3181, 28464428|3217, 28469260|3352, 28469641|3387, 28469641|3412, 28469693|3434, 28469733|3460, 28469733|3664, 28507565|3697, 28535019|4253, http://www.baidu.com, 
28733722|1, 28733722|2632, 28733782|2693, 28737857|2739, 28742698|2950, 28742698|3022, 28742944|3070, 28742944|3100, 28744261|3124, 28744261|3171, 28744313|3193, 28744313|3268, 28744425|3324, 28748942|3373, 28749204|3403, 28757439|3430, 28757491|3457, 28757699|3481, 28757907|3507, 28758912|3586, 28758964|3648, 28758964|4031, http://www.wikipedia.org, 
28809058|1, 28809058|469, 28809404|495, 28809404|2114, 28809537|2148, 28809537|2504, 28809748|2573, 28809808|2627, 28818970|2957, 28820463|3051, 28820515|3078, 28820515|3173, 28820575|3212, 28821116|3240, 28826735|3535, 28826735|4026, http://www.jd.com, 
28865358|1, 28865358|2442, 28869725|2698, 28885161|2940, 28885161|3002, 28885213|3040, 28885213|3126, 28889351|3210, 28891432|3284, 28892904|3358, 28901015|3393, 28943603|3421, 28974281|3461, 28982225|3621, 28982225|3769, 28982419|3804, 28982471|3827, 28982471|3848, 28997355|3869, 29017072|3949, 29017072|4018, http://www.google.com, 
29069735|1, 29069735|1714, 29069981|1741, 29069981|2562, 29070041|2602, 29074064|2653, 29074176|2752, 29078319|2831, 29080625|3047, 29080677|3119, 29080677|3147, 29080737|3172, 29080841|3195, 29084867|3225, 29085358|3262, 29085971|3299, 29086023|3331, 29086075|3376, 29087230|3443, 29087230|3517, 29087350|3541, 29087350|3564, 29091203|3586, 29094952|3633, 29095158|3671, 29095158|3795, 29095210|3815, 29095210|4004, http://www.netflix.com, 
29187488|1, 29187488|2587, 29195878|2828, 29196395|2927, 29198287|3104, 29198339|3162, 29198339|3241, 29202529|3313, 29203020|3350, 29204303|3377, 29204774|3481, 29204894|3504, 29204894|3525, 29212496|3549, 29212496|3604, 29212702|3634, 29212702|3779, 29212754|3802, 29212754|4015, http://www.netflix.com, 
29332112|1, 29332112|2678, 29336427|2876, 29336427|3531, 29336487|3564, 29336539|3588, 29342095|3613, 29342586|3639, 29345147|3673, 29345812|3710, 29350394|3736, 29350744|3792, 29350900|3818, 29353690|3847, 29353794|4001, http://www.wikipedia.org, 
29370210|1, 29370210|2589, 29370270|2612, 29370322|2648, 29378548|2819, 29380869|3028, 29380921|3054, 29380921|3191, 29416435|3407, 29416872|3458, 29416924|3484, 29416924|3778, 29417067|3819, 29417119|3850, 29417119|4006, http://www.jd.com, 
29469616|1, 29469616|1744, 29469862|1769, 29469862|2539, 29470073|2618, 29470073|2651, 29470185|2715, 29480738|3077, 29480790|3131, 29480790|3237, 29484980|3304, 29484980|3342, 29485471|3368, 29486084|3411, 29486084|3437, 29486136|3464, 29487241|3496, 29487241|3551, 29487301|3588, 29487361|3627, 29491162|3653, 29494963|3679, 29494963|3711, 29495169|3737, 29495169|3880, 29495221|3902, 29495221|4007, http://www.netflix.com, 
29574816|1, 29574816|2715, 29574988|2866, 29579769|3082, 29581450|3126, 29581450|3183, 29581502|3211, 29581502|3275, 29587284|3419, 29587807|3469, 29587807|3516, 29587919|3544, 29587919|3580, 29591772|3612, 29591772|3639, 29591875|3664, 29591875|3760, 29591987|3802, 29591987|3830, 29592236|3853, 29592236|3923, 29592288|3951, 29592288|3974, 29594453|3997, 29594453|4019, http://www.netflix.com, 
29670992|1, 29670992|1737, 29671103|1769, 29671103|2649, 29671163|2684, 29681882|3073, 29681882|3190, 29681942|3222, 29681994|3255, 29695044|3485, 29695044|3511, 29695605|3535, 29695605|3580, 29695657|3604, 29695657|3727, 29710441|3755, 29716441|3786, 29717160|3849, 29717160|4287, http://www.reddit.com, 
29767257|1, 29767257|1700, 29767398|1738, 29767398|2619, 29767458|2645, 29771533|2702, 29774705|2790, 29776374|2907, 29776620|2969, 29776620|3009, 29778124|3102, 29778124|3123, 29778176|3150, 29778176|3178, 29778236|3203, 29782314|3244, 29783448|3363, 29794242|3415, 29794830|3437, 29794830|3510, 29794882|3538, 29794882|3686, 29826491|3781, 29826570|3870, 29856155|4249, http://www.amazon.com, 
29947752|1, 29947752|1790, 29947871|1815, 29947871|2690, 29954697|3102, 29954749|3142, 29954749|3171, 29954809|3200, 29959430|3261, 29960269|3310, 29960702|3401, 29960754|3432, 29960834|3465, 29960834|4010, http://www.tmall.com, 
29983311|1, 29983311|2615, 29983371|2643, 29987446|2695, 29987678|2779, 29999685|2813, 30001347|2984, 30003114|3096, 30003114|3185, 30003205|3221, 30003265|3256, 30008864|3363, 30009058|3406, 30009110|3441, 30009638|3471, 30009758|3496, 30011012|3524, 30015960|3548, 30090319|3589, 30091342|3633, 30092485|3671, 30094533|3703, 30098643|3813, 30099689|3841, 30099883|4004, http://www.google.com, 
30147639|1, 30147639|1819, 30147758|1843, 30147758|2468, 30147969|2587, 30148029|2622, 30152052|2660, 30152052|2700, 30156808|2961, 30158593|2999, 30158593|3067, 30158645|3093, 30158645|3183, 30158705|3216, 30164546|3391, 30164678|3414, 30164678|4006, http://www.tmall.com, 
30226684|1, 30226684|118, 30226724|144, 30226724|2572, 30230807|2668, 30243098|2773, 30244885|2997, 30246710|3148, 30251227|3192, 30251750|3250, 30251750|3305, 30253420|3404, 30254492|3432, 30254613|3457, 30264059|3480, 30334036|3523, 30336749|3613, 30338163|3651, 30341354|3699, 30343406|3738, 30343406|3870, 30343600|3893, 30343600|3916, 30343652|3943, 30368686|4002, http://www.google.com, 
30431097|1, 30431097|2595, 30431157|2679, 30435292|2821, 30447419|2888, 30448960|3045, 30450730|3127, 30450730|3172, 30450782|3197, 30450782|3263, 30450842|3290, 30450894|3314, 30458797|3523, 30511836|3565, 30539758|3625, 30540392|3653, 30542951|3709, 30546020|3815, 30546020|3905, 30547589|3929, 30547783|3965, 30547835|3991, 30547835|4009, http://www.google.com, 
30596958|1, 30596958|2593, 30597018|2659, 30622257|2933, 30622968|3097, 30624578|3131, 30624578|3182, 30624630|3216, 30624690|3242, 30628768|3283, 30630156|3405, 30665387|3550, 30676056|3607, 30676942|3632, 30677961|3659, 30686739|4147, http://www.facebook.com, 
30696771|1, 30696771|2692, 30696831|2722, 30696935|2752, 30701198|2851, 30722621|3024, 30724508|3255, 30724620|3313, 30724724|3338, 30728750|3376, 30729241|3437, 30742263|3553, 30742706|3581, 30743282|3609, 30752360|3634, 30766030|3690, 30777809|3728, 30778252|3892, 30778252|4210, http://www.facebook.com, 
30787652|1, 30787652|1804, 30787763|1833, 30787763|2644, 30791898|2706, 30792078|2767, 30792130|2805, 30796101|2866, 30796618|2896, 30796739|2941, 30796933|2970, 30796985|3006, 30798528|3041, 30798528|3080, 30798580|3167, 30798580|3286, 30798640|3313, 30798692|3347, 30802718|3371, 30803209|3415, 30803403|3451, 30803732|3485, 30803852|3510, 30803904|3535, 30811742|3582, 30812052|3606, 30812355|3629, 30812355|3680, 30812407|3715, 30812407|3832, 30827191|3876, 30833704|3939, 30833704|4075, http://www.reddit.com, 
30843976|1, 30843976|1761, 30844092|1793, 30844092|2562, 30844196|2587, 30844303|2640, 30844363|2667, 30848386|2711, 30853727|2905, 30853921|2950, 30855582|3154, 30855582|3207, 30856201|3263, 30861136|3389, 30862078|3429, 30862078|3456, 30862244|3480, 30862296|3507, 30862416|3531, 30862416|3553, 30863105|3578, 30863105|3604, 30863157|3630, 30863277|3656, 30870449|3685, 30870449|3712, 30871037|3737, 30889034|3816, 30892956|3945, 30916368|4337, http://www.imgur.com, 
30979111|1, 30979111|2570, 30979171|2609, 30987501|2817, 30988385|2914, 30989971|3035, 30989971|3164, 30990031|3201, 30994720|3235, 30995405|3321, 30995996|3359, 30995996|3389, 30996609|3413, 30996609|3461, 30997470|3526, 30997470|3578, 30997522|3603, 30997642|3628, 31004814|3653, 31004814|3679, 31005402|3714, 31012686|3740, 31023399|3793, 31023399|4306, http://www.imgur.com, 
31071252|1, 31071252|142, 31071304|166, 31071304|276, 31071387|302, 31071387|1754, 31071503|1779, 31071503|2598, 31080410|2928, 31080656|3004, 31082002|3050, 31082002|3081, 31082054|3107, 31082054|3132, 31082400|3154, 31082400|3284, 31083019|3328, 31087588|3421, 31087640|3459, 31088231|3488, 31088231|3516, 31088896|3551, 31088896|3576, 31089062|3605, 31089062|3627, 31089871|3683, 31089871|3723, 31089923|3747, 31090043|3777, 31097215|3801, 31097509|3838, 31109587|3885, 31116361|3916, 31116421|4451, http://www.imgur.com, 
