8204|1, 11752|745, 11752|1081, 10652|1257, 10652|1302, 9992|1536, 9976|1575, 10024|1597, 10024|1621, 9976|1654, 9976|2438, 10196|2477, 9976|2535, 9976|2554, 10024|2610, 10004|2656, 10072|2684, 10072|2713, 10292|2746, 10512|2783, 10512|3561, 10584|3581, 10672|3603, 10712|3630, 10712|3651, 10688|3670, 10688|4012, http://www.linkedin.com, 
4980|1, 4980|2242, 5200|2283, 5420|2312, 5420|2733, 5352|2804, 5352|2922, 6232|2979, 6232|3616, 6352|3670, 6376|3709, 7092|4132, http://www.linkedin.com, 
4980|1, 4980|1623, 4988|1647, 4988|1687, 4984|1707, 4984|1730, 4980|1760, 4980|2437, 5420|2488, 5420|2573, 5324|2737, 5324|3127, 6204|3248, 6204|3630, 6240|3656, 6372|3720, 6504|3790, 6504|4068, http://www.yahoo.com, 
4980|1, 6300|79, 6300|229, 4980|250, 4980|526, 5004|551, 5004|592, 4980|612, 4980|1508, 4984|1561, 4984|1886, 5204|1936, 5204|2409, 5488|2595, 6368|2625, 6368|3502, 6392|3522, 6440|3572, 6452|3621, 6452|3680, 6672|3746, 6672|3776, 6892|3806, 6672|3885, 6892|4030, http://www.live.com, 
4980|1, 4980|2431, 5216|2475, 5432|2558, 5432|3146, 6312|3187, 6312|3439, 6372|3470, 6408|3518, 6436|3543, 6436|4032, http://www.360.cn, 
4980|1, 4980|2470, 5440|2531, 5440|2642, 5220|2929, 5220|3180, 6320|3232, 6320|3289, 6420|3568, 6420|3650, 6640|3729, 6640|3750, 6420|3869, 6420|4026, http://www.facebook.com, 
4980|1, 4980|2272, 4984|2301, 4984|2365, 4992|2387, 4992|2446, 5212|2472, 5212|2516, 5432|2609, 5212|2717, 5212|3153, 6092|3224, 6516|3387, 6516|4015, http://www.qq.com, 
4980|1, 4980|2433, 5200|2496, 5200|2788, 5404|3020, 5404|3072, 6284|3165, 6504|3375, 6504|3424, 6724|3633, 6612|3916, 6676|3954, 6780|3978, 6676|4019, http://www.qq.com, 
4980|1, 4980|2360, 5420|2412, 5420|2720, 5328|2890, 5328|3058, 6208|3222, 6208|3589, 6320|3625, 6532|3703, 6752|4074, http://www.yahoo.com, 
4980|1, 4980|1437, 4984|1459, 4984|1909, 5204|1966, 5204|2187, 5424|2297, 5424|2456, 5348|2527, 5440|2556, 5440|2612, 6320|2652, 6320|3451, 6368|3477, 6456|3518, 6472|3631, 6692|3710, 6912|4027, http://www.vk.com, 
4980|1, 4980|2296, 4976|2319, 4976|2362, 4984|2392, 4984|2561, 5204|2583, 5204|3275, 6300|3363, 6420|3505, 6420|3836, 6640|3866, 6640|4060, http://www.instagram.com, 
4980|1, 4980|2052, 4984|2073, 4984|2315, 5204|2396, 5204|2727, 5424|2890, 5424|2981, 5420|3011, 5440|3035, 5400|3065, 6592|3250, 6660|4011, http://www.jd.com, 
4980|1, 4980|1847, 4976|1866, 4980|1892, 4980|2419, 5420|2469, 5420|2559, 5200|2805, 5212|2897, 5328|2935, 5396|3004, 6276|3179, 6276|3885, 6360|3907, 6428|3928, 6428|4008, http://www.taobao.com, 
4980|1, 4980|2496, 5272|2624, 5336|2655, 5408|2732, 5408|3194, 6288|3216, 6288|3541, 6392|3570, 6392|3592, 6448|3612, 6364|3632, 6364|3659, 6432|3685, 6432|4016, http://www.baidu.com, 
4980|1, 4980|2377, 5000|2408, 5192|2485, 5192|2740, 5412|2989, 5412|3103, 6292|3267, 6292|3379, 6424|3403, 6416|3438, 6416|3459, 6432|3538, 6432|4007, http://www.netflix.com, 
4980|1, 4980|2284, 4984|2308, 4984|2346, 4988|2370, 5216|2424, 5436|2454, 5436|3092, 6316|3207, 6316|3278, 6336|3309, 6460|3332, 6468|3354, 6436|3400, 6436|3752, 6656|3778, 6656|4001, http://www.tmall.com, 
4980|1, 4980|2066, 4984|2097, 4984|2314, 5204|2415, 5204|2488, 5424|2735, 5424|3018, 6084|3047, 6252|3098, 6396|3209, 6396|4001, http://www.baidu.com, 
4980|1, 4980|2144, 4984|2172, 4984|2382, 5424|2481, 5424|3030, 5392|3059, 5392|3085, 6296|3134, 6300|3192, 6300|3814, 6520|3851, 6960|3876, 7400|3954, 6884|4202, http://www.imgur.com, 
4980|1, 4980|1966, 4984|1987, 4984|2411, 5204|2441, 5204|2811, 5420|2980, 5420|3098, 6740|3177, 6740|3220, 6520|3619, 6300|3709, 6300|3861, 6396|3888, 6464|3911, 6488|3937, 6488|3958, 6580|3982, 6580|4002, http://www.sina.com.cn, 
4980|1, 4980|2381, 5200|2480, 5200|2531, 5332|2839, 5332|3127, 6212|3182, 6212|3551, 6260|3581, 6260|3603, 6308|3631, 6348|3654, 6428|3684, 6428|4069, http://www.live.com, 
4980|1, 4980|2378, 5200|2456, 5200|2482, 5284|2821, 5284|3063, 6164|3098, 6164|3503, 6936|3667, 6556|3774, 6556|3936, 6776|3982, 6556|4017, http://www.sina.com.cn, 
4980|1, 4980|2169, 4984|2197, 4984|2412, 5204|2452, 5424|2479, 5424|2588, 5204|2652, 5204|3101, 6084|3127, 6084|3153, 6128|3183, 6264|3206, 6336|3231, 6336|3253, 6432|3311, 6652|4011, http://www.amazon.com, 
4980|1, 4980|1902, 4984|1922, 4984|2372, 5204|2401, 5204|2511, 5424|2536, 5424|2862, 5480|2974, 5408|3008, 5408|3124, 6288|3145, 6288|3404, 6508|3446, 6508|3724, 6728|3794, 7228|4082, http://www.reddit.com, 
4980|1, 4980|2504, 5420|2616, 5372|2681, 5372|3305, 6252|3327, 6252|3349, 6696|3657, 6612|3850, 6612|4026, http://www.360.cn, 
4980|1, 4980|2232, 4984|2251, 4984|2577, 5424|2643, 5204|2749, 5204|3195, 5212|3237, 5400|3273, 5400|3297, 5468|3323, 5468|3515, 5908|3543, 6348|3626, 6348|4020, http://www.taobao.com, 
4980|1, 4980|1995, 4984|2016, 4984|2396, 5424|2426, 5424|2833, 5456|2964, 5436|3033, 5436|3147, 6316|3236, 6316|3621, 6536|3697, 6536|3854, 7196|3922, 7236|3957, 7156|3986, 6716|4067, http://www.instagram.com, 
4980|1, 4980|2357, 5420|2448, 5420|2517, 5336|2832, 5336|3092, 6216|3118, 6216|3612, 6260|3645, 6260|3695, 6324|3724, 6432|3773, 6432|4019, http://www.baidu.com, 
4980|1, 4980|2407, 5420|2489, 5420|2546, 5392|2574, 5404|2615, 5404|3145, 6284|3173, 6284|3496, 6208|3517, 6324|3548, 6376|3586, 6420|3629, 6420|4007, http://www.sohu.com, 
4980|1, 4980|2285, 4984|2305, 4984|2423, 5424|2505, 5424|3124, 6304|3150, 6304|3195, 6428|3321, 6432|3377, 6432|3848, 7092|3931, 6652|4044, http://www.instagram.com, 
4980|1, 6300|80, 6300|921, 6276|956, 6276|2555, 6496|2579, 6716|2921, 6640|3075, 6640|3291, 7520|3341, 7520|3841, 7644|3917, 7712|3944, 7712|3965, 7736|3993, 7736|4038, http://www.vk.com, 
6276|1, 6276|2458, 6292|2502, 6516|2556, 6676|2645, 6676|3322, 7776|3373, 7756|3552, 7728|3598, 7728|3825, 7948|3911, 7728|3948, 7728|4200, http://www.yahoo.com, 
6276|1, 6276|2121, 6280|2149, 6280|2556, 6720|2595, 6720|3086, 6732|3194, 6688|3256, 6688|3425, 7568|3471, 7568|3940, 8008|3977, 8008|4021, http://www.vk.com, 
6276|1, 6276|2535, 6716|2730, 6716|2826, 6628|2943, 6628|3200, 7508|3250, 7508|3731, 7728|3777, 8616|4214, http://www.reddit.com, 
6276|1, 6276|2453, 6280|2481, 6284|2507, 6288|2541, 6728|2601, 6728|2683, 6508|2715, 6508|3283, 7388|3343, 7712|3569, 7932|4173, http://www.amazon.com, 
6276|1, 6276|2079, 6280|2107, 6280|2482, 6720|2580, 6720|3029, 6640|3100, 6688|3157, 6688|3272, 8008|3455, 8084|4057, http://www.sina.com.cn, 
6276|1, 6276|2438, 6284|2480, 6288|2516, 6288|2540, 6508|2578, 6728|2633, 6728|3259, 7608|3306, 7540|3451, 7868|3580, 8308|4087, http://www.360.cn, 
6276|1, 6276|2017, 6496|2135, 6520|2172, 6564|2213, 6656|2254, 6692|2280, 6692|2816, 7572|2849, 7572|3146, 7532|3171, 7564|3196, 7608|3244, 7736|3268, 7736|3641, 7956|3686, 7736|3770, 7736|4009, http://www.vk.com, 
6276|1, 6276|2588, 6716|2675, 6716|2837, 6612|3067, 6612|3370, 7492|3406, 7492|3785, 7548|3808, 7580|3833, 7764|3896, 7984|4112, http://www.yahoo.com, 
6276|1, 6276|2017, 6496|2074, 6716|2429, 6724|2478, 6660|2532, 6660|2777, 7540|2889, 7540|3404, 7580|3429, 7648|3451, 7648|3477, 7708|3503, 7728|3528, 7728|3630, 7948|3654, 7948|4009, http://www.tmall.com, 
6276|1, 6276|2050, 6280|2071, 6280|2568, 6500|2605, 6500|2743, 6676|3181, 6676|3315, 7556|3372, 7776|3462, 7776|4018, http://www.qq.com, 
6276|1, 6276|2415, 6280|2443, 6280|2604, 6500|2745, 6500|3326, 7380|3370, 7808|3577, 7808|4005, http://www.jd.com, 
6276|1, 6276|2525, 6716|2554, 6716|2581, 6516|2911, 6628|3069, 6628|3289, 7508|3328, 7508|3876, 7584|3906, 7620|3928, 7640|3949, 7640|3970, 7724|3994, 7724|4025, http://www.amazon.com, 
6276|1, 6276|2465, 6528|2506, 6460|2534, 6680|2573, 6680|3300, 7560|3352, 7560|3430, 7512|3451, 7556|3475, 7676|3501, 7676|3523, 7732|3547, 7732|4010, http://www.linkedin.com, 
6276|1, 6276|2214, 6280|2235, 6280|2588, 6500|2672, 6500|3145, 6636|3223, 6700|3277, 6700|3463, 6920|3510, 6920|3533, 7580|3569, 7580|4006, http://www.sohu.com, 
6276|1, 6276|2490, 6716|2526, 6716|2636, 6612|2879, 6612|3270, 7492|3315, 7492|3740, 7632|3803, 7720|3849, 7720|4060, http://www.linkedin.com, 
6276|1, 6276|2372, 6280|2397, 6280|2625, 6720|2789, 6500|2826, 6500|3365, 6620|3418, 7672|3489, 7672|3832, 8112|3921, 7892|4078, http://www.instagram.com, 
6276|1, 6276|2507, 6496|2530, 6716|2559, 6716|2593, 6496|2725, 6636|3121, 6636|3385, 7736|3497, 7736|3809, 7732|3888, 7680|3937, 8448|4475, http://www.imgur.com, 
6276|1, 6276|2469, 6280|2497, 6288|2523, 6292|2572, 6528|2600, 6528|3273, 7408|3318, 7408|3464, 7532|3490, 7532|3514, 7664|3545, 7776|3567, 7740|3590, 7740|4021, http://www.taobao.com, 
6276|1, 6276|1065, 6308|1115, 6308|2008, 6312|2033, 6280|2056, 6308|2080, 6280|2122, 6280|2515, 6720|2577, 6720|2949, 6784|3018, 6776|3074, 6648|3159, 6648|3320, 7528|3342, 7528|3384, 7748|3657, 7528|3712, 8084|4094, http://www.qq.com, 
6276|1, 6276|2407, 6284|2443, 6284|2511, 6280|2540, 6500|2798, 6500|3279, 7380|3337, 7380|3397, 7484|3471, 7588|3494, 7716|3538, 7716|4013, http://www.sina.com.cn, 
6276|1, 6276|2584, 6716|2638, 6716|2747, 6496|2804, 6636|3111, 6636|3356, 7516|3393, 7516|3944, 7548|3967, 7604|3999, 7612|4024, http://www.live.com, 
6276|1, 6276|2539, 6312|2587, 6640|2711, 6640|3304, 7520|3367, 7520|3578, 7660|3612, 7700|3648, 7700|3670, 7728|3698, 7728|3889, 7948|3921, 7948|4006, http://www.live.com, 
6276|1, 6276|2243, 6280|2262, 6280|2519, 6500|2580, 6720|2664, 6720|3103, 6824|3197, 6840|3227, 6780|3256, 6760|3285, 7640|3320, 7640|4002, http://www.baidu.com, 
6276|1, 6276|2542, 6716|2652, 6716|2709, 6496|2757, 6556|2806, 6616|2881, 6616|3204, 7496|3259, 7496|3505, 7716|3543, 7936|3620, 7936|3766, 7816|3866, 7944|3912, 7944|4061, http://www.qq.com, 
6276|1, 6276|2525, 6284|2560, 6728|2644, 6508|3059, 6508|3196, 7388|3279, 7388|3463, 7452|3484, 7564|3521, 7716|3590, 7716|4007, http://www.netflix.com, 
6276|1, 6276|2119, 6280|2141, 6280|2554, 6720|2593, 6720|2701, 6500|2857, 6500|3046, 6556|3142, 6684|3230, 6684|3306, 7564|3371, 7784|3611, 8896|4215, http://www.360.cn, 
6276|1, 6276|2474, 6716|2622, 6716|2704, 6496|2809, 6628|2996, 6628|3275, 7508|3441, 7508|3850, 7544|3879, 7572|3902, 7680|3925, 7740|3948, 7740|4017, http://www.tmall.com, 
6276|1, 7596|82, 7596|469, 7572|495, 7572|2481, 7580|2504, 7580|2548, 7584|2574, 7804|2671, 7804|3357, 8684|3458, 8808|3504, 8788|3531, 8896|3561, 9004|3585, 9004|4006, http://www.amazon.com, 
7572|1, 7572|1953, 7576|1986, 7576|2430, 8016|2519, 8016|2627, 7796|2653, 8000|3068, 8000|3095, 8880|3225, 9104|4031, http://www.amazon.com, 
7572|1, 7572|2035, 7792|2164, 7792|2430, 7984|2650, 7984|2746, 8864|2781, 8864|3488, 9252|3670, 9252|4016, http://www.instagram.com, 
7572|1, 7572|2069, 7576|2097, 7576|2577, 8016|2658, 8016|2749, 7956|3100, 7956|3285, 8836|3401, 9000|4027, http://www.linkedin.com, 
7572|1, 7572|2510, 7900|3020, 7900|3129, 8780|3324, 8780|3616, 8800|3637, 8860|3668, 8924|3699, 9020|3726, 9020|4075, http://www.linkedin.com, 
7572|1, 7572|2434, 7576|2457, 7576|2583, 8016|2689, 8016|3336, 8036|3366, 8848|3418, 9024|3524, 9024|4020, http://www.vk.com, 
7572|1, 7572|2510, 7792|2561, 7792|2981, 7952|3133, 7952|3261, 8832|3309, 9052|3394, 9272|3660, 10168|4147, http://www.360.cn, 
7572|1, 7572|1651, 7576|1682, 7576|2005, 7796|2033, 8016|2072, 8016|2611, 8052|2651, 7996|2687, 7996|2711, 8072|2735, 8952|2779, 8952|3618, 9004|3646, 8996|3671, 9040|3722, 9040|4079, http://www.live.com, 
7572|1, 7572|2353, 7576|2381, 7576|2597, 7796|2664, 7796|3323, 8912|3395, 9008|3515, 9008|4016, http://www.sohu.com, 
7572|1, 7572|2605, 8012|2636, 8012|2774, 7860|2863, 7912|2966, 7912|3397, 8792|3445, 8792|3826, 8868|3854, 8924|3908, 9020|4042, http://www.facebook.com, 
7572|1, 7572|1603, 7576|1644, 7576|2074, 7796|2107, 8016|2164, 8016|2248, 7796|2273, 7796|2316, 7852|2635, 7976|2689, 7976|2798, 8856|2916, 8856|3136, 9076|3186, 9076|3544, 9072|3655, 9216|3726, 9216|4045, http://www.wikipedia.org, 
7572|1, 7572|2292, 7576|2316, 7576|2525, 7796|2564, 8016|2604, 8016|2717, 7796|2781, 7796|3232, 7912|3263, 7972|3292, 7964|3322, 8952|3352, 8952|3495, 9172|3679, 9172|4019, http://www.jd.com, 
7572|1, 7572|2621, 8012|2675, 7928|3024, 7928|3296, 8808|3512, 8808|3828, 8820|3878, 8900|3900, 8900|3922, 8976|3944, 9024|3970, 9024|4008, http://www.vk.com, 
7572|1, 7572|2517, 8024|2573, 7960|2681, 7960|3280, 8840|3309, 8840|3349, 9280|3482, 9500|3506, 9500|3567, 9128|3870, 9128|4224, http://www.sohu.com, 
7572|1, 7572|2140, 7576|2166, 7576|2558, 8016|2635, 8016|3171, 7916|3224, 8008|3354, 8888|3541, 8888|3789, 9328|3911, 9108|3937, 8888|3963, 9172|4411, http://www.facebook.com, 
7572|1, 7572|2493, 7792|2597, 7792|2780, 7916|2940, 7916|3238, 8796|3264, 8796|3829, 8864|3872, 8960|3981, 8960|4085, http://www.yahoo.com, 
7572|1, 7572|2040, 7792|2079, 7792|2261, 7932|2531, 7932|2785, 8812|2814, 8812|3408, 8840|3451, 9972|3996, 9972|4120, http://www.imgur.com, 
7572|1, 7572|2523, 8012|2558, 8012|2688, 7928|2934, 7928|3226, 8808|3260, 8808|3774, 8880|3796, 8956|3817, 8956|3840, 8960|3863, 9028|3892, 9028|4016, http://www.baidu.com, 
7572|1, 7572|2429, 7576|2464, 7576|2514, 8016|2602, 8016|2636, 7796|2751, 7796|3278, 9112|3809, 9112|4052, http://www.qq.com, 
7572|1, 7572|2521, 8012|2574, 8012|2686, 7792|2715, 7792|2869, 7924|3146, 7924|3297, 8804|3327, 8804|3879, 8816|3904, 8896|3936, 8960|3957, 9028|3982, 9028|4005, http://www.taobao.com, 
7572|1, 7572|2407, 7576|2430, 7576|2523, 7796|2623, 7796|3195, 8016|3220, 8016|3278, 9012|3649, 9232|3859, 9232|4088, http://www.sina.com.cn, 
7572|1, 7572|2573, 8012|2618, 8012|2696, 7912|2894, 7912|3208, 8792|3294, 8792|3736, 8852|3758, 8872|3789, 9084|3829, 9304|3889, 9304|4156, http://www.yahoo.com, 
7572|1, 7572|2495, 7576|2521, 7576|2573, 8016|2670, 8016|2743, 7796|2781, 7796|3256, 8016|3284, 8016|3337, 8964|3430, 9008|3534, 9008|3686, 9228|3710, 9228|4004, http://www.amazon.com, 
7572|1, 7572|1905, 7576|1946, 7580|1971, 7768|2034, 7768|2084, 7988|2131, 7988|2725, 8980|3014, 9016|3057, 9016|3639, 9236|3661, 9236|3958, 9144|3981, 9136|4003, http://www.reddit.com, 
7572|1, 7572|2346, 7576|2373, 7576|2540, 7796|2585, 8016|2640, 8016|3312, 7928|3342, 7928|3366, 8092|3403, 8104|3432, 8104|3454, 8984|3481, 8984|4017, http://www.tmall.com, 
7572|1, 7572|2013, 7976|2126, 7916|2225, 7916|2789, 9016|2827, 9016|3076, 8916|3120, 9012|3146, 9012|3673, 9232|3696, 9232|4024, http://www.taobao.com, 
7572|1, 7572|2512, 7792|2560, 7792|2709, 7892|3116, 7892|3302, 8772|3338, 8772|3703, 8816|3727, 8944|3768, 8980|3790, 9032|3836, 10372|4740, http://www.yahoo.com, 
7572|1, 7572|2292, 7576|2329, 7576|2519, 8016|2562, 8016|2678, 7796|2726, 7796|3277, 7876|3320, 7988|3361, 8920|3386, 8920|3811, 9140|3953, 9140|4067, http://www.facebook.com, 
7572|1, 7572|2546, 7792|2584, 7792|2909, 7932|3041, 7932|3354, 8812|3376, 8812|3633, 9032|3670, 9172|4173, http://www.wikipedia.org, 
7592|1, 7592|2536, 7812|2566, 7812|2596, 7816|2624, 7964|2686, 7880|2728, 7880|3281, 8760|3381, 8760|3605, 8824|3630, 8928|3662, 9040|3717, 9040|4029, http://www.google.com, 
7592|1, 7592|2268, 7596|2293, 7596|2567, 7816|2621, 8036|2667, 8036|3125, 8032|3260, 8072|3340, 8952|3398, 8952|4078, http://www.google.com, 
7592|1, 7592|2521, 8032|2587, 8032|2912, 7952|3042, 7952|3328, 8832|3412, 8832|3825, 8848|3872, 8944|3914, 9008|3938, 9104|3961, 9104|4023, http://www.tmall.com, 
7592|1, 7592|2456, 7596|2486, 7596|2558, 7604|2587, 7604|2620, 8044|3090, 8044|3315, 8924|3382, 8924|3419, 8912|3514, 8948|3550, 9044|3582, 9044|4014, http://www.tmall.com, 
7592|1, 7592|2197, 7596|2218, 7596|2451, 8036|2601, 8036|3032, 8128|3183, 8976|3268, 8976|4025, http://www.vk.com, 
7592|1, 8912|71, 8912|275, 7592|308, 7592|891, 7616|915, 7616|974, 7592|999, 7592|2565, 7812|2622, 7812|2719, 7960|3200, 7960|3254, 8840|3406, 9184|4145, http://www.facebook.com, 
7592|1, 7592|2546, 7820|2587, 7820|2613, 8056|2696, 8056|2735, 7836|3014, 7836|3287, 8716|3350, 8716|3569, 9056|3634, 9044|3672, 9044|4006, http://www.imgur.com, 
7592|1, 7592|2234, 7596|2258, 7596|2594, 8036|2616, 8036|3121, 8104|3190, 8028|3275, 8028|3311, 8908|3358, 8908|3639, 9128|3676, 9128|3745, 9788|3860, 9348|4049, http://www.instagram.com, 
7592|1, 7592|2574, 7832|2635, 7992|2677, 7968|2921, 7968|3359, 8848|3432, 9068|3522, 9068|3577, 9092|3603, 9092|3628, 9044|3657, 9064|3899, 9064|4036, http://www.jd.com, 
7592|1, 7592|2156, 7596|2176, 7596|2497, 7816|2640, 7816|2676, 8036|2914, 8036|3092, 7996|3212, 8908|3258, 8908|4087, http://www.sohu.com, 
7592|1, 7592|2495, 7812|2549, 7812|2701, 7932|3060, 7932|3168, 8812|3271, 8812|3680, 9284|3872, 9284|4172, http://www.instagram.com, 
7592|1, 7592|2278, 7596|2301, 7596|2469, 8036|2557, 8036|2679, 7816|2794, 7816|3206, 8748|3254, 8804|3292, 8900|3328, 9200|3564, 9200|4062, http://www.jd.com, 
7592|1, 7592|2625, 8032|2647, 8032|2792, 7936|2957, 7936|3261, 8816|3363, 8816|3807, 8928|3856, 9032|3881, 9044|3995, 9264|4121, http://www.imgur.com, 
7592|1, 7592|2324, 7596|2344, 7596|2514, 7816|2636, 7816|2789, 8036|3119, 8036|3287, 8240|3334, 9148|3385, 9736|3644, 9516|3850, 9516|4139, http://www.sohu.com, 
7592|1, 7592|2565, 7812|2648, 7812|2726, 7956|3042, 7956|3350, 8836|3380, 9584|4099, http://www.instagram.com, 
7592|1, 8912|105, 8912|399, 8888|426, 8888|2482, 8900|2505, 8900|2555, 9120|2627, 9120|3284, 10000|3354, 10000|3421, 10144|3469, 10328|3626, 10548|4297, http://www.wikipedia.org, 
8888|1, 8888|2121, 8892|2142, 8892|2451, 9112|2579, 9112|2684, 9228|3090, 9292|3176, 9292|3234, 10172|3417, 10172|3483, 10392|3526, 10424|4131, http://www.wikipedia.org, 
8888|1, 8888|1891, 8892|1912, 8892|2106, 9112|2145, 9332|2197, 9332|2743, 9364|2824, 10272|3070, 10272|3383, 10492|3489, 10492|3673, 11440|3975, 17160|4055, http://www.amazon.com, 
8888|1, 8888|2290, 8892|2312, 8892|2526, 9332|2560, 9332|3207, 9388|3240, 9360|3267, 10248|3360, 10468|4029, http://www.yahoo.com, 
8888|1, 8888|2546, 9108|2599, 9156|2723, 9188|2858, 9188|3264, 10068|3325, 10728|3448, 10728|3570, 10508|3654, 10600|3715, 10532|3746, 10500|3878, 10500|4016, http://www.sina.com.cn, 
8888|1, 8888|2309, 8892|2332, 8892|2513, 9112|2541, 9332|2583, 9332|2708, 9112|2948, 9112|3196, 9216|3232, 9292|3263, 10208|3290, 10280|3340, 10280|4010, http://www.sohu.com, 
8888|1, 10208|104, 10208|272, 8888|295, 8888|879, 8864|900, 8888|926, 8888|2580, 9108|2632, 9108|2858, 9300|2945, 9364|3008, 9364|3427, 10244|3509, 10244|3873, 10316|3896, 10368|3935, 10424|3973, 10468|3997, 10468|4027, http://www.taobao.com, 
8888|1, 10208|82, 10208|232, 8888|260, 8888|2349, 8892|2378, 8892|2491, 9332|2539, 9332|2675, 9112|2718, 9112|3253, 10144|3332, 10120|3356, 10308|3492, 10308|4051, http://www.taobao.com, 
8888|1, 8888|2494, 9108|2569, 9108|2930, 9268|3107, 9268|3241, 10148|3301, 10148|3932, 10224|3955, 10260|3975, 10268|4002, http://www.netflix.com, 
8888|1, 8888|2395, 9328|2512, 9344|2570, 9164|2627, 9188|2671, 9188|3225, 10068|3253, 10068|3537, 10092|3564, 10156|3604, 10260|3643, 10332|3666, 10332|3728, 10772|3832, 10992|4032, http://www.reddit.com, 
8888|1, 8888|2124, 8892|2149, 8892|2556, 9112|2621, 9112|3117, 9300|3152, 9376|3181, 9376|3277, 10256|3306, 10476|3616, 10476|4011, http://www.qq.com, 
8888|1, 8888|2424, 8892|2446, 8900|2475, 8904|2502, 8904|2534, 9124|2571, 9124|3185, 9344|3258, 10224|3322, 10224|3369, 10504|3453, 10552|3494, 10452|3521, 10452|4008, http://www.sohu.com, 
8888|1, 8888|2168, 8892|2190, 8892|2522, 9332|2568, 9332|2690, 9112|2734, 9112|3078, 9276|3188, 9352|3233, 9352|3313, 10672|3554, 10452|3693, 10452|4001, http://www.sina.com.cn, 
8888|1, 8888|2515, 9108|2570, 9108|2599, 9136|2664, 9184|2695, 9328|3046, 9328|3278, 10208|3369, 10796|3769, 10576|3806, 10796|4031, http://www.360.cn, 
8888|1, 8888|2314, 8892|2339, 8892|2773, 9332|2948, 9332|3312, 9448|3342, 9652|3367, 9628|3388, 9536|3416, 9536|3447, 10416|3753, 10416|4047, http://www.360.cn, 
8888|1, 8888|2055, 8892|2079, 8892|2500, 9112|2575, 9112|2734, 9212|3146, 9292|3201, 9292|3229, 10172|3364, 10392|3524, 10392|4008, http://www.jd.com, 
8888|1, 8888|2575, 9328|2601, 9328|2630, 9276|2771, 9276|3410, 10156|3444, 10156|3491, 10316|3649, 10316|3671, 10384|3698, 10412|3722, 10344|3757, 10344|4011, http://www.netflix.com, 
8888|1, 10208|146, 10208|285, 8888|307, 8912|327, 8912|403, 8888|424, 8888|2311, 8892|2334, 8892|2591, 9332|2712, 9332|3310, 10252|3352, 10292|3501, 10292|4040, http://www.live.com, 
8888|1, 8888|2467, 9108|2572, 9108|2851, 9176|2977, 9276|3098, 9276|3259, 10156|3397, 10156|3577, 10376|3660, 10376|3832, 10608|3961, 10596|4033, http://www.wikipedia.org, 
8888|1, 8888|2543, 9108|2579, 9108|2630, 9380|2713, 9188|2954, 9188|3311, 10068|3428, 10068|3624, 10088|3655, 10212|3694, 10328|3869, 10328|4080, http://www.facebook.com, 
8888|1, 8888|2286, 8892|2312, 8892|2561, 9332|2601, 9332|3282, 9432|3325, 10000|3368, 10248|3406, 10248|4033, http://www.google.com, 
8888|1, 8888|2589, 9108|2626, 9108|2961, 9184|3057, 9236|3239, 9236|3328, 10336|3450, 10336|3961, 10408|3989, 10408|4011, http://www.baidu.com, 
8888|1, 8888|2556, 9288|2604, 9268|2728, 9268|3228, 9928|3288, 9928|3603, 10056|3623, 10148|3643, 10200|3664, 10200|3685, 10328|3707, 10328|3890, 10548|3936, 10548|4011, http://www.baidu.com, 
8888|1, 8888|2211, 8892|2242, 8892|2497, 9112|2649, 9112|3152, 9232|3181, 9364|3215, 10272|3314, 10272|3599, 10492|3622, 10492|4117, http://www.wikipedia.org, 
8888|1, 8888|2650, 9328|2702, 9328|2919, 9236|3179, 9236|3322, 10116|3371, 10116|3417, 10556|3757, 10556|3879, 10436|3931, 10516|3957, 10460|3998, 10572|4021, http://www.qq.com, 
8888|1, 8888|2317, 8892|2342, 8892|2521, 9112|2660, 9112|3270, 10100|3298, 10100|3329, 10204|3359, 10308|3403, 10308|4002, http://www.google.com, 
8888|1, 8888|2051, 8892|2076, 8892|2600, 9332|2641, 9332|2775, 9220|3072, 9248|3152, 9248|3353, 10128|3397, 10128|3966, 10224|3998, 10224|4016, http://www.taobao.com, 
8888|1, 8888|2580, 9120|2634, 9164|2657, 9164|3265, 9384|3290, 10044|3344, 10044|3547, 10000|3577, 10256|3634, 10336|3659, 10336|3818, 10556|3931, 10996|4007, http://www.reddit.com, 
8888|1, 8888|2137, 8892|2159, 8892|2515, 9332|2574, 9332|2630, 9112|2751, 9112|3100, 9228|3144, 9276|3169, 9348|3193, 9348|3250, 10228|3288, 10552|4100, http://www.linkedin.com, 
8888|1, 8888|2550, 9108|2583, 9328|2619, 9328|2671, 9292|2704, 9184|2833, 9184|3251, 10064|3321, 10416|3777, 10496|3810, 10496|4049, http://www.sina.com.cn, 
8888|1, 8888|2332, 8892|2361, 8892|2578, 9332|2712, 9112|2776, 9112|3300, 9992|3328, 10056|3361, 10320|3542, 10320|4003, http://www.live.com, 
8888|1, 8888|2093, 8892|2117, 8892|2559, 9332|2650, 9332|2761, 9244|3119, 9280|3168, 9280|3246, 10160|3286, 10160|4002, http://www.vk.com, 
8888|1, 8888|2553, 9108|2638, 9116|2679, 9404|2708, 9192|2961, 9192|3319, 10072|3361, 10072|3661, 10184|3684, 10264|3706, 10304|3739, 10348|3763, 10348|4011, http://www.live.com, 
8888|1, 8888|2336, 8896|2361, 8896|2416, 8892|2440, 8892|2542, 9112|2565, 9112|2641, 9332|2707, 9332|3275, 10220|3351, 10320|3517, 10320|4067, http://www.linkedin.com, 
8888|1, 8888|2066, 8892|2092, 8892|2609, 9332|2637, 9332|2669, 9112|2837, 9248|3090, 9248|3228, 10128|3333, 10128|3802, 10348|3886, 11232|4160, http://www.reddit.com, 
8888|1, 8888|2491, 9108|2528, 9108|2605, 9148|2631, 9148|2655, 9280|2690, 9320|2790, 9320|3231, 10200|3265, 10640|3443, 11180|3995, 11180|4022, http://www.360.cn, 
8888|1, 8888|2284, 8892|2309, 8892|2542, 9112|2584, 9112|3259, 10244|3315, 10320|3431, 12228|4332, http://www.baidu.com, 
8888|1, 8888|2582, 9108|2609, 9108|2831, 9232|3043, 9232|3330, 10112|3360, 10112|3599, 10332|3679, 10332|3821, 10424|3849, 10436|3887, 10492|3969, 10492|4126, http://www.wikipedia.org, 
8888|1, 10208|134, 10208|233, 8888|254, 8888|544, 8864|570, 8888|596, 8888|2556, 8892|2585, 9132|2633, 9352|2706, 9352|2755, 9132|3100, 9132|3301, 10012|3342, 10012|3368, 10488|3714, 10488|4037, http://www.jd.com, 
8888|1, 8888|2210, 8892|2236, 8892|2450, 9112|2485, 9112|3080, 9268|3121, 9276|3149, 9368|3178, 10288|3203, 10508|4026, http://www.google.com, 
8888|1, 8888|2511, 9328|2590, 9328|2745, 9232|2847, 9232|3317, 10112|3355, 10112|3725, 10176|3815, 10340|3848, 10340|4008, http://www.netflix.com, 
8888|1, 8888|2424, 8892|2448, 8892|2502, 8900|2522, 8900|2570, 9120|2622, 9120|2659, 8900|2900, 8900|3000, 9120|3177, 9340|3235, 9340|3314, 10220|3387, 10220|3425, 10284|3516, 10332|3554, 10332|4013, http://www.netflix.com, 
8888|1, 8888|2568, 9108|2606, 9328|2641, 9328|2974, 9236|3074, 9236|3298, 10116|3336, 10452|4081, http://www.wikipedia.org, 
8888|1, 8888|2559, 9328|2582, 9328|2609, 9284|2648, 9240|2684, 9264|2715, 9276|2738, 9276|3317, 10376|3534, 10376|3610, 10356|3816, 10528|3848, 10528|4080, http://www.jd.com, 
8888|1, 8888|2362, 8892|2383, 8892|2551, 9112|2604, 9332|2682, 9332|3262, 10212|3315, 10292|3370, 10312|3405, 10312|4006, http://www.netflix.com, 
8888|1, 8888|2560, 9108|2604, 9108|2956, 9244|3155, 9244|3302, 10124|3346, 10124|3967, 10216|3988, 10252|4016, http://www.netflix.com, 
8888|1, 8888|2539, 9328|2615, 9332|2660, 9284|2709, 9196|2950, 9196|3282, 10076|3313, 10076|3639, 10140|3662, 10192|3686, 10192|3706, 10268|3727, 10340|3758, 10340|3845, 10780|3909, 10780|4060, http://www.reddit.com, 
8888|1, 10208|102, 10208|231, 8888|269, 8888|2321, 8892|2348, 8892|2551, 9112|2573, 9112|3296, 10220|3383, 10328|3471, 10328|3777, 10548|3936, 10328|4003, http://www.amazon.com, 
8888|1, 8888|2599, 9108|2676, 9108|2873, 9244|3185, 9244|3273, 10124|3339, 10124|3915, 10156|3942, 10228|3964, 10268|3984, 10268|4002, http://www.tmall.com, 
8888|1, 8888|2481, 9108|2517, 9284|2567, 9228|2593, 9228|2615, 9264|2650, 9264|3294, 10144|3347, 10144|3515, 10280|3543, 10292|3569, 10292|3596, 10348|3624, 10348|4046, http://www.google.com, 
8888|1, 8888|2165, 8892|2188, 8892|2505, 9112|2547, 9332|2668, 9332|3119, 9380|3147, 9416|3172, 9380|3194, 9372|3226, 10252|3264, 10252|4017, http://www.tmall.com, 
8888|1, 8888|2532, 9328|2612, 9328|2742, 9296|2844, 9240|3073, 9240|3266, 10120|3328, 10120|3723, 10224|3771, 10308|3809, 10332|3829, 10352|3860, 10352|4015, http://www.google.com, 
8888|1, 8888|2437, 8892|2463, 8892|2558, 9112|2582, 9112|3335, 9992|3362, 9992|3401, 10316|3595, 10316|4001, http://www.google.com, 
8888|1, 8888|2050, 8892|2073, 8892|2511, 9112|2583, 9112|3001, 9280|3167, 9280|3286, 10160|3311, 10160|3774, 10380|3802, 10600|3869, 10492|4217, http://www.facebook.com, 
8888|1, 8888|2652, 9108|2675, 9108|2770, 9136|2801, 9200|2830, 9328|2931, 9328|3416, 10208|3477, 10208|3769, 10276|3808, 10336|3971, 10556|4289, http://www.facebook.com, 
8888|1, 8888|2404, 8892|2429, 8892|2487, 8896|2511, 9116|2574, 9116|3325, 9336|3366, 9336|3392, 9440|3421, 9428|3449, 10420|3489, 10352|3532, 10352|4041, http://www.reddit.com, 
8888|1, 8888|2136, 8892|2159, 8892|2572, 9332|2641, 9332|3028, 9312|3231, 9312|3285, 10192|3354, 11292|4022, http://www.imgur.com, 
8888|1, 8888|2481, 9108|2541, 9328|2649, 9272|2689, 9224|2897, 9224|3282, 10104|3319, 10104|3629, 10124|3657, 10124|3683, 10164|3708, 10228|3732, 10340|3758, 11440|4046, http://www.imgur.com, 
8888|1, 8888|2229, 8892|2253, 8892|2625, 9112|2670, 9112|3203, 9100|3228, 9172|3250, 9272|3273, 9344|3301, 9344|3351, 10224|3396, 11324|4076, http://www.imgur.com, 
