3156|1, 3156|34, 3162|70, 3162|128, 3163|156, 3164|185, 3164|208, 3166|259, 3167|286, 3168|312, 3171|339, 3186|517, 3193|562, 3217|795, 3220|828, 3223|857, 3224|881, 3232|913, 3241|953, 3244|984, 3247|1004, 3254|1022, 3261|1042, 3266|1064, 3273|1088, 3276|1115, 3282|1139, 3283|1169, 3284|1190, 3284|1211, 3290|1236, 3299|1267, 3301|1306, 3302|1327, 3302|1350, 3306|1376, 3309|1401, 3318|1445, 3337|1531, 3341|1577, 3349|1598, 3362|1629, 3368|1664, 3372|1698, 3384|1736, 3392|1795, 3392|1845, 3395|1913, 3402|1943, 3403|1971, 3407|2006, 3420|2042, 3427|2067, 3430|2098, 3431|2150, 3432|2186, 3432|2250, 3433|2271, 3439|2298, 3462|2348, 3463|2374, 3470|2406, 3479|2442, 3490|2475, 3498|2505, 3511|2546, 3513|2571, 3514|2594, 3514|2654, 3520|2698, 3521|2723, 3521|2746, 3523|2776, 3523|2798, 3527|2821, 3527|2841, 3531|2863, 3535|2889, 3542|2912, 3542|2952, 3547|2981, 3547|3018, 3550|3043, 3550|3105, 3551|3133, 3551|4016, http://www.linkedin.com, 
3694|1, 3694|439, 3695|466, 3695|589, 3697|615, 3697|704, 3700|725, 3700|752, 3702|774, 3702|1333, 3703|1352, 3703|2202, 3704|2231, 3704|2251, 3705|2284, 3706|2330, 3717|2467, 3732|2722, 3738|2771, 3738|2898, 3740|2992, 3744|3028, 3744|3060, 3752|3085, 3752|3108, 3758|3147, 3761|3177, 3761|3501, 3768|3534, 3769|4050, http://www.linkedin.com, 
3955|1, 3955|1624, 3956|1647, 3956|2404, 3957|2469, 3969|2653, 3990|2875, 3990|3020, 3991|3044, 3994|3165, 3994|3214, 3998|3237, 3998|3284, 4011|3308, 4012|3345, 4016|3367, 4018|3393, 4018|3419, 4019|3446, 4020|3469, 4020|3572, 4034|3636, 4049|3707, 4057|3733, 4062|3756, 4082|3782, 4161|3984, 4197|4039, http://www.yahoo.com, 
4718|1, 4718|1102, 4719|1125, 4719|1889, 4720|1948, 4720|1995, 4723|2026, 4749|2335, 4754|2522, 4754|2551, 4755|2586, 4757|2733, 4759|2761, 4759|2917, 4763|2958, 4763|3043, 4771|3071, 4771|3135, 4775|3162, 4777|3186, 4778|3207, 4780|3228, 4780|3321, 4781|3346, 4783|3369, 4783|3449, 4784|3471, 4791|3546, 4799|3607, 4817|3673, 4826|3700, 4859|3733, 4882|3811, 4882|3908, 4884|3956, 4886|3989, 4891|4013, http://www.live.com, 
4943|1, 4943|1572, 4944|1596, 4944|2374, 4945|2459, 4954|2574, 4970|2885, 4976|2955, 4976|3015, 4977|3047, 4977|3371, 4980|3419, 4981|3444, 4981|3537, 4982|3559, 4982|3644, 4983|3709, 4983|3731, 4987|3752, 4987|3865, 4988|3891, 4988|3973, 4989|3995, 4989|4015, http://www.360.cn, 
5123|1, 5123|186, 5124|215, 5124|1102, 5125|1130, 5125|2430, 5126|2501, 5126|2542, 5184|2828, 5191|3015, 5191|3131, 5194|3189, 5271|3467, 5281|3495, 5282|3546, 5282|4035, http://www.facebook.com, 
5349|1, 5349|1584, 5350|1607, 5350|2366, 5351|2411, 5355|2504, 5358|2544, 5371|2739, 5380|2893, 5386|2989, 5386|3076, 5424|3279, 5424|3309, 5428|3473, 5428|3621, 5429|3646, 5429|3684, 5436|3709, 5441|3734, 5448|3811, 5454|3841, 5455|3865, 5455|3911, 5456|3934, 5458|3959, 5463|3983, 5473|4011, http://www.qq.com, 
5839|1, 5839|1583, 5840|1610, 5840|2367, 5841|2465, 5859|2696, 5859|2929, 5873|2982, 5873|3075, 5874|3284, 5874|3543, 5875|3825, 5876|3864, 5876|3888, 5878|3928, 5883|3958, 5884|4004, http://www.qq.com, 
6135|1, 6135|1548, 6136|1576, 6136|2357, 6137|2412, 6138|2471, 6140|2556, 6166|2796, 6170|2834, 6170|2966, 6174|3140, 6178|3208, 6181|3235, 6196|3293, 6198|3316, 6198|3337, 6199|3363, 6200|3397, 6200|3508, 6206|3543, 6227|3622, 6231|3654, 6369|3993, 6414|4198, http://www.yahoo.com, 
6563|1, 6563|581, 6564|605, 6564|1091, 6565|1116, 6565|1908, 6566|1947, 6566|1998, 6576|2107, 6584|2218, 6592|2370, 6598|2446, 6598|2533, 6599|2574, 6603|2672, 6603|2728, 6606|2750, 6606|2811, 6607|2835, 6608|2870, 6609|2891, 6610|2931, 6610|2950, 6613|2982, 6613|3052, 6614|3091, 6616|3118, 6616|3179, 6620|3215, 6620|3261, 6630|3284, 6634|3305, 6634|3329, 6636|3352, 6636|3373, 6637|3398, 6641|3438, 6648|3548, 6660|3632, 6734|3872, 6796|3910, 6822|3949, 6828|4013, http://www.vk.com, 
6927|1, 6927|1213, 6928|1237, 6928|1319, 6929|1344, 6931|1375, 6934|1403, 6934|1425, 6936|1452, 6936|1612, 6937|1635, 6939|1657, 6939|1703, 6941|1734, 6941|1754, 6942|1780, 6945|1813, 6945|1862, 6946|1887, 6946|1960, 6947|1993, 6947|2287, 6948|2316, 6948|2587, 6949|2614, 6949|2639, 6951|2670, 6959|2850, 6979|3034, 6983|3167, 6983|3200, 6985|3289, 6999|3431, 6999|3459, 7007|3481, 7010|3515, 7010|3912, 7018|3985, 7181|4089, http://www.instagram.com, 
7525|1, 7525|1542, 7526|1571, 7526|2378, 7527|2435, 7537|2581, 7545|2641, 7553|2803, 7560|2842, 7560|2950, 7561|2979, 7583|3163, 7586|3197, 7587|3369, 7587|3428, 7588|3455, 7588|3479, 7590|3500, 7590|3526, 7595|3574, 7601|3608, 7601|3632, 7607|3660, 7607|3743, 7610|3772, 7611|3794, 7611|3821, 7614|3851, 7614|3927, 7615|3951, 7615|4023, http://www.jd.com, 
8024|1, 8024|1577, 8025|1601, 8025|2327, 8026|2376, 8028|2423, 8030|2467, 8047|2714, 8055|2801, 8061|2843, 8061|2912, 8066|3088, 8066|3146, 8069|3205, 8069|3230, 8070|3259, 8072|3283, 8072|3418, 8076|3449, 8076|3587, 8077|3613, 8077|3698, 8080|3721, 8081|3743, 8085|3773, 8085|3816, 8087|3837, 8087|3860, 8088|3888, 8088|4012, http://www.taobao.com, 
8366|1, 8366|587, 8367|612, 8367|642, 8368|670, 8368|1646, 8369|1690, 8369|2399, 8370|2538, 8372|2571, 8376|2647, 8386|2870, 8403|3025, 8403|3104, 8404|3132, 8404|3389, 8406|3433, 8408|3457, 8408|3574, 8409|3601, 8409|3657, 8410|3695, 8414|3719, 8425|4050, http://www.baidu.com, 
8789|1, 8790|22, 8790|1584, 8791|1609, 8791|2393, 8792|2422, 8792|2450, 8793|2488, 8798|2570, 8805|2648, 8820|2875, 8820|2977, 8821|3008, 8822|3132, 8824|3233, 8828|3262, 8828|3283, 8834|3311, 8836|3335, 8836|3367, 8839|3444, 8839|3913, 8843|3940, 8847|3974, 8847|4012, http://www.netflix.com, 
9046|1, 9046|61, 9047|82, 9047|103, 9048|136, 9048|988, 9052|1013, 9052|1038, 9053|1061, 9053|1285, 9054|1307, 9054|1686, 9056|1731, 9057|1753, 9057|2441, 9058|2470, 9059|2533, 9079|2841, 9086|2926, 9086|2981, 9088|3085, 9090|3167, 9090|3198, 9094|3221, 9094|3289, 9096|3313, 9096|3982, 9097|4000, 9097|4019, http://www.tmall.com, 
9327|1, 9327|1086, 9329|1107, 9329|1256, 9330|1281, 9330|1833, 9332|1863, 9332|1971, 9333|1993, 9334|2021, 9334|2327, 9336|2377, 9338|2414, 9353|2661, 9361|2764, 9368|2823, 9368|2916, 9369|2944, 9369|3210, 9370|3239, 9372|3264, 9372|3406, 9373|3427, 9373|3476, 9378|3536, 9378|3830, 9387|3853, 9388|3879, 9388|3901, 9389|3928, 9389|3965, 9391|3996, 9391|4018, http://www.baidu.com, 
9658|1, 9658|1592, 9659|1616, 9659|2404, 9660|2428, 9660|2476, 9662|2515, 9666|2562, 9669|2606, 9673|2674, 9686|2808, 9692|2877, 9692|3056, 9693|3115, 9694|3145, 9696|3200, 9699|3244, 9699|3270, 9702|3308, 9703|3332, 9705|3371, 9707|3401, 9707|3423, 9710|3446, 9710|3467, 9713|3499, 9718|3542, 9718|3566, 9727|3636, 9737|3734, 9766|3769, 9803|3798, 9882|3876, 9919|4124, http://www.imgur.com, 
10071|1, 10071|1587, 10072|1616, 10072|2355, 10073|2409, 10078|2440, 10080|2483, 10094|2726, 10105|2894, 10109|2929, 10109|2982, 10110|3008, 10167|3090, 10203|3134, 10281|3524, 10289|3623, 10298|3665, 10298|3690, 10300|3724, 10305|3746, 10305|3772, 10311|3802, 10311|3824, 10317|3851, 10320|4041, http://www.sina.com.cn, 
11351|1, 11351|689, 11352|717, 11352|830, 11353|853, 11353|1555, 11354|1582, 11354|2326, 11358|2449, 11382|2756, 11383|2808, 11388|2839, 11389|2885, 11389|3044, 11390|3099, 11391|3148, 11392|3214, 11392|3293, 11396|3324, 11396|3427, 11400|3468, 11400|3571, 11407|3602, 11409|3647, 11409|3732, 11410|3756, 11412|3788, 11412|3890, 11421|3986, 11427|4015, http://www.live.com, 
11547|1, 11547|1614, 11548|1640, 11548|2405, 11568|2742, 11576|2841, 11576|3020, 11577|3066, 11577|3426, 11579|3531, 11580|3663, 11581|3745, 11583|3776, 11584|3823, 11587|3902, 11588|3939, 11588|3972, 11590|3997, 11595|4034, http://www.sina.com.cn, 
11839|1, 11839|1659, 11840|1680, 11840|2400, 11842|2480, 11844|2508, 11848|2551, 11869|2844, 11875|2880, 11875|3048, 11876|3075, 11877|3105, 11877|3127, 11879|3152, 11879|3174, 11883|3231, 11892|3266, 11893|3294, 11894|3315, 11895|3337, 11895|3587, 11903|3614, 11908|3725, 11917|3754, 11921|3777, 11943|3904, 11962|3933, 11964|3996, 11970|4066, http://www.amazon.com, 
12666|1, 12666|1026, 12668|1053, 12668|1541, 12669|1564, 12669|2312, 12670|2379, 12671|2423, 12673|2447, 12676|2475, 12676|2510, 12683|2607, 12697|2774, 12704|2880, 12704|3057, 12714|3231, 12726|3292, 12727|3316, 12729|3358, 12729|3531, 12747|3635, 12768|3671, 13049|3812, 13231|4114, http://www.reddit.com, 
13281|1, 13281|2436, 13282|2563, 13301|2867, 13309|2925, 13315|3109, 13315|3233, 13322|3541, 13330|3718, 13331|3802, 13333|3842, 13334|3909, 13334|3934, 13338|3961, 13338|4017, http://www.360.cn, 
14226|1, 14226|1699, 14227|1723, 14227|2540, 14230|2657, 14233|2695, 14240|2732, 14240|2759, 14244|2791, 14248|2865, 14255|2919, 14262|3099, 14262|3313, 14263|3347, 14263|3383, 14264|3404, 14264|3446, 14265|3501, 14265|3668, 14266|3690, 14267|3715, 14267|3735, 14268|3761, 14271|3805, 14271|3831, 14272|3853, 14273|3878, 14275|3904, 14279|4008, http://www.taobao.com, 
14341|1, 14341|2353, 14342|2437, 14342|2485, 14345|2521, 14358|2760, 14375|2891, 14375|3074, 14377|3163, 14379|3192, 14381|3223, 14388|3258, 14389|3287, 14396|3326, 14397|3348, 14398|3372, 14398|3741, 14403|3780, 14405|3848, 14410|3884, 14411|3913, 14413|3993, 14413|4056, http://www.instagram.com, 
14576|1, 14576|2370, 14579|2440, 14599|2754, 14601|2801, 14601|2847, 14614|2940, 14614|3039, 14615|3073, 14615|3370, 14616|3394, 14617|3416, 14619|3439, 14619|3504, 14620|3534, 14620|3647, 14625|3695, 14634|4003, http://www.baidu.com, 
14867|1, 14867|1237, 14868|1261, 14868|1578, 14869|1600, 14869|2384, 14870|2442, 14870|2470, 14872|2510, 14879|2560, 14891|2764, 14895|2823, 14897|2862, 14897|3062, 14898|3129, 14898|3435, 14899|3474, 14902|3525, 14902|3736, 14903|3765, 14903|3819, 14907|3842, 14907|4040, http://www.sohu.com, 
16105|1, 16105|2452, 16110|2526, 16117|2666, 16124|2823, 16139|2909, 16139|3104, 16145|3232, 16153|3289, 16154|3314, 16163|3341, 16164|3365, 16164|3731, 16169|3759, 16172|3842, 16178|3936, 16178|4091, http://www.instagram.com, 
16347|1, 16347|2543, 16380|2968, 16380|3213, 16381|3256, 16384|3374, 16384|3442, 16387|3467, 16387|3516, 16390|3579, 16390|3635, 16393|3661, 16393|3709, 16396|3764, 16398|3840, 16400|3866, 16400|3888, 16405|3915, 16414|3961, 16416|3989, 16416|4011, http://www.vk.com, 
16527|1, 16527|940, 16528|969, 16528|1692, 16529|1735, 16529|2464, 16532|2555, 16532|2593, 16542|2730, 16550|2859, 16559|2955, 16565|3064, 16565|3186, 16566|3229, 16566|3283, 16573|3462, 16587|3507, 16593|3543, 16596|3583, 16596|3609, 16597|3639, 16597|3734, 16612|3809, 16628|3858, 16683|4109, http://www.yahoo.com, 
16932|1, 16932|2561, 16935|2690, 16950|2864, 16953|3000, 16960|3069, 16966|3167, 16966|3313, 16967|3338, 16967|3367, 16968|3525, 16970|3572, 16970|3659, 16973|3696, 16973|3731, 16974|3766, 16976|3853, 16979|3891, 16982|4002, http://www.vk.com, 
17113|1, 17113|1680, 17114|1714, 17114|2454, 17115|2648, 17122|2731, 17127|2861, 17142|3004, 17142|3219, 17144|3277, 17160|3435, 17162|3466, 17163|3497, 17178|4133, http://www.reddit.com, 
17221|1, 17221|1758, 17222|1791, 17222|2515, 17223|2588, 17225|2627, 17237|2788, 17241|2857, 17256|3030, 17256|3237, 17273|3484, 17274|3507, 17274|3707, 17279|3735, 17327|4086, http://www.amazon.com, 
17533|1, 17533|1689, 17534|1712, 17534|2470, 17537|2597, 17540|2637, 17542|2679, 17562|2905, 17564|2941, 17568|3008, 17568|3185, 17663|3364, 17670|3659, 17670|3808, 17674|3878, 17682|3971, 17695|4085, http://www.sina.com.cn, 
18055|1, 18055|1714, 18056|1740, 18056|2497, 18058|2556, 18092|3058, 18092|3368, 18095|3503, 18095|3555, 18097|3712, 18125|4009, http://www.360.cn, 
18648|1, 18648|638, 18649|671, 18649|2082, 18650|2122, 18652|2165, 18652|2190, 18679|2521, 18682|2612, 18682|2724, 18683|2757, 18684|2802, 18688|2938, 18689|2960, 18689|2983, 18690|3021, 18692|3056, 18692|3106, 18695|3154, 18695|3225, 18698|3297, 18698|3338, 18702|3380, 18702|3402, 18712|3446, 18716|3474, 18718|3498, 18718|3525, 18719|3549, 18721|3595, 18722|3680, 18725|3740, 18728|3800, 18732|3918, 18743|4130, http://www.vk.com, 
18832|1, 18832|1645, 18833|1669, 18833|2584, 18834|2636, 18848|2975, 18860|3053, 18861|3087, 18861|3278, 18862|3313, 18863|3373, 18865|3442, 18869|3474, 18883|3565, 18887|3592, 18889|3616, 18890|3644, 18890|3671, 18891|3693, 18891|3742, 18897|3804, 18916|3872, 19154|4565, http://www.yahoo.com, 
19246|1, 19246|1192, 19247|1217, 19247|1999, 19248|2110, 19261|2400, 19268|2454, 19269|2486, 19274|2518, 19275|2563, 19275|2701, 19277|2813, 19279|2987, 19279|3024, 19283|3144, 19283|3964, 19286|3990, 19288|4032, http://www.tmall.com, 
19390|1, 19390|1683, 19391|1706, 19391|2540, 19392|2585, 19392|2613, 19394|2647, 19424|3076, 19424|3126, 19425|3164, 19461|3221, 19461|3369, 19463|3519, 19465|3660, 19466|3723, 19469|3923, 19474|3959, 19479|4029, http://www.qq.com, 
19567|1, 19567|1698, 19568|1722, 19568|2464, 19569|2620, 19572|2673, 19576|2706, 19586|2848, 19601|3122, 19601|3200, 19602|3231, 19628|3443, 19628|3645, 19631|3776, 19674|3845, 19676|4036, http://www.jd.com, 
19865|1, 19865|1671, 19866|1702, 19866|2488, 19885|2818, 19890|2949, 19897|3071, 19897|3104, 19900|3167, 19900|3236, 19902|3417, 19906|3460, 19906|3552, 19914|3582, 19916|3623, 19917|3643, 19917|3694, 19918|3743, 19919|3784, 19919|3878, 19922|3902, 19930|3932, 19930|4003, http://www.amazon.com, 
20241|1, 20241|1724, 20242|1755, 20242|2523, 20243|2581, 20246|2640, 20250|2676, 20263|2940, 20263|3041, 20269|3075, 20270|3118, 20276|3146, 20276|3185, 20278|3270, 20278|3319, 20282|3348, 20282|3369, 20288|3393, 20290|3418, 20294|3441, 20296|3465, 20296|3489, 20298|3521, 20298|3762, 20306|3792, 20309|3899, 20313|3928, 20314|3956, 20317|4041, http://www.linkedin.com, 
20497|1, 20497|1722, 20498|1745, 20498|2590, 20499|2650, 20505|2754, 20511|2859, 20523|3022, 20523|3062, 20531|3140, 20531|3511, 20534|3602, 20534|3754, 20535|3809, 20539|4009, http://www.sohu.com, 
20857|1, 20857|2528, 20858|2550, 20869|2793, 20875|2824, 20883|2987, 20890|3022, 20890|3276, 20892|3307, 20896|3395, 20896|3433, 20908|3482, 20910|3522, 20911|3547, 20912|3573, 20912|3839, 20919|3868, 20919|4002, http://www.linkedin.com, 
21109|1, 21109|2601, 21112|2735, 21143|3094, 21143|3397, 21149|3496, 21166|3604, 21168|3633, 21168|3745, 21173|3830, 21181|3991, 21181|4190, http://www.instagram.com, 
21346|1, 21346|1719, 21347|1743, 21347|2503, 21348|2576, 21380|3028, 21380|3244, 21381|3293, 21383|3339, 21394|3523, 21394|3555, 21397|3606, 21401|3643, 21401|3718, 21414|3795, 21420|3829, 21422|4348, http://www.imgur.com, 
21518|1, 21518|1714, 21519|1742, 21519|2511, 21521|2549, 21554|3085, 21558|3153, 21558|3185, 21559|3230, 21560|3285, 21561|3317, 21561|3425, 21563|3457, 21563|3501, 21566|3528, 21566|3577, 21567|3615, 21569|3643, 21569|3689, 21573|3783, 21573|3957, 21577|3987, 21577|4010, http://www.taobao.com, 
21664|1, 21664|50, 21665|74, 21665|96, 21666|121, 21666|144, 21668|171, 21672|212, 21674|239, 21676|269, 21676|542, 21677|565, 21677|611, 21679|637, 21684|677, 21685|718, 21685|800, 21686|827, 21686|924, 21687|984, 21688|1011, 21689|1036, 21694|1105, 21695|1150, 21695|1224, 21696|1281, 21696|1614, 21697|1646, 21697|2445, 21698|2474, 21698|2509, 21699|2544, 21701|2596, 21712|2776, 21713|2886, 21718|2942, 21726|3025, 21733|3120, 21733|3211, 21734|3252, 21770|3525, 21770|3580, 21771|3614, 21777|3962, 21780|4116, http://www.qq.com, 
21870|1, 21870|1764, 21871|1787, 21871|2455, 21872|2663, 21889|2899, 21899|3070, 21905|3105, 21905|3194, 21906|3252, 21906|3969, 21923|3998, 21938|4114, http://www.sina.com.cn, 
22208|1, 22208|1711, 22209|1746, 22209|2501, 22210|2557, 22210|2590, 22211|2637, 22211|2667, 22217|2723, 22220|2762, 22243|3089, 22243|3309, 22244|3487, 22246|3519, 22248|3547, 22250|3581, 22250|3660, 22254|3704, 22254|3797, 22262|3863, 22262|3920, 22263|3941, 22265|3976, 22266|4001, http://www.live.com, 
22326|1, 22326|2492, 22328|2617, 22330|2655, 22355|3011, 22361|3085, 22361|3212, 22362|3275, 22363|3337, 22364|3385, 22364|3449, 22365|3479, 22367|3520, 22367|3635, 22371|3694, 22371|3755, 22379|3797, 22379|3850, 22382|3915, 22383|3937, 22383|4003, http://www.live.com, 
22437|1, 22437|1708, 22438|1732, 22438|2484, 22441|2571, 22441|2600, 22443|2631, 22457|2929, 22473|3010, 22474|3097, 22474|3192, 22475|3227, 22475|3528, 22476|3552, 22477|3597, 22479|3623, 22479|3668, 22480|3727, 22480|3813, 22481|3839, 22485|3908, 22485|4023, http://www.baidu.com, 
22773|1, 22773|1676, 22774|1701, 22774|2465, 22776|2578, 22777|2635, 22779|2683, 22785|2732, 22791|2808, 22795|2904, 22810|3131, 22810|3427, 22812|3469, 22812|3693, 22816|3784, 22816|3891, 22817|3918, 22819|3987, 22831|4042, http://www.qq.com, 
22930|1, 22930|1692, 22931|1716, 22931|2536, 22951|2980, 22960|3052, 22964|3089, 22964|3111, 22965|3197, 22965|3284, 22968|3359, 22968|3405, 22972|3441, 22980|3511, 22980|3533, 22982|3583, 22983|3618, 22983|3861, 22989|3928, 22989|3974, 22993|3999, 22993|4032, http://www.netflix.com, 
23313|1, 23313|2569, 23314|2617, 23314|2777, 23339|2891, 23340|2938, 23341|2969, 23358|3060, 23358|3372, 23361|3612, 23362|3685, 23364|3736, 23364|3871, 23369|3906, 23373|4138, http://www.360.cn, 
23476|1, 23476|1706, 23477|1730, 23477|2474, 23478|2588, 23478|2613, 23484|2720, 23503|2905, 23510|3015, 23510|3154, 23514|3351, 23514|3384, 23518|3423, 23518|4007, http://www.tmall.com, 
23618|1, 23618|1725, 23619|1749, 23619|2225, 23620|2273, 23620|2353, 23621|2376, 23622|2400, 23622|2495, 23625|2591, 23628|2665, 23630|2735, 23654|3035, 23661|3111, 23661|3374, 23663|3425, 23663|3530, 23667|3578, 23667|3661, 23676|3691, 23677|3717, 23677|3740, 23678|3766, 23678|3820, 23680|3854, 23688|4004, http://www.amazon.com, 
23991|1, 23991|2347, 23992|2433, 23993|2464, 23993|2495, 23994|2543, 23996|2569, 24026|2981, 24026|3136, 24028|3208, 24028|3374, 24032|3412, 24032|3512, 24042|3543, 24042|3568, 24043|3596, 24043|3677, 24045|3716, 24045|3840, 24066|3947, 24071|3985, 24071|4038, http://www.amazon.com, 
24288|1, 24288|2053, 24289|2089, 24299|2288, 24323|2539, 24323|2741, 24329|2847, 24338|2920, 24347|2959, 24347|3353, 24352|3377, 24360|3518, 24362|3826, 24365|4002, http://www.instagram.com, 
24594|1, 24594|2547, 24595|2623, 24595|2660, 24620|3008, 24627|3144, 24627|3246, 24641|3451, 24647|3483, 24647|3520, 24648|3546, 24649|3612, 24649|3802, 24656|3860, 24659|3932, 24664|3989, 24670|4074, http://www.linkedin.com, 
24877|1, 24877|2382, 24904|2912, 24907|3017, 24909|3217, 24909|3246, 24913|3281, 24913|3308, 24921|3341, 24926|3392, 24927|3429, 24928|3458, 24928|3749, 24935|3810, 24935|4182, http://www.linkedin.com, 
25129|1, 25129|2500, 25130|2608, 25132|2675, 25156|3081, 25162|3181, 25162|3286, 25163|3329, 25167|3443, 25167|3502, 25169|3525, 25170|3565, 25170|3592, 25171|3620, 25172|3650, 25174|3676, 25174|3724, 25175|3749, 25177|3785, 25177|3807, 25178|3855, 25180|3898, 25180|3941, 25184|3967, 25184|4002, http://www.vk.com, 
25234|1, 25234|2543, 25236|2648, 25246|2786, 25249|2889, 25266|3055, 25266|3285, 25271|3582, 25294|4070, http://www.360.cn, 
25395|1, 25395|1158, 25396|1187, 25396|1970, 25398|2096, 25409|2204, 25432|2503, 25432|2615, 25433|2639, 25433|2684, 25434|2734, 25435|2819, 25436|2865, 25438|2898, 25438|3001, 25440|3030, 25442|3057, 25442|3144, 25450|3187, 25450|3293, 25453|3320, 25454|3356, 25454|3443, 25456|3475, 25457|3500, 25457|3575, 25462|3626, 25462|4029, http://www.live.com, 
25510|1, 25510|2571, 25511|2646, 25525|2772, 25538|3003, 25546|3141, 25546|3308, 25547|3435, 25547|3657, 25550|3709, 25550|3810, 25551|3835, 25551|3963, 25554|3987, 25555|4017, http://www.sohu.com, 
25683|1, 25683|2629, 25684|2684, 25693|2771, 25711|2872, 25711|2918, 25722|3106, 25725|3191, 25725|3308, 25727|3355, 25727|3384, 25730|3415, 25776|3564, 25783|3600, 25834|3736, 25839|3764, 25839|3819, 25849|3904, 25849|4108, http://www.facebook.com, 
25960|1, 25960|1220, 25961|1246, 25961|2113, 25962|2161, 25962|2188, 25965|2229, 25988|2545, 25994|2603, 25994|2711, 25996|2815, 26023|3050, 26026|3097, 26041|3201, 26043|3335, 26043|3639, 26044|3685, 26044|3714, 26046|3753, 26046|3787, 26057|3827, 26057|3852, 26064|3897, 26067|4003, http://www.wikipedia.org, 
26128|1, 26128|1712, 26129|1735, 26129|2519, 26130|2550, 26130|2577, 26132|2632, 26136|2692, 26163|3047, 26163|3238, 26164|3267, 26185|3373, 26185|3407, 26189|3594, 26189|3874, 26190|3913, 26190|3936, 26192|3967, 26196|3998, 26201|4052, http://www.jd.com, 
26294|1, 26294|2519, 26295|2588, 26314|2911, 26327|3038, 26327|3205, 26331|3425, 26331|3447, 26334|3469, 26334|3547, 26337|3601, 26337|3654, 26340|3678, 26340|3741, 26343|3789, 26343|3834, 26345|3857, 26347|3883, 26347|3920, 26357|3957, 26361|3981, 26361|4008, http://www.vk.com, 
26475|1, 26475|2482, 26478|2590, 26485|2701, 26488|2774, 26494|2858, 26495|2911, 26502|2980, 26511|3062, 26511|3259, 26513|3388, 26513|3476, 26518|3717, 26527|4134, http://www.sohu.com, 
26726|1, 26726|2543, 26779|2952, 26785|3133, 26792|3236, 26792|3306, 26831|3475, 26875|3596, 26890|3698, 26891|4296, http://www.facebook.com, 
26946|1, 26946|1676, 26947|1705, 26947|2511, 26948|2551, 26948|2590, 26950|2636, 26964|2829, 26973|2961, 26980|3085, 26980|3153, 26982|3255, 26982|3298, 26988|3414, 26988|3438, 26991|3465, 27002|3524, 27008|3550, 27008|3575, 27010|3636, 27010|3718, 27016|3760, 27042|3869, 27075|3974, 27093|4044, http://www.yahoo.com, 
27389|1, 27389|1165, 27390|1193, 27390|1731, 27395|1757, 27395|1817, 27396|1842, 27396|2011, 27398|2083, 27398|2110, 27400|2162, 27418|2429, 27425|2542, 27432|2570, 27432|2715, 27434|2769, 27435|2797, 27437|2829, 27439|2880, 27442|2906, 27443|2949, 27447|3008, 27447|3034, 27450|3064, 27451|3094, 27459|3179, 27465|3208, 27470|3277, 27475|3308, 27477|3351, 27583|3792, 27609|4021, http://www.imgur.com, 
27735|1, 27735|1680, 27736|1706, 27736|2467, 27737|2560, 27739|2593, 27753|2800, 27754|2872, 27762|2970, 27763|3015, 27769|3045, 27769|3136, 27770|3159, 27770|3484, 27771|3519, 27772|3543, 27774|3593, 27774|3615, 27775|3636, 27775|3751, 27776|3772, 27776|3802, 27780|3826, 27780|4018, http://www.baidu.com, 
28109|1, 28109|487, 28110|510, 28110|1609, 28111|1638, 28111|1702, 28112|1736, 28112|2558, 28115|2672, 28122|2740, 28126|2790, 28132|3033, 28132|3124, 28139|3200, 28185|3572, 28190|3771, 28191|3809, 28193|3951, 28196|4023, http://www.qq.com, 
28369|1, 28369|1702, 28370|1724, 28370|2507, 28377|2587, 28379|2619, 28383|2681, 28386|2772, 28409|3050, 28409|3230, 28410|3283, 28412|3323, 28412|3415, 28414|3439, 28414|3514, 28420|3619, 28420|3646, 28424|3674, 28424|4004, http://www.taobao.com, 
28545|1, 28545|85, 28547|117, 28547|1660, 28548|1697, 28548|2500, 28564|2789, 28574|2893, 28581|3067, 28581|3181, 28675|3557, 28680|3772, 28681|3862, 28683|4036, http://www.sina.com.cn, 
28948|1, 28948|1714, 28949|1737, 28949|2532, 28950|2611, 28963|2810, 28970|2963, 28976|3000, 28977|3040, 28983|3097, 28983|3124, 28984|3201, 28987|3337, 28987|3360, 28991|3387, 28991|3414, 29005|3470, 29005|3492, 29011|3530, 29012|3558, 29012|3581, 29013|3603, 29013|3675, 29015|3701, 29017|3743, 29033|3806, 29057|3889, 29093|4002, http://www.yahoo.com, 
29335|1, 29335|1694, 29336|1718, 29336|2485, 29338|2583, 29338|2627, 29339|2654, 29341|2693, 29359|2988, 29372|3168, 29372|3248, 29374|3342, 29388|3446, 29390|3500, 29390|3713, 29395|3749, 29403|3917, 29408|3998, 29419|4058, http://www.amazon.com, 
29639|1, 29639|1160, 29640|1186, 29640|1992, 29641|2039, 29641|2065, 29649|2132, 29651|2167, 29659|2307, 29667|2451, 29674|2578, 29674|2633, 29676|2814, 29694|2966, 29695|2996, 29695|4009, http://www.reddit.com, 
29775|1, 29775|1666, 29776|1693, 29776|2486, 29778|2528, 29787|2696, 29794|2748, 29798|2804, 29813|2943, 29813|3383, 29814|3415, 29817|3511, 29817|3567, 29821|3599, 29821|4008, http://www.tmall.com, 
29914|1, 29914|1152, 29915|1191, 29915|1967, 29916|2120, 29918|2171, 29943|2496, 29949|2543, 29949|2681, 29950|2723, 29952|2793, 29952|2936, 29954|3016, 29958|3042, 29958|3073, 29962|3108, 29966|3195, 29966|3592, 29972|3617, 29978|3675, 29978|3697, 29982|3728, 29983|3773, 29983|4020, http://www.taobao.com, 
30105|1, 30105|2469, 30106|2618, 30125|2971, 30138|3110, 30138|3210, 30139|3243, 30139|3297, 30160|3517, 30164|3546, 30166|3573, 30167|3611, 30168|3636, 30168|3737, 30195|3877, 30379|4648, http://www.yahoo.com, 
30457|1, 30457|2521, 30458|2554, 30458|2575, 30460|2604, 30465|2837, 30468|2893, 30486|2989, 30499|3082, 30509|3174, 30510|3216, 30516|3242, 30516|3282, 30529|3431, 30541|3498, 30567|3556, 30589|3608, 30594|3636, 30604|3665, 30605|3691, 30616|3850, 30616|4035, http://www.facebook.com, 
30676|1, 30676|2579, 30677|2642, 30693|2844, 30700|2976, 30709|3106, 30709|3310, 30711|3384, 30715|3424, 30715|3453, 30730|3541, 30730|3568, 30732|3595, 30732|4085, http://www.wikipedia.org, 
30793|1, 30793|2553, 30794|2616, 30795|2658, 30819|2860, 30834|3043, 30841|3159, 30841|3349, 30848|3387, 30852|3429, 30861|3462, 30878|3494, 30911|3524, 30915|3560, 30942|3591, 30988|3646, 31006|3710, 31024|3782, 31033|3811, 31033|3834, 31039|3881, 31044|3959, 31045|3989, 31045|4011, http://www.google.com, 
31153|1, 31153|2543, 31154|2589, 31155|2618, 31156|2649, 31156|2684, 31163|2742, 31163|2769, 31190|3041, 31197|3181, 31203|3261, 31203|3321, 31373|3840, 31399|3883, 31404|3992, 31405|4024, http://www.google.com, 
31514|1, 31514|1694, 31515|1718, 31515|2518, 31516|2562, 31516|2587, 31518|2610, 31521|2731, 31534|2843, 31543|2973, 31549|3053, 31549|3259, 31551|3342, 31553|3432, 31557|3466, 31557|4005, http://www.tmall.com, 
31649|1, 31649|2609, 31683|3214, 31683|3241, 31684|3288, 31685|3346, 31691|3440, 31691|4014, http://www.tmall.com, 
31773|1, 31773|2369, 31774|2520, 31776|2582, 31780|2647, 31781|2676, 31781|2701, 31786|2809, 31799|2945, 31806|3102, 31806|3224, 31807|3259, 31807|3282, 31810|3371, 31810|3402, 31813|3429, 31813|3494, 31816|3538, 31816|3591, 31819|3627, 31819|3693, 31822|3765, 31822|3818, 31826|3846, 31826|3892, 31836|3943, 31842|4012, http://www.vk.com, 
31951|1, 31951|2554, 31952|2648, 32012|3131, 32016|3188, 32043|3340, 32069|3426, 32080|3463, 32101|3525, 32125|3810, 32125|4133, http://www.facebook.com, 
32178|1, 32178|1757, 32179|1785, 32179|2542, 32180|2627, 32182|2663, 32199|2945, 32212|3037, 32212|3194, 32213|3217, 32213|3271, 32231|3453, 32231|3499, 32234|3564, 32237|3602, 32237|3624, 32238|3651, 32239|3677, 32240|3703, 32241|3735, 32243|3772, 32246|3797, 32246|3817, 32247|3841, 32250|3865, 32250|3888, 32254|3916, 32254|3937, 32260|3962, 32263|3999, 32263|4021, http://www.imgur.com, 
32361|1, 32361|2537, 32366|2637, 32370|2724, 32374|2829, 32387|3040, 32394|3111, 32398|3196, 32399|3232, 32400|3279, 32416|3401, 32431|3478, 32440|3559, 32440|3626, 32444|3665, 32446|3780, 32452|3822, 32454|3970, 32454|4056, http://www.instagram.com, 
32633|1, 32633|1782, 32634|1806, 32634|2601, 32649|2846, 32660|3024, 32661|3053, 32667|3191, 32667|3284, 32670|3354, 32676|3447, 32681|3502, 32682|3526, 32682|3581, 32687|3823, 32687|4002, http://www.jd.com, 
32775|1, 32775|2416, 32776|2551, 32776|2594, 32791|2833, 32795|3009, 32809|3129, 32811|3175, 32815|3221, 32822|3293, 32824|3323, 32824|3541, 32825|3570, 32825|3593, 32829|3646, 32829|3880, 32830|3905, 32838|3992, 32842|4043, http://www.sohu.com, 
32951|1, 32951|2517, 32952|2569, 32952|2616, 32979|2975, 32985|3039, 32985|3084, 32986|3144, 32988|3226, 32994|3313, 33002|3367, 33013|3457, 33014|3512, 33017|3548, 33025|3595, 33037|3785, 33037|4087, http://www.instagram.com, 
33211|1, 33211|2444, 33212|2550, 33212|2583, 33214|2618, 33238|2950, 33244|3049, 33245|3110, 33269|3159, 33273|3197, 33278|3233, 33285|3460, 33285|3693, 33290|3737, 33292|3821, 33311|4027, http://www.jd.com, 
33476|1, 33476|1768, 33477|1790, 33477|2626, 33478|2652, 33480|2717, 33490|2882, 33508|3068, 33508|3185, 33509|3286, 33533|3512, 33536|3550, 33539|3607, 33543|3661, 33543|3688, 33547|3711, 33551|3733, 33555|3782, 33556|3807, 33562|3842, 33564|4036, http://www.imgur.com, 
33670|1, 33670|1672, 33671|1695, 33671|2434, 33672|2554, 33672|2593, 33673|2617, 33673|2641, 33675|2667, 33679|2709, 33689|2952, 33703|3091, 33705|3165, 33705|3206, 33706|3251, 33708|3305, 33723|3559, 33728|3769, 33737|4356, http://www.sohu.com, 
33994|1, 33994|2560, 33995|2612, 33995|2638, 34012|2940, 34023|3047, 34029|3111, 34029|3146, 34030|3175, 34032|3227, 34035|3261, 34036|3291, 34043|3351, 34045|3384, 34047|3408, 34047|3500, 34049|3521, 34055|3557, 34068|3694, 34068|3760, 34076|3932, 34082|4232, http://www.instagram.com, 
34224|1, 34224|2501, 34239|2740, 34251|2941, 34257|3078, 34257|3116, 34260|3181, 34260|3251, 34271|3320, 34274|3360, 34293|3522, 34293|3549, 34295|3578, 34296|3607, 34304|4175, http://www.wikipedia.org, 
34358|1, 34358|1871, 34359|1895, 34359|2487, 34360|2543, 34360|2592, 34386|2965, 34394|3082, 34396|3141, 34417|3324, 34425|3356, 34430|3391, 34431|3424, 34433|4039, http://www.wikipedia.org, 
34485|1, 34485|1279, 34486|1305, 34486|2119, 34487|2158, 34487|2184, 34489|2234, 34497|2307, 34497|2339, 34520|2669, 34523|2755, 34549|3001, 34552|3039, 34552|3314, 34565|3419, 34566|3447, 34588|3599, 34598|3837, 34613|3984, 34621|4089, http://www.amazon.com, 
35124|1, 35124|1702, 35125|1726, 35125|2487, 35128|2522, 35128|2556, 35134|2671, 35159|3062, 35162|3103, 35166|3134, 35168|3166, 35168|3194, 35172|3286, 35181|3341, 35183|3409, 35183|3437, 35187|3472, 35201|3554, 35207|3588, 35207|3620, 35208|3644, 35209|3667, 35209|3771, 35217|3823, 35254|3956, 35358|4493, http://www.yahoo.com, 
35527|1, 35527|1673, 35528|1722, 35528|2497, 35530|2648, 35542|2781, 35547|2885, 35549|2959, 35549|2994, 35556|3043, 35562|3077, 35562|3149, 35563|3189, 35566|3251, 35600|3295, 35671|3410, 35674|3438, 35674|3495, 35676|3574, 35679|3629, 35679|3804, 35682|3845, 35682|4005, http://www.sina.com.cn, 
35977|1, 35977|2467, 35978|2509, 35979|2633, 35989|2718, 35999|2964, 36003|3024, 36011|3059, 36011|3121, 36012|3157, 36012|3187, 36014|3216, 36018|3266, 36025|3317, 36030|3384, 36030|3532, 36031|3559, 36031|3623, 36035|3651, 36035|3868, 36036|3892, 36036|3913, 36039|3936, 36044|3964, 36048|4021, http://www.sohu.com, 
36178|1, 36178|1717, 36179|1771, 36179|2661, 36180|2726, 36182|2764, 36187|2851, 36190|2915, 36198|3017, 36206|3177, 36212|3230, 36212|3321, 36213|3415, 36227|3586, 36231|3645, 36234|3680, 36235|3718, 36237|3756, 36237|3803, 36241|3831, 36241|4028, http://www.taobao.com, 
36347|1, 36347|2514, 36348|2542, 36350|2596, 36352|2629, 36356|2675, 36366|2834, 36369|3036, 36375|3077, 36382|3172, 36384|3247, 36386|3277, 36398|3413, 36404|3482, 36406|3511, 36406|3546, 36410|3593, 36410|4021, http://www.taobao.com, 
36530|1, 36530|1655, 36531|1678, 36531|2493, 36534|2607, 36550|2854, 36565|3028, 36565|3135, 36566|3166, 36569|3226, 36578|3300, 36580|3338, 36583|3458, 36583|3509, 36587|3541, 36587|3563, 36595|3608, 36595|3667, 36598|3726, 36598|4023, http://www.netflix.com, 
36886|1, 36886|1659, 36887|1685, 36887|2450, 36889|2478, 36892|2567, 36895|2611, 36905|2737, 36908|2773, 36908|2817, 36923|3060, 36923|3131, 36924|3165, 36924|3194, 36930|3292, 36960|3437, 36962|3477, 36963|3504, 36963|3648, 36978|3773, 36978|4176, http://www.reddit.com, 
37030|1, 37030|1691, 37031|1721, 37031|2587, 37032|2640, 37034|2671, 37064|3044, 37064|3205, 37065|3232, 37116|3544, 37116|3610, 37117|3688, 37118|3759, 37118|3848, 37119|3871, 37120|3911, 37122|3939, 37122|4013, http://www.qq.com, 
37252|1, 37252|2476, 37286|3097, 37287|3161, 37292|3230, 37292|3282, 37302|3364, 37303|3408, 37304|3436, 37305|3459, 37305|3562, 37306|3585, 37306|3635, 37310|3660, 37310|3922, 37314|3952, 37323|4018, http://www.sohu.com, 
37430|1, 37430|1692, 37431|1796, 37431|2534, 37434|2613, 37437|2658, 37452|2886, 37466|3000, 37466|3157, 37467|3201, 37470|3237, 37583|3473, 37583|3610, 37590|3925, 37593|3955, 37593|4015, http://www.sina.com.cn, 
37754|1, 37754|1689, 37755|1719, 37755|2522, 37756|2591, 37757|2621, 37778|2973, 37780|3002, 37787|3054, 37787|3115, 37788|3141, 37788|3167, 37790|3204, 37799|3295, 37810|3695, 37813|3732, 37818|3958, 37823|4037, http://www.360.cn, 
37918|1, 37918|2603, 37919|2694, 37931|2873, 37937|2957, 37953|3153, 37953|3365, 37970|3678, 37970|3739, 37979|3970, 37999|4532, http://www.360.cn, 
38078|1, 38078|1717, 38079|1744, 38079|2499, 38080|2531, 38082|2622, 38082|2658, 38109|3068, 38116|3126, 38118|3150, 38149|3262, 38151|3449, 38151|3489, 38155|3717, 38155|4019, http://www.jd.com, 
38271|1, 38271|1277, 38272|1299, 38272|1322, 38273|1345, 38273|1714, 38274|1745, 38274|2556, 38275|2696, 38277|2732, 38293|2964, 38301|3033, 38307|3092, 38307|3307, 38308|3336, 38309|3368, 38311|3417, 38329|3574, 38329|3597, 38333|3623, 38333|3647, 38339|3679, 38343|3708, 38343|3729, 38348|3813, 38349|3838, 38351|3872, 38351|4010, http://www.netflix.com, 
38585|1, 38585|1682, 38586|1706, 38587|1739, 38587|1845, 38589|1872, 38589|1969, 38592|2006, 38594|2036, 38594|2446, 38595|2568, 38595|2596, 38597|2624, 38609|2968, 38628|3088, 38628|3139, 38629|3165, 38632|3207, 38643|3355, 38645|3393, 38649|3425, 38649|3540, 38651|3578, 38653|3610, 38653|3643, 38661|3718, 38661|3791, 38662|3825, 38665|3895, 38665|4001, http://www.live.com, 
38724|1, 38724|1682, 38725|1706, 38725|2494, 38726|2582, 38728|2632, 38745|2899, 38759|3020, 38759|3180, 38760|3214, 38778|3394, 38797|3499, 38800|3581, 38800|4032, http://www.wikipedia.org, 
38851|1, 38851|2552, 38852|2636, 38897|2877, 38903|2907, 38906|2938, 38906|3185, 38912|3231, 38922|3349, 38926|3399, 38972|3547, 38973|3578, 38985|3617, 39030|3751, 39030|4003, http://www.facebook.com, 
39084|1, 39084|2588, 39085|2658, 39092|2719, 39095|2754, 39115|2928, 39122|3036, 39128|3066, 39128|3101, 39130|3146, 39130|3202, 39131|3246, 39131|3288, 39132|3327, 39133|3368, 39142|3394, 39157|3459, 39180|3490, 39186|3519, 39220|3560, 39250|3587, 39291|3640, 39298|3666, 39306|3707, 39325|3758, 39339|3801, 39341|3826, 39341|3907, 39347|3954, 39347|4018, http://www.google.com, 
39453|1, 39453|1741, 39454|1764, 39454|2554, 39456|2609, 39457|2651, 39457|2754, 39463|2805, 39469|2981, 39481|3167, 39485|3253, 39492|3378, 39499|3511, 39499|3606, 39500|3633, 39501|3657, 39503|3699, 39503|3889, 39505|3917, 39508|3939, 39509|3962, 39509|4006, http://www.baidu.com, 
39756|1, 39756|50, 39757|73, 39757|2530, 39758|2654, 39764|2995, 39765|3025, 39767|3067, 39779|3155, 39787|3215, 39789|3256, 39794|3303, 39796|3341, 39796|3657, 39813|3696, 39824|3753, 39825|3816, 39825|3854, 39827|3900, 39828|3937, 39846|4047, http://www.baidu.com, 
40205|1, 40205|544, 40206|568, 40206|707, 40208|728, 40208|2419, 40209|2571, 40211|2610, 40226|2748, 40241|3001, 40242|3050, 40242|3076, 40244|3104, 40244|3136, 40249|3230, 40258|3285, 40261|3317, 40265|3358, 40272|3385, 40273|3409, 40278|3437, 40281|3483, 40282|4099, http://www.wikipedia.org, 
40319|1, 40319|1767, 40320|1803, 40320|2575, 40321|2623, 40321|2651, 40323|2682, 40335|2799, 40338|2865, 40353|3113, 40355|3140, 40355|3163, 40357|3202, 40367|3252, 40403|3299, 40405|3516, 40408|3668, 40408|3761, 40409|3812, 40410|3838, 40412|3879, 40412|3950, 40414|3973, 40414|4008, http://www.qq.com, 
40498|1, 40498|2605, 40509|2723, 40545|3083, 40545|3130, 40546|3158, 40546|3185, 40548|3210, 40548|3239, 40552|3271, 40564|3319, 40596|3404, 40701|3504, 40703|3529, 40724|3628, 40753|3689, 40755|3713, 40755|3802, 40760|3824, 40761|3868, 40761|3918, 40777|3948, 40787|4129, http://www.google.com, 
40858|1, 40858|2576, 40860|2600, 40861|2685, 40877|2915, 40892|3061, 40893|3092, 40893|3261, 40895|3305, 40904|3417, 40912|3446, 40912|3474, 40916|3501, 40918|3525, 40918|3547, 40921|3574, 40922|3599, 40922|4012, http://www.taobao.com, 
41011|1, 41011|81, 41012|109, 41012|1713, 41013|1746, 41013|2593, 41014|2650, 41014|2678, 41032|2868, 41039|3064, 41047|3172, 41049|3201, 41049|3226, 41053|3281, 41053|3300, 41065|3400, 41069|3427, 41069|3448, 41077|3483, 41081|3508, 41085|3571, 41085|3752, 41100|3868, 41100|4031, http://www.reddit.com, 
41138|1, 41138|1703, 41139|1726, 41139|2557, 41142|2630, 41159|2941, 41166|2982, 41172|3070, 41173|3096, 41175|3119, 41175|3149, 41179|3177, 41179|3215, 41192|3365, 41192|3445, 41206|3478, 41206|3504, 41207|3526, 41208|3549, 41208|3820, 41209|3843, 41214|3874, 41214|4026, http://www.linkedin.com, 
41385|1, 41385|1706, 41386|1729, 41386|2545, 41387|2600, 41387|2632, 41391|2756, 41399|3017, 41407|3110, 41410|3140, 41410|3179, 41412|3213, 41527|3656, 41527|3774, 41528|3810, 41528|3890, 41530|3977, 41531|4004, http://www.sina.com.cn, 
41760|1, 41760|1694, 41761|1723, 41761|2490, 41762|2622, 41765|2688, 41794|2983, 41794|3186, 41796|3212, 41797|3240, 41798|3274, 41814|3454, 41814|3556, 41818|3585, 41818|3667, 41822|3690, 41826|3715, 41826|3788, 41827|3810, 41829|3832, 41830|3854, 41833|4032, http://www.live.com, 
41874|1, 41874|1752, 41875|1774, 41875|2528, 41876|2621, 41876|2646, 41879|2685, 41897|3008, 41904|3093, 41904|3119, 41906|3146, 41907|3172, 41911|3212, 41921|3290, 41923|3318, 41924|3354, 41927|3384, 41927|3428, 41928|3455, 41929|3478, 41931|3504, 41931|3571, 41934|3595, 41934|3669, 41937|3701, 41937|3785, 41941|3808, 41941|3850, 41950|3882, 41951|3907, 41955|3929, 41957|3949, 41958|4013, http://www.vk.com, 
42065|1, 42065|1665, 42066|1689, 42066|2480, 42068|2550, 42073|2607, 42073|2636, 42093|2882, 42096|2935, 42099|2970, 42106|3022, 42106|3165, 42107|3188, 42107|3216, 42110|3247, 42114|3289, 42123|3393, 42123|3452, 42124|3480, 42127|3521, 42127|3635, 42131|3660, 42131|3780, 42134|3805, 42134|3895, 42135|3917, 42135|4009, http://www.live.com, 
42188|1, 42188|2492, 42190|2569, 42192|2619, 42207|2788, 42221|3009, 42221|3098, 42222|3129, 42222|3154, 42224|3179, 42224|3202, 42233|3278, 42241|3445, 42248|3476, 42249|3509, 42254|3549, 42255|3573, 42255|3595, 42256|3616, 42256|3878, 42262|3921, 42262|4038, http://www.linkedin.com, 
42456|1, 42456|1729, 42457|1752, 42457|2597, 42462|2763, 42472|3018, 42478|3050, 42479|3079, 42479|3104, 42485|3131, 42485|3156, 42488|3260, 42495|3346, 42501|3381, 42507|3415, 42518|3504, 42524|3530, 42525|3554, 42525|3729, 42540|3813, 42540|4027, http://www.reddit.com, 
42578|1, 42578|2526, 42579|2553, 42579|2576, 42581|2611, 42591|2712, 42591|2738, 42611|2999, 42612|3050, 42612|3122, 42613|3150, 42615|3186, 42622|3365, 42643|3913, 42643|4068, http://www.360.cn, 
42734|1, 42734|1722, 42735|1745, 42735|2490, 42738|2585, 42740|2622, 42757|2896, 42774|3085, 42775|3133, 42775|3167, 42778|3222, 42789|3339, 42792|3374, 42792|3650, 42820|3683, 42821|3871, 42846|4239, http://www.baidu.com, 
43085|1, 43085|509, 43086|537, 43086|1293, 43087|1313, 43087|2570, 43088|2628, 43091|2689, 43098|2735, 43108|2947, 43114|3018, 43115|3067, 43115|3096, 43121|3121, 43121|3190, 43122|3233, 43122|3264, 43126|3323, 43135|3371, 43139|3399, 43145|3427, 43148|3454, 43154|3477, 43154|3503, 43157|3582, 43157|4028, http://www.wikipedia.org, 
43222|1, 43222|1707, 43223|1732, 43223|2500, 43226|2570, 43228|2624, 43253|2954, 43259|3048, 43259|3146, 43260|3170, 43263|3209, 43264|3237, 43282|3531, 43282|4023, http://www.jd.com, 
43378|1, 43378|2439, 43395|2695, 43425|2937, 43426|2999, 43426|3069, 43427|3096, 43427|3123, 43433|3208, 43456|3281, 43499|3356, 43519|3390, 43559|3418, 43587|3458, 43633|3619, 43633|3734, 43638|3771, 43639|3802, 43639|3845, 43650|3867, 43665|3947, 43665|4015, http://www.google.com, 
43761|1, 43761|1673, 43762|1709, 43762|2487, 43763|2571, 43765|2597, 43769|2648, 43774|2748, 43780|2826, 43796|3042, 43797|3114, 43797|3141, 43799|3166, 43799|3190, 43803|3219, 43809|3257, 43811|3293, 43812|3326, 43812|3370, 43814|3437, 43816|3468, 43816|3511, 43820|3536, 43820|3558, 43823|3581, 43828|3628, 43828|3666, 43831|3750, 43831|4017, http://www.netflix.com, 
44059|1, 44059|2583, 44077|2824, 44080|2923, 44093|3101, 44093|3182, 44094|3210, 44095|3237, 44101|3310, 44106|3346, 44107|3374, 44111|3477, 44115|3500, 44115|3521, 44121|3546, 44123|3573, 44123|3631, 44125|3658, 44126|3701, 44126|4011, http://www.netflix.com, 
44341|1, 44341|2625, 44342|2649, 44342|2674, 44356|2878, 44356|3037, 44357|3071, 44357|3218, 44358|3259, 44358|3313, 44359|3346, 44361|3377, 44361|3476, 44362|3501, 44362|3528, 44364|3561, 44364|3585, 44370|3610, 44371|3635, 44381|3670, 44386|3707, 44394|3732, 44401|3789, 44401|3815, 44407|3844, 44409|3997, 44409|4040, http://www.wikipedia.org, 
44469|1, 44469|2508, 44470|2556, 44470|2587, 44471|2610, 44472|2646, 44488|2816, 44502|3026, 44502|3129, 44503|3159, 44504|3188, 44541|3405, 44544|3455, 44544|3482, 44545|3529, 44545|3747, 44546|3775, 44546|3816, 44548|3848, 44548|4004, http://www.jd.com, 
44712|1, 44712|1712, 44713|1737, 44713|2532, 44715|2612, 44716|2644, 44718|2731, 44748|3072, 44748|3167, 44749|3190, 44749|3230, 44756|3298, 44760|3335, 44762|3361, 44765|3404, 44765|3458, 44766|3489, 44768|3521, 44768|3544, 44770|3582, 44772|3621, 44775|3646, 44779|3674, 44780|3704, 44780|3731, 44781|3756, 44782|3781, 44783|3803, 44783|4019, http://www.netflix.com, 
44986|1, 44986|2597, 44987|2655, 44987|2711, 44995|2863, 45003|3079, 45015|3123, 45016|3160, 45016|3233, 45017|3272, 45030|3417, 45034|3465, 45034|3512, 45036|3540, 45036|3576, 45040|3609, 45040|3661, 45041|3695, 45043|3720, 45043|3756, 45045|3804, 45045|3826, 45047|3850, 45047|3970, 45049|3993, 45051|4016, http://www.netflix.com, 
45239|1, 45239|1680, 45240|1704, 45240|2598, 45241|2646, 45243|2738, 45273|3070, 45273|3162, 45274|3186, 45276|3219, 45276|3251, 45305|3482, 45305|3507, 45306|3532, 45307|3554, 45308|3576, 45308|3723, 45318|3751, 45322|3782, 45323|3846, 45323|4284, http://www.reddit.com, 
45385|1, 45385|1670, 45386|1696, 45386|2500, 45387|2614, 45389|2644, 45395|2697, 45403|2785, 45407|2902, 45414|2965, 45414|3004, 45420|3098, 45420|3118, 45421|3146, 45421|3173, 45423|3199, 45426|3259, 45440|3358, 45450|3410, 45450|3432, 45452|3456, 45452|3681, 45464|3777, 45467|3866, 45497|4245, http://www.amazon.com, 
45684|1, 45684|1750, 45685|1786, 45685|2597, 45686|2648, 45686|2686, 45713|3104, 45714|3138, 45714|3167, 45716|3197, 45721|3258, 45727|3306, 45732|3397, 45735|3428, 45735|4006, http://www.tmall.com, 
45808|1, 45808|2540, 45809|2564, 45809|2612, 45811|2640, 45815|2692, 45825|2776, 45835|2811, 45847|2986, 45854|3093, 45854|3142, 45855|3183, 45856|3219, 45858|3253, 45880|3360, 45880|3403, 45884|3439, 45905|3468, 45908|3493, 45942|3521, 45946|3549, 46011|3600, 46016|3631, 46024|3668, 46033|3700, 46058|3811, 46062|3839, 46062|3914, 46067|3963, 46068|4002, http://www.google.com, 
46170|1, 46170|1682, 46171|1706, 46171|2465, 46174|2585, 46176|2620, 46180|2658, 46183|2698, 46199|2958, 46205|2996, 46206|3036, 46206|3112, 46207|3143, 46207|3180, 46210|3214, 46228|3388, 46228|4003, http://www.tmall.com, 
46321|1, 46321|115, 46322|141, 46322|2457, 46323|2534, 46323|2569, 46331|2665, 46349|2770, 46361|2995, 46370|3146, 46374|3190, 46381|3247, 46388|3302, 46419|3402, 46439|3430, 46455|3455, 46464|3478, 46524|3520, 46541|3610, 46551|3649, 46569|3696, 46577|3735, 46577|3786, 46582|3844, 46582|3867, 46583|3891, 46583|3961, 46601|4000, 46609|4027, http://www.google.com, 
46704|1, 46704|2567, 46705|2592, 46706|2707, 46717|2820, 46730|2885, 46745|3043, 46752|3125, 46752|3223, 46753|3260, 46755|3288, 46755|3312, 46840|3521, 46887|3562, 46913|3622, 46921|3651, 46935|3706, 46951|3813, 46951|3854, 46952|3877, 46959|3902, 46965|3927, 46966|3962, 46966|4007, http://www.google.com, 
47074|1, 47074|2544, 47075|2589, 47077|2741, 47126|2929, 47135|3094, 47141|3127, 47141|3178, 47142|3213, 47144|3239, 47148|3280, 47176|3401, 47225|3546, 47239|3604, 47246|3628, 47252|3656, 47252|3726, 47257|3797, 47266|4144, http://www.facebook.com, 
47316|1, 47316|2611, 47317|2655, 47317|2685, 47319|2716, 47319|2745, 47337|2845, 47369|3018, 47383|3249, 47385|3307, 47385|3331, 47389|3369, 47394|3430, 47434|3546, 47435|3574, 47446|3602, 47455|3627, 47469|3683, 47489|3722, 47492|3886, 47492|4203, http://www.facebook.com, 
47539|1, 47539|1694, 47540|1718, 47540|2541, 47541|2640, 47550|2703, 47555|2763, 47555|2801, 47559|2863, 47559|2892, 47567|2938, 47568|2966, 47568|3002, 47574|3037, 47574|3245, 47575|3282, 47576|3313, 47577|3343, 47581|3367, 47581|3411, 47586|3447, 47590|3483, 47594|3506, 47594|3531, 47606|3578, 47606|3602, 47611|3625, 47611|3828, 47616|3873, 47618|3936, 47619|4072, http://www.reddit.com, 
47657|1, 47657|1703, 47658|1731, 47658|2491, 47660|2559, 47660|2592, 47661|2637, 47663|2663, 47666|2708, 47682|2902, 47688|2946, 47695|3150, 47695|3172, 47696|3203, 47700|3260, 47716|3390, 47719|3426, 47721|3452, 47723|3477, 47723|3504, 47726|3528, 47726|3549, 47727|3575, 47730|3601, 47730|3627, 47734|3652, 47742|3682, 47743|3708, 47743|3734, 47751|3813, 47758|3941, 47785|4334, http://www.imgur.com, 
47898|1, 47898|2458, 47899|2567, 47901|2605, 47917|2814, 47926|2911, 47932|3032, 47932|3111, 47933|3135, 47933|3160, 47936|3198, 47941|3232, 47950|3318, 47956|3356, 47956|3385, 47957|3409, 47960|3434, 47960|3457, 47964|3522, 47965|3546, 47968|3574, 47968|3600, 47972|3625, 47978|3649, 47980|3675, 47981|3711, 47984|3736, 47988|3790, 47989|3952, 47989|4304, http://www.imgur.com, 
48098|1, 48098|107, 48099|139, 48099|273, 48100|304, 48100|1703, 48101|1730, 48101|2595, 48120|2926, 48126|3002, 48133|3047, 48133|3225, 48134|3252, 48134|3281, 48138|3343, 48146|3418, 48152|3456, 48159|3486, 48159|3513, 48161|3549, 48162|3573, 48164|3603, 48164|3624, 48168|3680, 48172|3720, 48172|3744, 48176|3774, 48182|3798, 48185|3836, 48194|3885, 48200|3914, 48203|4448, http://www.imgur.com, 
