527|1, 527|458, 530|485, 528|526, 530|584, 528|609, 528|660, 536|711, 534|738, 534|764, 536|800, 531|969, 531|1013, 536|1249, 534|1286, 536|1308, 536|1334, 538|1366, 536|1404, 536|2700, 538|2722, 536|2754, 536|2799, 538|2824, 524|2863, 524|3122, 526|3150, 524|3175, 524|3383, 526|3403, 524|3433, 524|4014, http://www.linkedin.com, 
459|1, 461|76, 461|404, 463|425, 461|450, 461|492, 463|515, 461|539, 461|755, 462|777, 462|1033, 464|1055, 462|1080, 461|1100, 455|1119, 455|1141, 454|1160, 455|1182, 455|1597, 457|1621, 457|1643, 456|1671, 460|1694, 460|1812, 464|1832, 464|1940, 465|1960, 465|2010, 467|2035, 467|2194, 471|2214, 473|2238, 473|2284, 477|2305, 477|2329, 474|2372, 474|2405, 488|2730, 492|4126, http://www.linkedin.com, 
455|1, 459|75, 459|316, 461|339, 459|361, 459|823, 460|847, 460|1157, 459|1182, 453|1206, 453|1227, 454|1250, 454|1424, 456|1448, 454|1476, 454|1677, 456|1697, 458|1722, 456|1753, 460|1796, 460|1945, 462|1965, 464|1988, 464|2118, 465|2137, 465|2165, 467|2189, 467|2374, 471|2399, 473|2429, 475|2478, 476|2568, 476|2729, 486|2963, 488|3019, 488|3117, 490|3239, 488|3288, 488|3646, 500|3721, 494|3781, 490|3807, 492|3830, 490|3856, 490|4062, http://www.yahoo.com, 
464|1, 464|73, 462|97, 462|703, 464|722, 462|747, 462|808, 463|842, 463|1122, 458|1169, 460|1192, 458|1214, 458|1256, 462|1283, 462|1411, 466|1431, 466|1574, 467|1595, 467|1614, 469|1637, 467|1659, 469|1681, 469|1830, 473|1857, 477|1880, 475|1930, 481|1957, 476|2017, 476|2041, 478|2065, 480|2095, 486|2487, 488|2589, 488|3252, 490|3274, 488|3297, 488|3618, 490|3675, 492|3741, 492|4027, http://www.live.com, 
461|1, 459|95, 459|822, 460|843, 460|1169, 459|1195, 453|1216, 454|1236, 454|1592, 456|1615, 454|1643, 454|1668, 456|1691, 458|1716, 458|1769, 462|1793, 462|1858, 460|1891, 460|1935, 464|1957, 464|2087, 465|2106, 465|2172, 467|2197, 467|2220, 469|2245, 467|2267, 467|2343, 471|2365, 473|2388, 473|2434, 475|2470, 474|2552, 476|2679, 486|3008, 488|3049, 488|3845, 492|3865, 492|3959, 494|3985, 492|4026, http://www.360.cn, 
457|1, 459|80, 459|269, 461|293, 459|317, 459|806, 460|828, 460|1180, 453|1208, 453|1229, 454|1249, 454|1698, 456|1723, 456|1774, 460|1799, 460|1935, 464|1957, 464|2076, 465|2103, 465|2185, 467|2218, 467|2399, 471|2420, 473|2449, 479|2528, 474|2598, 474|2621, 484|3046, 488|3102, 488|3628, 490|3708, 488|3777, 488|4030, http://www.facebook.com, 
462|1, 459|92, 459|815, 460|835, 460|1144, 462|1168, 461|1213, 453|1233, 454|1253, 454|1676, 456|1698, 460|1730, 456|1773, 458|1799, 460|1821, 460|1960, 464|1984, 464|2096, 465|2119, 465|2156, 467|2176, 465|2200, 467|2220, 467|2383, 471|2411, 473|2434, 473|2460, 479|2504, 474|2603, 476|2717, 482|2840, 484|3026, 486|3083, 488|3113, 488|3212, 490|3377, 490|3775, 488|3800, 488|4002, http://www.qq.com, 
462|1, 460|83, 460|666, 462|687, 460|710, 460|809, 461|834, 461|1150, 454|1172, 454|1217, 455|1239, 455|1644, 457|1666, 459|1701, 457|1727, 457|1755, 461|1778, 461|1910, 465|1932, 465|2061, 466|2093, 466|2113, 468|2135, 468|2331, 472|2357, 474|2380, 474|2404, 476|2426, 480|2489, 475|2550, 479|2785, 487|3017, 491|3065, 491|3321, 489|3380, 489|4012, http://www.qq.com, 
462|1, 460|77, 460|393, 462|414, 460|436, 460|789, 461|812, 461|1136, 454|1161, 454|1182, 455|1202, 455|1629, 457|1652, 459|1673, 457|1696, 457|1722, 461|1749, 461|1876, 465|1896, 465|2040, 466|2060, 466|2079, 468|2100, 466|2129, 468|2151, 468|2302, 472|2328, 474|2355, 476|2412, 474|2434, 477|2489, 477|2548, 481|2722, 487|2885, 487|2942, 489|2992, 491|4117, http://www.yahoo.com, 
457|1, 461|72, 461|93, 463|113, 461|134, 461|678, 463|704, 461|728, 463|749, 461|770, 461|809, 462|828, 462|1166, 457|1188, 459|1214, 459|1259, 463|1285, 461|1306, 461|1408, 465|1430, 465|1563, 466|1583, 466|1645, 468|1678, 468|1847, 472|1881, 474|1936, 476|1960, 474|1980, 474|2046, 475|2069, 477|2180, 479|2295, 487|2460, 489|2520, 489|2883, 491|2918, 491|2976, 489|3001, 489|4020, http://www.vk.com, 
462|1, 462|71, 460|91, 460|428, 462|453, 460|474, 460|726, 461|747, 462|785, 462|1007, 464|1033, 462|1066, 462|1154, 455|1218, 455|1261, 457|1282, 457|1324, 455|1366, 458|1388, 456|1413, 456|1642, 458|1681, 458|1703, 456|1725, 458|1749, 456|1777, 456|1849, 458|1884, 458|1907, 462|1930, 462|2082, 466|2102, 466|2122, 468|2145, 466|2169, 466|2232, 467|2252, 467|2290, 469|2322, 469|2488, 473|2511, 473|2533, 475|2555, 475|2687, 476|2710, 476|2739, 482|2926, 490|3189, 490|3270, 492|3358, 490|3500, 490|3764, 494|3808, 494|4058, http://www.instagram.com, 
463|1, 461|77, 461|663, 463|684, 461|708, 461|752, 462|771, 462|1106, 455|1128, 455|1169, 456|1191, 456|1619, 460|1650, 460|1718, 464|1748, 464|1856, 468|1881, 468|2043, 469|2065, 469|2261, 473|2282, 475|2306, 477|2394, 476|2455, 478|2527, 478|2663, 482|2831, 488|2891, 490|2919, 490|3002, 492|3027, 492|3096, 498|3242, 498|3274, 500|3452, 500|3870, 498|3897, 498|4003, http://www.jd.com, 
463|1, 461|86, 461|807, 462|832, 462|1176, 455|1197, 455|1217, 456|1240, 456|1663, 458|1686, 458|1744, 462|1781, 462|1906, 464|1925, 466|1946, 466|2054, 467|2078, 467|2117, 471|2140, 469|2167, 469|2332, 473|2353, 475|2378, 475|2434, 479|2463, 476|2522, 476|2552, 484|2803, 488|2893, 488|2943, 490|2997, 490|3201, 492|3238, 490|3290, 490|3900, 492|3924, 490|3946, 490|4002, http://www.taobao.com, 
464|1, 461|79, 461|832, 462|868, 462|1191, 455|1216, 455|1264, 456|1284, 456|1702, 458|1726, 458|1814, 462|1834, 462|1976, 464|1995, 466|2015, 466|2137, 467|2157, 467|2194, 469|2220, 469|2246, 471|2271, 469|2296, 469|2419, 471|2448, 475|2495, 475|2618, 476|2649, 478|2726, 486|2949, 490|3124, 490|3479, 492|3510, 490|3534, 490|3605, 492|3625, 490|3652, 490|4010, http://www.baidu.com, 
459|1, 461|87, 461|807, 462|826, 462|1190, 455|1211, 458|1232, 456|1254, 456|1670, 460|1697, 460|1723, 458|1754, 458|1781, 462|1806, 462|1943, 466|1965, 466|2065, 467|2087, 467|2185, 469|2205, 469|2324, 471|2347, 473|2370, 475|2412, 477|2479, 479|2508, 475|2539, 476|2573, 478|2660, 478|2733, 488|2988, 490|3033, 494|4001, http://www.netflix.com, 
463|1, 461|105, 461|575, 463|596, 461|617, 461|791, 462|814, 462|1165, 455|1193, 455|1218, 456|1240, 456|1687, 458|1711, 458|1758, 462|1809, 462|1934, 466|1958, 466|2075, 467|2096, 467|2139, 469|2174, 469|2364, 475|2416, 475|2504, 476|2524, 476|2579, 478|2643, 488|2996, 488|3029, 490|3054, 490|3084, 492|3202, 490|3276, 490|3724, 492|3749, 494|3770, 494|4019, http://www.tmall.com, 
463|1, 461|69, 461|744, 462|780, 462|1101, 457|1128, 455|1153, 456|1174, 456|1632, 458|1653, 458|1701, 462|1725, 462|1854, 466|1878, 466|2013, 467|2038, 467|2060, 469|2093, 469|2233, 473|2260, 475|2332, 476|2410, 476|2453, 478|2588, 486|2736, 490|2849, 490|3495, 492|3521, 494|3573, 494|4013, http://www.baidu.com, 
463|1, 461|70, 461|781, 462|804, 462|1148, 455|1170, 455|1213, 456|1238, 456|1639, 458|1659, 460|1684, 458|1714, 458|1762, 462|1783, 462|1900, 466|1920, 466|2052, 467|2072, 467|2137, 469|2165, 469|2312, 471|2346, 475|2375, 475|2503, 476|2543, 478|2583, 478|2674, 480|2761, 484|2918, 486|2945, 486|3076, 488|3140, 488|3216, 492|3286, 492|3313, 490|3343, 492|4226, http://www.imgur.com, 
457|1, 461|86, 461|298, 463|320, 461|342, 461|823, 462|844, 462|1192, 455|1216, 455|1237, 456|1258, 456|1670, 458|1697, 460|1727, 460|1758, 458|1784, 462|1808, 462|1912, 466|1941, 466|2089, 467|2109, 467|2128, 469|2149, 467|2172, 469|2194, 469|2325, 473|2350, 475|2406, 479|2442, 483|2491, 476|2532, 476|2763, 484|2816, 490|2976, 490|3621, 494|3707, 492|3749, 492|3805, 494|3830, 492|3860, 492|4018, http://www.sina.com.cn, 
463|1, 461|78, 461|427, 463|446, 463|477, 461|506, 461|793, 462|819, 462|1028, 464|1051, 462|1075, 462|1120, 457|1145, 455|1164, 456|1187, 456|1635, 460|1664, 458|1684, 458|1732, 462|1758, 462|1881, 466|1906, 466|2042, 467|2070, 467|2091, 469|2113, 469|2305, 473|2327, 475|2353, 475|2485, 478|2678, 484|2836, 488|2890, 488|2916, 490|2968, 490|3318, 492|3370, 490|3400, 490|3904, 492|3925, 490|3947, 492|4065, http://www.live.com, 
463|1, 461|72, 461|785, 462|807, 462|1182, 455|1207, 455|1231, 456|1251, 456|1686, 458|1712, 458|1768, 462|1800, 462|1928, 466|1949, 466|1983, 468|2007, 466|2043, 466|2081, 467|2101, 467|2146, 469|2167, 469|2339, 475|2374, 481|2451, 475|2475, 486|2821, 488|2941, 490|2993, 490|4019, http://www.sina.com.cn, 
460|1, 458|75, 458|323, 460|346, 458|371, 458|775, 459|799, 459|1170, 452|1193, 452|1230, 453|1251, 453|1336, 455|1360, 453|1381, 453|1682, 455|1703, 457|1732, 457|1754, 459|1792, 459|1905, 461|1931, 461|1964, 463|1994, 463|2042, 465|2062, 463|2084, 463|2103, 464|2123, 464|2193, 466|2219, 466|2374, 472|2418, 472|2448, 478|2474, 473|2553, 473|2583, 479|2767, 483|2920, 483|2954, 485|3000, 487|3051, 487|3178, 489|3201, 487|3227, 487|3859, 489|3978, 489|4008, http://www.amazon.com, 
465|1, 461|85, 461|589, 463|618, 461|641, 461|787, 462|812, 462|1138, 455|1168, 455|1190, 456|1213, 456|1626, 458|1648, 458|1711, 464|1767, 462|1788, 462|1876, 466|1896, 466|2086, 467|2132, 469|2154, 469|2277, 471|2319, 473|2347, 475|2367, 475|2506, 476|2532, 476|2604, 480|2703, 486|2867, 488|2971, 488|3040, 490|3084, 490|3375, 494|3399, 494|3442, 496|3466, 494|3489, 494|4078, http://www.reddit.com, 
463|1, 461|81, 461|834, 462|863, 462|1069, 464|1092, 462|1115, 462|1204, 460|1231, 455|1264, 455|1287, 456|1309, 456|1797, 458|1830, 458|1855, 462|1885, 462|2013, 464|2039, 466|2065, 466|2162, 467|2182, 467|2283, 469|2313, 469|2468, 475|2580, 480|2891, 484|2951, 488|3157, 490|3192, 490|3320, 492|3703, 490|3817, 490|4014, http://www.360.cn, 
461|1, 458|88, 458|874, 459|897, 459|1258, 452|1282, 452|1304, 453|1325, 453|1412, 455|1437, 453|1466, 453|1787, 455|1811, 457|1837, 455|1860, 455|1891, 459|1917, 459|2076, 463|2102, 463|2206, 464|2227, 464|2286, 466|2319, 466|2503, 470|2532, 472|2573, 476|2640, 473|2745, 475|2784, 475|2849, 477|2891, 479|2963, 479|3055, 483|3200, 485|3233, 485|3270, 487|3293, 487|3540, 489|3622, 489|3755, 487|3777, 487|3802, 489|3822, 487|3851, 487|4016, http://www.taobao.com, 
459|1, 461|68, 461|523, 463|544, 461|571, 461|804, 462|830, 462|1195, 455|1214, 455|1255, 456|1278, 456|1697, 458|1722, 458|1774, 464|1803, 462|1837, 462|1925, 466|1946, 466|2072, 467|2112, 467|2148, 469|2170, 469|2254, 471|2293, 469|2316, 469|2344, 473|2368, 475|2394, 475|2442, 476|2516, 476|2559, 480|2631, 488|2851, 490|2958, 490|3475, 492|3496, 490|3537, 490|3615, 494|3691, 494|3810, 496|3861, 494|3917, 494|4025, http://www.instagram.com, 
457|1, 461|72, 461|786, 462|809, 462|1158, 455|1178, 455|1197, 456|1217, 456|1669, 458|1696, 458|1743, 462|1771, 462|1878, 464|1903, 466|1923, 466|2041, 467|2061, 467|2144, 469|2174, 469|2315, 473|2377, 477|2443, 476|2517, 486|2828, 486|2874, 488|2944, 490|3016, 490|3085, 492|3120, 492|3323, 490|3360, 490|3440, 492|3464, 492|3486, 490|3510, 490|4012, http://www.baidu.com, 
463|1, 461|97, 461|781, 462|806, 462|1157, 455|1179, 455|1207, 456|1233, 456|1674, 460|1695, 460|1733, 458|1763, 462|1796, 462|1904, 464|1924, 466|1946, 466|2078, 467|2097, 467|2117, 469|2140, 469|2332, 473|2359, 475|2427, 475|2481, 476|2537, 476|2566, 478|2608, 478|2664, 484|2891, 486|2933, 486|2958, 488|3047, 490|3073, 490|3265, 492|3294, 490|3316, 490|4005, http://www.sohu.com, 
463|1, 461|65, 461|760, 462|793, 462|1097, 455|1127, 455|1187, 456|1208, 456|1651, 458|1677, 458|1741, 462|1761, 462|1916, 466|1948, 466|2063, 467|2101, 467|2141, 469|2161, 469|2375, 473|2398, 475|2480, 476|2544, 476|2597, 482|2799, 484|2895, 486|2973, 488|3009, 488|3045, 490|3074, 490|4065, http://www.instagram.com, 
463|1, 463|73, 461|178, 463|199, 461|228, 461|887, 462|922, 462|1262, 455|1287, 455|1310, 456|1331, 456|1832, 458|1852, 458|1913, 462|1935, 462|2070, 466|2094, 466|2213, 467|2234, 467|2256, 469|2281, 469|2489, 473|2521, 475|2547, 475|2571, 482|2927, 486|3068, 488|3154, 490|3189, 490|3937, 492|3957, 490|3986, 490|4030, http://www.vk.com, 
463|1, 461|72, 461|510, 463|536, 461|564, 461|845, 462|866, 462|1093, 464|1116, 462|1140, 462|1208, 455|1235, 455|1283, 456|1307, 456|1592, 458|1618, 456|1641, 456|1664, 457|1686, 456|1717, 456|1741, 458|1762, 460|1805, 458|1832, 462|1855, 462|2013, 466|2034, 466|2161, 467|2183, 467|2240, 469|2267, 469|2438, 475|2488, 475|2535, 476|2635, 476|2665, 478|2865, 482|2975, 486|3092, 490|3167, 490|3256, 492|3311, 490|3471, 492|3531, 490|3578, 490|3804, 500|3892, 492|3931, 494|4597, http://www.yahoo.com, 
465|1, 463|81, 463|862, 464|886, 464|1243, 457|1269, 457|1292, 458|1313, 458|1771, 459|1793, 460|1816, 460|1839, 458|1892, 462|1913, 462|2026, 464|2067, 466|2090, 466|2216, 467|2241, 467|2267, 469|2296, 469|2524, 475|2549, 475|2589, 476|2739, 478|2873, 482|2949, 484|3087, 488|3206, 490|3249, 490|3716, 492|3738, 490|3783, 492|3813, 494|3849, 494|4017, http://www.vk.com, 
463|1, 461|76, 461|853, 462|886, 462|1219, 455|1250, 455|1296, 456|1317, 456|1388, 458|1411, 456|1436, 456|1754, 458|1789, 458|1866, 462|1890, 462|2021, 466|2042, 466|2191, 467|2212, 467|2234, 469|2262, 469|2289, 471|2318, 469|2344, 469|2447, 473|2470, 475|2496, 475|2550, 478|2730, 478|2825, 486|2940, 486|3082, 488|3141, 488|3193, 490|3244, 490|3703, 492|3725, 494|3806, 494|4264, http://www.reddit.com, 
454|1, 458|80, 458|878, 459|903, 459|1226, 452|1247, 452|1296, 453|1316, 453|1729, 455|1750, 453|1773, 455|1795, 457|1844, 457|1872, 459|1906, 459|2067, 463|2090, 463|2212, 464|2233, 464|2257, 466|2282, 466|2320, 468|2346, 466|2369, 466|2477, 468|2501, 470|2535, 478|2600, 473|2677, 473|2711, 477|2867, 483|3070, 485|3109, 485|3135, 487|3173, 487|3277, 489|3345, 487|3562, 489|4167, http://www.amazon.com, 
457|1, 461|81, 461|220, 463|241, 461|267, 461|679, 463|702, 461|725, 461|867, 462|889, 462|1217, 455|1253, 457|1275, 455|1300, 456|1322, 456|1746, 458|1768, 460|1796, 458|1834, 462|1873, 462|1992, 464|2018, 466|2041, 466|2167, 467|2191, 467|2261, 469|2306, 469|2427, 473|2451, 475|2482, 479|2576, 478|2686, 478|2728, 480|2860, 488|2988, 486|3022, 488|3110, 490|3152, 490|3267, 492|3539, 492|3888, 494|3990, 494|4120, http://www.sina.com.cn, 
463|1, 461|72, 461|147, 463|174, 461|198, 461|727, 463|749, 461|782, 461|846, 462|869, 462|944, 464|968, 462|1000, 462|1239, 455|1261, 457|1285, 456|1307, 456|1630, 453|1655, 453|1736, 455|1758, 457|1788, 457|1841, 461|1866, 461|1978, 459|2005, 463|2028, 463|2052, 465|2080, 463|2108, 463|2153, 464|2188, 464|2249, 466|2274, 466|2398, 468|2449, 466|2486, 468|2510, 472|2534, 472|2574, 478|2633, 485|3134, 487|3202, 487|3445, 489|3577, 489|3599, 487|3648, 487|4042, http://www.360.cn, 
462|1, 459|86, 459|902, 460|926, 460|1296, 455|1325, 455|1374, 459|1399, 459|1492, 461|1513, 463|1571, 463|1728, 464|1750, 464|1778, 466|1802, 466|1984, 474|2053, 472|2130, 475|2170, 473|2214, 475|2249, 475|2368, 485|2611, 487|2702, 487|3166, 489|3192, 487|3239, 487|3262, 489|3284, 489|3311, 487|3393, 487|3643, 489|3690, 487|3787, 487|4004, http://www.vk.com, 
460|1, 458|86, 458|372, 460|399, 458|420, 458|660, 460|681, 458|710, 458|827, 459|850, 459|1188, 454|1220, 454|1243, 452|1265, 453|1294, 453|1729, 455|1754, 455|1780, 457|1803, 455|1837, 459|1859, 459|2016, 463|2038, 463|2100, 465|2130, 463|2153, 463|2194, 464|2215, 464|2283, 466|2333, 466|2475, 468|2503, 470|2537, 472|2589, 472|2693, 475|2912, 483|3086, 485|3143, 487|3176, 487|3827, 491|3890, 493|4277, http://www.yahoo.com, 
462|1, 459|76, 459|890, 460|918, 460|1265, 455|1289, 455|1369, 459|1393, 459|1510, 461|1533, 463|1557, 463|1685, 464|1716, 464|1788, 466|1816, 466|1949, 470|1976, 472|2016, 472|2070, 483|2430, 483|2477, 485|2529, 485|2589, 487|2638, 487|3478, 489|3500, 487|3525, 487|3589, 491|3626, 491|3802, 493|3830, 493|3850, 491|3874, 491|4006, http://www.tmall.com, 
461|1, 458|88, 458|558, 460|596, 458|619, 458|878, 459|901, 459|1140, 461|1167, 459|1190, 459|1259, 452|1284, 453|1305, 455|1341, 453|1362, 453|1770, 455|1794, 457|1821, 455|1853, 461|1880, 459|1903, 459|2013, 461|2043, 463|2065, 463|2213, 464|2235, 464|2254, 466|2278, 466|2503, 470|2528, 472|2574, 472|2599, 475|2627, 475|2675, 473|2699, 473|2738, 485|3175, 485|3212, 487|3252, 487|3757, 489|3815, 487|4013, http://www.qq.com, 
463|1, 458|170, 458|551, 460|574, 458|595, 458|895, 459|915, 459|1295, 452|1316, 452|1339, 453|1361, 453|1784, 455|1808, 457|1832, 455|1857, 455|1888, 459|1911, 459|2063, 463|2086, 463|2192, 464|2213, 464|2299, 466|2343, 466|2500, 470|2523, 472|2594, 473|2732, 475|2785, 475|2822, 479|2983, 487|3240, 487|3361, 497|3569, 497|3765, 495|3887, 497|3956, 497|4005, http://www.jd.com, 
460|1, 458|80, 458|424, 460|447, 458|473, 458|850, 459|872, 459|1215, 452|1242, 452|1285, 453|1307, 453|1642, 455|1677, 453|1706, 453|1757, 457|1781, 455|1808, 455|1832, 459|1857, 459|1979, 461|2000, 463|2021, 463|2136, 464|2162, 464|2228, 466|2255, 466|2434, 470|2459, 472|2511, 472|2541, 476|2567, 479|2898, 485|3099, 487|3150, 487|4013, http://www.amazon.com, 
457|1, 457|79, 455|110, 455|841, 456|864, 456|1215, 449|1243, 449|1267, 450|1288, 450|1747, 452|1772, 454|1802, 456|1850, 456|1978, 458|2001, 460|2023, 460|2151, 461|2173, 461|2254, 463|2279, 463|2407, 465|2433, 467|2460, 469|2501, 469|2529, 475|2568, 469|2599, 470|2663, 472|2718, 472|2754, 482|3018, 480|3067, 482|3092, 482|3152, 484|3196, 484|3598, 486|3620, 484|3642, 484|4004, http://www.linkedin.com, 
454|1, 458|80, 460|100, 458|129, 458|873, 459|894, 459|1265, 452|1312, 453|1333, 453|1800, 457|1823, 455|1854, 455|1891, 459|1922, 459|2038, 461|2063, 463|2088, 463|2231, 464|2258, 466|2287, 466|2484, 470|2507, 470|2536, 472|2591, 472|2682, 473|2753, 475|2833, 479|3005, 479|3102, 481|3141, 485|3226, 483|3272, 485|3311, 487|3344, 487|3400, 491|3434, 491|3565, 493|3619, 493|3682, 491|3711, 491|3765, 493|3799, 491|3862, 491|4002, http://www.sohu.com, 
454|1, 458|78, 458|836, 459|862, 459|1215, 452|1239, 452|1262, 453|1283, 453|1458, 455|1484, 453|1510, 453|1735, 455|1758, 455|1806, 459|1854, 459|1986, 463|2008, 465|2053, 463|2079, 463|2169, 464|2204, 464|2258, 466|2286, 466|2445, 470|2481, 472|2517, 472|2560, 474|2605, 477|2628, 479|2873, 479|2902, 485|3070, 485|3105, 487|3142, 487|4010, http://www.linkedin.com, 
461|1, 458|80, 458|894, 459|920, 459|1257, 452|1281, 452|1362, 453|1383, 453|1834, 455|1875, 455|1922, 457|1946, 459|1967, 459|2099, 463|2122, 463|2277, 464|2309, 464|2332, 466|2365, 466|2415, 468|2439, 466|2461, 466|2585, 472|2631, 473|2783, 475|2819, 483|3173, 485|3295, 487|3362, 487|3829, 489|3917, 487|4071, http://www.instagram.com, 
454|1, 458|86, 458|374, 460|407, 458|437, 458|860, 459|884, 459|1223, 452|1244, 452|1293, 453|1314, 453|1490, 455|1514, 453|1543, 453|1760, 455|1782, 457|1803, 457|1853, 459|1878, 459|2009, 463|2033, 463|2182, 464|2208, 464|2259, 466|2286, 466|2422, 470|2445, 472|2478, 472|2562, 473|2587, 478|2844, 486|3121, 488|3157, 488|3882, 490|3933, 492|4529, http://www.imgur.com, 
461|1, 458|80, 458|144, 460|167, 458|190, 458|514, 460|539, 458|564, 458|888, 459|914, 459|1236, 461|1264, 452|1288, 452|1310, 453|1334, 453|1765, 455|1793, 457|1822, 457|1868, 461|1916, 459|1937, 459|2036, 463|2059, 463|2187, 464|2209, 464|2296, 466|2333, 466|2490, 470|2515, 472|2564, 472|2594, 478|2723, 487|3185, 487|3368, 489|3399, 489|3429, 491|3455, 489|3481, 487|3509, 487|4014, http://www.taobao.com, 
461|1, 462|127, 460|153, 460|176, 462|198, 462|219, 460|246, 460|338, 462|363, 460|395, 460|803, 461|842, 461|895, 463|925, 461|952, 461|1138, 464|1163, 455|1242, 455|1278, 456|1299, 456|1325, 455|1365, 455|1718, 457|1745, 457|1856, 459|1887, 461|1910, 461|2026, 465|2049, 465|2190, 466|2211, 466|2290, 470|2319, 468|2344, 468|2443, 472|2471, 474|2525, 476|2571, 480|2601, 477|2634, 475|2679, 475|2723, 481|2950, 483|3025, 485|3119, 487|3163, 489|3247, 489|3653, 491|3709, 489|3741, 489|4093, http://www.qq.com, 
455|1, 459|81, 459|884, 460|912, 460|1258, 453|1303, 453|1346, 454|1368, 454|1693, 456|1718, 454|1758, 454|1845, 458|1867, 458|1930, 462|1951, 462|2080, 466|2104, 466|2215, 465|2238, 465|2292, 467|2331, 467|2509, 471|2537, 476|2803, 482|2980, 486|3157, 486|3190, 488|3220, 488|3338, 490|3442, 488|3466, 488|4008, http://www.sina.com.cn, 
461|1, 459|78, 459|865, 460|886, 460|1125, 462|1149, 460|1172, 460|1245, 453|1279, 452|1302, 453|1328, 453|1784, 457|1821, 455|1846, 455|1868, 459|1904, 459|2043, 463|2065, 463|2180, 464|2200, 464|2301, 468|2332, 466|2362, 466|2491, 470|2518, 472|2603, 474|2641, 472|2667, 473|2716, 473|2745, 475|2801, 483|3124, 483|3167, 485|3206, 485|3249, 487|3275, 487|3595, 489|3624, 487|3663, 487|3972, 489|3993, 489|4017, http://www.live.com, 
454|1, 458|83, 458|878, 459|899, 459|1275, 452|1299, 452|1320, 453|1344, 453|1711, 455|1732, 453|1755, 453|1814, 455|1839, 455|1867, 459|1898, 459|2031, 461|2055, 463|2077, 463|2201, 464|2223, 464|2291, 466|2323, 466|2466, 468|2503, 470|2530, 472|2599, 473|2706, 473|2738, 483|3097, 485|3167, 487|3193, 487|3638, 489|3661, 487|3688, 487|3776, 489|3839, 491|3880, 491|4018, http://www.live.com, 
461|1, 458|84, 458|479, 460|506, 458|533, 458|879, 459|903, 459|1227, 452|1263, 452|1333, 453|1355, 453|1791, 457|1822, 455|1846, 455|1871, 459|1899, 459|2033, 463|2070, 463|2160, 465|2183, 463|2207, 464|2232, 464|2286, 466|2336, 466|2484, 470|2509, 472|2587, 472|2654, 473|2686, 473|2718, 483|3023, 483|3120, 487|3187, 487|3680, 489|3725, 487|3754, 487|4012, http://www.baidu.com, 
460|1, 458|70, 458|836, 459|864, 459|1201, 452|1231, 452|1253, 453|1274, 453|1723, 455|1744, 457|1773, 455|1800, 455|1831, 459|1857, 459|2002, 463|2026, 463|2166, 464|2192, 464|2261, 466|2285, 466|2475, 470|2502, 472|2537, 479|2647, 473|2704, 475|2752, 475|2805, 477|2877, 483|3003, 485|3205, 487|3255, 487|3541, 489|3634, 487|3805, 487|4056, http://www.qq.com, 
460|1, 458|74, 458|826, 459|851, 459|1198, 452|1241, 452|1284, 453|1306, 453|1511, 455|1532, 453|1554, 453|1744, 455|1764, 457|1789, 455|1815, 455|1839, 459|1870, 459|2025, 463|2048, 463|2217, 464|2238, 464|2321, 468|2349, 466|2372, 466|2490, 470|2519, 472|2565, 476|2686, 483|3056, 485|3126, 485|3161, 487|3190, 487|3484, 489|3547, 487|3583, 487|4001, http://www.netflix.com, 
458|1, 458|826, 459|848, 459|1028, 461|1053, 459|1078, 459|1199, 452|1225, 452|1268, 453|1291, 453|1519, 455|1542, 453|1564, 453|1776, 455|1804, 455|1830, 459|1870, 459|2007, 463|2030, 463|2154, 465|2175, 464|2216, 464|2258, 466|2284, 466|2455, 470|2485, 472|2517, 472|2583, 474|2606, 474|2640, 475|2691, 477|2856, 479|2958, 481|3007, 483|3073, 483|3138, 487|3227, 487|3364, 489|3602, 489|3858, 491|3887, 489|3913, 495|4123, http://www.360.cn, 
460|1, 458|84, 458|844, 459|882, 459|1227, 452|1253, 452|1299, 453|1321, 453|1788, 457|1814, 457|1865, 461|1902, 461|1921, 459|1943, 459|2043, 463|2069, 463|2214, 464|2240, 466|2274, 466|2444, 470|2468, 473|2620, 473|2697, 475|2848, 483|3025, 485|3126, 487|3198, 487|3843, 489|3873, 491|3895, 491|4011, http://www.tmall.com, 
460|1, 460|79, 458|132, 458|911, 459|932, 459|1274, 452|1296, 452|1346, 453|1368, 453|1799, 455|1824, 457|1849, 455|1889, 459|1930, 459|2039, 461|2062, 463|2086, 463|2208, 464|2248, 464|2275, 468|2305, 466|2347, 466|2380, 468|2403, 468|2426, 466|2449, 466|2520, 470|2542, 472|2569, 472|2665, 473|2741, 477|2966, 483|3147, 485|3190, 487|3237, 487|3462, 489|3501, 487|3531, 487|3555, 489|3581, 487|3604, 489|4003, http://www.amazon.com, 
460|1, 458|79, 458|822, 459|845, 459|1192, 452|1226, 452|1250, 453|1274, 453|1736, 457|1759, 455|1782, 461|1823, 459|1862, 459|1948, 463|1991, 463|2106, 464|2129, 464|2176, 466|2203, 466|2402, 470|2436, 476|2514, 472|2548, 473|2590, 473|2962, 485|3063, 485|3090, 487|3220, 487|4026, http://www.amazon.com, 
461|1, 459|103, 459|369, 461|390, 459|428, 459|836, 460|859, 460|1202, 453|1244, 453|1289, 455|1311, 455|1354, 459|1390, 459|1544, 463|1567, 463|1724, 464|1748, 464|1797, 466|1825, 466|2001, 470|2027, 472|2162, 473|2195, 481|2422, 485|2642, 485|2692, 487|2739, 487|2976, 489|3031, 487|3062, 487|3176, 489|3197, 487|3228, 487|3265, 489|3287, 487|3308, 487|3493, 489|3668, 487|3928, 489|4034, http://www.instagram.com, 
454|1, 458|86, 458|107, 460|128, 458|149, 460|171, 458|192, 458|880, 459|908, 459|1127, 461|1148, 459|1173, 459|1250, 452|1276, 452|1327, 453|1348, 453|1819, 455|1842, 455|1898, 459|1929, 459|2065, 463|2091, 463|2212, 464|2233, 464|2298, 466|2335, 466|2412, 468|2437, 466|2465, 466|2506, 470|2531, 472|2580, 472|2652, 473|2707, 473|2748, 485|3096, 485|3228, 487|3280, 487|4022, http://www.linkedin.com, 
460|1, 458|101, 458|814, 460|834, 459|858, 459|1236, 452|1258, 452|1279, 453|1303, 453|1755, 457|1779, 455|1799, 455|1853, 459|1877, 459|2011, 463|2038, 463|2185, 464|2210, 464|2238, 466|2273, 466|2443, 472|2505, 485|3015, 487|3130, 487|3718, 489|3740, 487|3764, 487|4226, http://www.linkedin.com, 
461|1, 458|77, 458|882, 459|904, 459|1041, 461|1065, 459|1096, 459|1256, 454|1295, 452|1317, 453|1338, 453|1382, 455|1409, 453|1432, 453|1816, 455|1839, 455|1878, 459|1901, 459|2037, 461|2058, 463|2078, 463|2221, 464|2253, 464|2277, 466|2306, 466|2527, 470|2551, 472|2582, 474|2683, 475|2970, 485|3166, 487|3269, 487|3699, 489|3726, 487|3751, 487|3973, 489|3993, 491|4015, http://www.vk.com, 
461|1, 458|74, 458|881, 459|907, 459|1129, 461|1154, 459|1179, 459|1255, 452|1280, 452|1310, 453|1332, 453|1574, 455|1593, 453|1615, 453|1787, 455|1812, 455|1864, 459|1905, 459|2034, 461|2056, 463|2084, 463|2200, 464|2223, 464|2274, 466|2300, 466|2458, 468|2481, 470|2505, 472|2567, 472|2621, 475|2827, 477|2860, 481|3014, 485|3148, 487|3208, 493|4152, http://www.360.cn, 
455|1, 459|89, 459|576, 461|598, 459|619, 459|867, 460|890, 460|1218, 462|1245, 457|1274, 457|1323, 459|1355, 459|1511, 463|1534, 463|1567, 465|1592, 463|1653, 463|1674, 464|1697, 464|1721, 466|1743, 466|1949, 470|1973, 472|1997, 472|2028, 476|2083, 473|2190, 483|2514, 485|2604, 487|2647, 487|2910, 489|2956, 487|2986, 487|3530, 489|3565, 487|3587, 487|4073, http://www.live.com, 
461|1, 458|73, 458|869, 459|912, 459|1255, 452|1279, 452|1301, 453|1328, 453|1351, 455|1371, 453|1394, 453|1767, 455|1792, 455|1866, 459|1898, 459|2058, 463|2081, 463|2210, 464|2231, 464|2308, 466|2346, 466|2481, 470|2529, 472|2590, 476|2659, 473|2794, 477|2887, 485|3140, 485|3215, 487|3246, 487|3318, 489|3394, 489|3705, 487|3733, 487|4009, http://www.sohu.com, 
462|1, 458|76, 458|160, 460|182, 458|206, 458|860, 459|886, 459|1223, 452|1253, 452|1281, 453|1306, 453|1757, 455|1782, 455|1830, 459|1869, 459|2014, 461|2037, 463|2062, 463|2161, 464|2192, 464|2278, 466|2303, 466|2486, 470|2509, 470|2533, 472|2558, 472|2618, 474|2646, 479|2675, 475|2728, 473|2756, 477|2848, 479|2950, 479|2994, 483|3190, 485|3265, 487|3290, 487|4024, http://www.facebook.com, 
462|1, 459|82, 459|886, 462|909, 460|938, 460|1245, 453|1278, 453|1299, 457|1328, 455|1356, 459|1385, 459|1527, 463|1548, 463|1687, 464|1708, 464|1775, 466|1833, 466|2001, 470|2032, 472|2069, 476|2108, 472|2159, 474|2216, 473|2244, 473|2268, 475|2310, 485|2641, 485|2729, 487|2756, 487|4040, http://www.wikipedia.org, 
460|1, 458|78, 458|97, 460|117, 458|140, 458|565, 460|587, 458|619, 458|878, 459|905, 459|1228, 458|1254, 452|1279, 452|1301, 453|1329, 453|1756, 455|1787, 457|1812, 457|1857, 461|1891, 461|2028, 465|2051, 465|2163, 463|2187, 464|2210, 464|2284, 466|2310, 466|2480, 472|2519, 472|2656, 473|2720, 483|3025, 485|3179, 487|3225, 487|3510, 495|3686, 495|4016, http://www.jd.com, 
454|1, 458|83, 458|869, 459|893, 459|1237, 452|1272, 452|1297, 453|1330, 453|1758, 455|1781, 453|1807, 455|1872, 459|1899, 459|2031, 461|2054, 463|2077, 463|2195, 464|2220, 464|2243, 466|2273, 466|2490, 470|2513, 472|2571, 472|2615, 473|2669, 483|3081, 485|3119, 487|3179, 487|4001, http://www.vk.com, 
454|1, 458|81, 458|782, 460|813, 458|835, 458|880, 459|905, 459|1244, 452|1270, 452|1300, 453|1321, 453|1810, 455|1836, 455|1865, 457|1890, 459|1912, 459|1934, 461|1959, 459|1981, 459|2035, 461|2058, 463|2085, 463|2211, 464|2235, 464|2285, 466|2309, 466|2455, 470|2479, 472|2528, 476|2563, 473|2681, 475|2801, 477|2870, 481|2950, 481|2995, 483|3061, 485|3142, 487|3212, 487|4052, http://www.sohu.com, 
460|1, 458|65, 458|813, 459|842, 459|1220, 452|1246, 452|1268, 453|1289, 453|1757, 455|1790, 455|1841, 459|1864, 459|1994, 461|2019, 463|2043, 463|2162, 464|2183, 464|2244, 466|2272, 466|2474, 468|2498, 470|2550, 478|2971, 485|3153, 485|3200, 487|3329, 487|4384, http://www.facebook.com, 
454|1, 458|107, 458|893, 459|917, 459|1274, 452|1304, 453|1327, 453|1781, 455|1811, 455|1866, 459|1900, 459|2045, 463|2068, 463|2212, 464|2233, 464|2258, 468|2284, 466|2328, 466|2457, 468|2493, 472|2591, 478|2616, 473|2671, 473|2694, 475|2774, 481|2934, 483|3123, 485|3193, 487|3231, 487|3364, 489|3403, 487|3519, 489|4089, http://www.yahoo.com, 
462|1, 459|92, 459|866, 460|893, 460|1231, 453|1257, 457|1283, 455|1309, 455|1334, 459|1356, 459|1492, 461|1517, 463|1540, 463|1665, 464|1686, 464|1759, 466|1789, 466|1957, 470|1981, 470|2005, 472|2031, 472|2070, 478|2102, 473|2174, 473|2200, 475|2276, 483|2525, 485|2634, 487|2661, 487|2859, 489|2892, 487|2931, 487|2996, 489|3069, 487|3098, 487|4114, http://www.imgur.com, 
457|1, 455|84, 455|857, 456|879, 456|1145, 458|1173, 456|1196, 456|1219, 449|1256, 449|1301, 450|1325, 450|1764, 452|1788, 454|1814, 454|1847, 456|1881, 456|2031, 460|2061, 460|2185, 461|2205, 463|2228, 463|2333, 465|2354, 463|2376, 463|2449, 469|2522, 469|2551, 470|2644, 472|2681, 480|2927, 482|3014, 482|3054, 484|3101, 484|3545, 486|3566, 486|3626, 484|3675, 484|4008, http://www.baidu.com, 
460|1, 458|73, 458|857, 459|893, 459|1241, 452|1266, 452|1292, 453|1314, 453|1752, 455|1773, 455|1858, 459|1894, 459|2028, 463|2057, 463|2200, 464|2222, 464|2257, 466|2297, 466|2484, 470|2507, 476|2602, 474|2674, 475|2756, 477|2822, 477|2870, 485|3120, 489|3207, 487|3316, 491|3804, 491|3845, 493|3928, 491|4049, http://www.qq.com, 
460|1, 458|88, 458|121, 460|155, 458|178, 458|712, 460|734, 458|765, 458|883, 459|906, 459|1253, 452|1287, 452|1310, 453|1333, 453|1788, 455|1811, 457|1834, 459|1876, 461|1899, 461|1920, 459|1948, 459|2035, 463|2057, 463|2197, 464|2217, 464|2297, 466|2322, 466|2452, 470|2480, 470|2512, 472|2566, 476|2594, 473|2677, 473|2705, 475|2768, 477|2898, 487|3137, 487|3381, 489|3413, 489|3502, 487|3526, 487|4036, http://www.taobao.com, 
461|1, 458|85, 460|106, 458|128, 458|617, 460|641, 458|665, 458|877, 459|900, 459|1226, 452|1251, 452|1298, 453|1319, 453|1757, 455|1779, 455|1871, 459|1895, 459|2027, 463|2049, 463|2181, 464|2201, 464|2272, 466|2311, 466|2487, 472|2522, 478|2630, 479|2882, 481|3078, 485|3157, 485|3190, 487|3215, 487|3285, 489|3645, 489|4094, http://www.sina.com.cn, 
458|1, 455|79, 455|538, 457|567, 455|591, 455|874, 456|897, 456|1175, 458|1213, 456|1239, 449|1262, 449|1310, 450|1337, 450|1791, 452|1817, 454|1840, 452|1864, 456|1894, 456|2053, 458|2075, 460|2097, 460|2239, 461|2260, 463|2283, 463|2483, 467|2506, 469|2532, 469|2569, 473|2612, 470|2695, 476|2892, 480|3042, 480|3089, 482|3122, 482|3177, 486|3203, 484|3386, 484|3787, 492|3831, 484|3883, 490|4150, http://www.yahoo.com, 
459|1, 456|80, 456|872, 457|897, 457|1234, 450|1266, 450|1291, 451|1313, 451|1774, 453|1799, 455|1826, 453|1851, 457|1886, 457|2039, 461|2069, 461|2216, 462|2239, 464|2284, 464|2487, 468|2514, 470|2567, 470|2662, 471|2707, 471|2737, 473|2784, 483|3192, 485|3249, 485|3579, 487|3604, 485|3626, 489|3679, 495|4035, http://www.amazon.com, 
459|1, 457|80, 457|768, 459|799, 457|825, 457|850, 458|872, 458|1211, 451|1240, 453|1264, 455|1293, 453|1319, 457|1346, 457|1490, 461|1512, 461|1667, 462|1704, 464|1765, 464|1893, 468|1934, 470|1958, 476|2022, 476|2046, 470|2075, 473|2119, 471|2144, 473|2215, 473|2250, 481|2476, 483|2586, 485|2682, 485|3162, 487|3183, 485|3218, 485|3566, 487|3603, 489|3626, 489|4012, http://www.reddit.com, 
458|1, 456|93, 456|741, 458|768, 456|790, 456|842, 457|867, 457|1205, 452|1233, 450|1255, 450|1298, 453|1341, 451|1361, 451|1761, 453|1784, 455|1807, 455|1833, 459|1858, 459|1966, 457|1989, 457|2014, 461|2036, 461|2143, 462|2167, 462|2253, 464|2308, 464|2483, 470|2538, 474|2582, 472|2691, 475|2803, 475|2841, 477|2897, 477|3054, 479|3096, 483|3207, 483|3242, 485|3273, 485|3366, 487|3399, 485|3426, 485|3900, 487|3943, 489|3968, 489|4012, http://www.tmall.com, 
453|1, 457|100, 457|365, 459|390, 457|413, 457|852, 458|876, 458|927, 460|957, 458|979, 458|1266, 455|1290, 453|1314, 453|1341, 457|1372, 457|1515, 461|1546, 461|1671, 462|1702, 462|1768, 464|1808, 464|1958, 466|1980, 468|2020, 470|2179, 471|2220, 475|2472, 481|2597, 483|2643, 485|2754, 485|2826, 487|2891, 487|3004, 485|3071, 485|3620, 487|3643, 489|3667, 489|4021, http://www.taobao.com, 
459|1, 456|87, 456|858, 457|879, 457|1002, 459|1028, 457|1050, 457|1225, 450|1251, 450|1296, 451|1319, 451|1609, 453|1631, 451|1659, 451|1801, 453|1828, 453|1884, 457|1907, 457|2037, 461|2061, 461|2185, 462|2207, 462|2254, 464|2276, 464|2481, 468|2510, 470|2555, 471|2708, 483|3145, 485|3197, 485|3605, 487|3633, 485|3661, 485|3831, 489|3982, 491|4738, http://www.yahoo.com, 
458|1, 455|98, 455|848, 456|874, 456|1244, 449|1267, 450|1292, 450|1784, 452|1835, 454|1897, 454|2007, 458|2031, 458|2164, 459|2185, 459|2251, 461|2300, 461|2439, 465|2462, 467|2489, 467|2521, 469|2555, 467|2585, 468|2626, 468|2672, 472|2810, 480|2935, 482|3029, 480|3087, 482|3244, 484|3271, 484|3386, 486|3530, 484|3595, 484|4069, http://www.facebook.com, 
458|1, 456|60, 456|212, 458|238, 456|262, 456|782, 458|806, 456|828, 458|852, 457|875, 459|907, 457|931, 457|1228, 450|1261, 451|1282, 451|1770, 453|1793, 453|1833, 457|1859, 457|1993, 461|2021, 461|2179, 462|2209, 462|2233, 464|2256, 464|2435, 466|2470, 468|2512, 470|2539, 474|2600, 473|2646, 471|2742, 475|2915, 479|3035, 483|3165, 487|3206, 485|3294, 485|4199, http://www.wikipedia.org, 
454|1, 458|68, 458|155, 460|176, 458|204, 458|866, 459|895, 459|1251, 452|1272, 452|1322, 453|1343, 453|1776, 455|1797, 455|1863, 459|1886, 459|2033, 463|2054, 463|2169, 464|2191, 464|2288, 466|2328, 466|2449, 470|2475, 472|2529, 472|2563, 474|2589, 473|2627, 473|2719, 479|2937, 485|3180, 487|3226, 487|3494, 491|3529, 487|3559, 487|3874, 489|3905, 487|3995, 487|4021, http://www.google.com, 
461|1, 458|75, 458|534, 460|556, 458|579, 458|881, 459|902, 459|1264, 452|1288, 452|1329, 453|1359, 453|1819, 455|1853, 455|1898, 459|1924, 459|2040, 461|2062, 463|2086, 463|2235, 464|2263, 464|2310, 466|2344, 466|2531, 472|2565, 472|2615, 478|2659, 475|2694, 473|2720, 473|2755, 477|2811, 477|2842, 485|3153, 487|3276, 487|4025, http://www.google.com, 
454|1, 458|75, 458|884, 459|915, 459|1248, 452|1276, 452|1298, 453|1325, 453|1758, 455|1782, 457|1809, 457|1862, 461|1888, 459|1910, 459|2020, 463|2042, 463|2204, 464|2231, 464|2254, 466|2292, 466|2335, 468|2360, 466|2429, 472|2467, 472|2522, 474|2581, 473|2625, 473|2673, 475|2802, 481|2915, 483|3046, 487|3138, 487|4022, http://www.tmall.com, 
460|1, 458|67, 458|458, 460|483, 458|512, 458|836, 459|858, 459|1224, 452|1254, 452|1280, 453|1306, 453|1788, 455|1814, 455|1870, 459|1896, 459|2020, 463|2044, 463|2209, 464|2231, 464|2284, 466|2305, 466|2529, 468|2551, 472|2582, 472|2624, 483|3118, 487|3282, 487|3616, 489|3641, 487|3691, 487|4007, http://www.tmall.com, 
459|1, 457|76, 457|849, 458|874, 458|1202, 451|1224, 451|1271, 452|1297, 452|1755, 454|1776, 454|1824, 458|1857, 458|1998, 462|2019, 462|2164, 463|2190, 463|2212, 465|2260, 465|2405, 469|2466, 471|2610, 474|2661, 474|2722, 476|2751, 476|2784, 478|2888, 482|3038, 486|3213, 486|3644, 488|3666, 486|3702, 486|4057, http://www.vk.com, 
453|1, 459|74, 459|99, 457|119, 457|142, 459|164, 457|205, 457|339, 459|360, 457|381, 457|887, 458|909, 460|932, 458|971, 458|1261, 451|1288, 451|1331, 452|1352, 452|1490, 454|1510, 452|1533, 452|1806, 454|1832, 454|1889, 458|1918, 458|2052, 462|2075, 462|2232, 463|2258, 463|2286, 465|2316, 465|2487, 471|2511, 471|2618, 472|2719, 486|3200, 486|4142, http://www.facebook.com, 
457|1, 454|66, 454|522, 456|548, 454|592, 454|894, 455|915, 455|1100, 457|1129, 455|1153, 455|1281, 448|1304, 448|1325, 449|1346, 449|1674, 451|1707, 449|1731, 449|1796, 451|1822, 453|1849, 451|1874, 451|1904, 455|1929, 455|2062, 459|2084, 459|2212, 460|2234, 460|2335, 462|2365, 462|2494, 466|2516, 468|2558, 468|2582, 472|2609, 469|2694, 469|2738, 477|3024, 479|3109, 481|3153, 481|3189, 483|3224, 483|3257, 485|3281, 483|3351, 483|3539, 485|3579, 483|3632, 483|3741, 485|3766, 483|3805, 483|4001, http://www.imgur.com, 
459|1, 457|75, 457|833, 458|867, 458|1234, 451|1258, 451|1326, 452|1354, 452|1782, 454|1810, 452|1834, 454|1856, 454|1880, 458|1915, 458|2042, 462|2064, 462|2228, 463|2253, 463|2303, 465|2327, 465|2484, 469|2509, 471|2565, 471|2611, 472|2717, 474|2799, 478|2937, 482|3118, 486|3185, 486|3480, 488|3595, 490|3635, 490|3699, 492|3741, 490|3856, 490|4044, http://www.instagram.com, 
461|1, 457|71, 457|94, 459|115, 457|139, 457|880, 458|902, 458|1252, 451|1277, 451|1325, 452|1346, 452|1804, 454|1826, 456|1851, 454|1903, 458|1929, 458|2056, 460|2079, 462|2102, 462|2235, 463|2256, 463|2333, 465|2357, 465|2511, 469|2536, 471|2569, 471|2671, 476|2918, 480|3096, 482|3145, 486|3259, 486|3353, 488|3432, 486|3515, 486|3741, 494|3915, 494|4034, http://www.jd.com, 
460|1, 457|71, 457|855, 458|879, 458|1242, 451|1272, 452|1294, 452|1746, 454|1767, 454|1841, 458|1876, 458|1897, 460|1917, 458|1939, 458|2006, 462|2027, 462|2164, 463|2186, 463|2211, 465|2236, 465|2438, 469|2462, 471|2491, 472|2635, 472|2670, 480|2905, 484|3117, 486|3204, 486|3640, 488|3666, 486|3716, 490|4076, http://www.sohu.com, 
459|1, 457|78, 457|830, 458|856, 458|1205, 457|1227, 451|1248, 451|1287, 452|1320, 452|1784, 454|1829, 454|1853, 458|1876, 458|2007, 462|2027, 462|2187, 463|2211, 465|2235, 465|2419, 469|2447, 471|2493, 473|2568, 475|2596, 472|2649, 474|2694, 482|3054, 484|3115, 484|3160, 486|3269, 486|4086, http://www.instagram.com, 
459|1, 457|61, 457|823, 458|851, 458|1183, 451|1211, 451|1255, 452|1281, 452|1746, 454|1768, 454|1815, 456|1838, 458|1860, 458|1993, 462|2013, 462|2157, 463|2181, 463|2208, 465|2242, 465|2410, 469|2432, 471|2536, 476|2611, 472|2643, 478|2889, 484|3011, 486|3132, 486|3193, 488|3219, 486|3256, 486|3299, 492|3623, 492|3752, 491|3829, 491|4033, http://www.jd.com, 
456|1, 454|63, 454|352, 456|374, 454|400, 454|836, 455|864, 455|1227, 448|1252, 448|1296, 449|1317, 449|1777, 451|1806, 453|1829, 453|1851, 451|1879, 455|1905, 455|2036, 461|2059, 459|2083, 459|2200, 460|2221, 460|2271, 462|2299, 462|2504, 466|2529, 468|2555, 468|2612, 472|2635, 469|2687, 469|2780, 473|2979, 479|3136, 479|3172, 481|3196, 481|3248, 483|3354, 485|3575, 483|3611, 483|3843, 485|3870, 483|3996, 483|4109, http://www.imgur.com, 
459|1, 457|76, 457|839, 458|865, 458|1201, 451|1228, 451|1272, 452|1296, 452|1745, 454|1767, 456|1793, 454|1822, 458|1848, 458|1932, 460|1953, 458|1976, 458|2000, 462|2031, 462|2085, 464|2110, 462|2148, 462|2177, 463|2215, 463|2272, 465|2294, 465|2453, 467|2482, 469|2562, 473|2629, 472|2666, 472|2781, 482|3113, 484|3186, 486|3238, 490|3297, 490|3658, 492|3843, 490|4200, http://www.sohu.com, 
459|1, 457|72, 457|577, 459|599, 457|622, 457|834, 458|861, 458|1123, 460|1146, 458|1184, 458|1212, 451|1234, 451|1300, 452|1327, 452|1685, 454|1741, 452|1768, 452|1811, 454|1839, 454|1890, 458|1912, 458|2035, 460|2058, 462|2080, 462|2225, 463|2247, 465|2268, 465|2470, 469|2493, 471|2549, 472|2658, 472|2709, 482|3065, 484|3119, 484|3216, 486|3250, 486|4239, http://www.instagram.com, 
459|1, 457|102, 457|612, 459|635, 457|662, 457|856, 458|886, 458|1257, 451|1280, 451|1308, 452|1329, 452|1797, 454|1821, 454|1867, 458|1889, 458|2029, 462|2050, 462|2188, 463|2210, 463|2277, 465|2298, 465|2477, 469|2500, 471|2562, 474|2776, 474|2858, 482|3094, 484|3177, 486|3228, 486|3621, 488|3648, 486|3678, 486|4294, http://www.wikipedia.org, 
459|1, 457|88, 457|153, 459|176, 457|197, 457|830, 458|854, 458|1229, 451|1255, 452|1276, 452|1350, 454|1371, 452|1392, 452|1765, 454|1785, 454|1813, 458|1849, 458|1983, 462|2008, 462|2137, 463|2158, 463|2232, 465|2265, 465|2418, 469|2446, 471|2573, 472|2652, 474|2683, 484|3096, 486|3186, 486|4126, http://www.wikipedia.org, 
461|1, 458|66, 458|329, 460|353, 458|377, 458|874, 459|899, 459|1275, 452|1297, 456|1321, 456|1369, 458|1396, 458|1546, 460|1568, 462|1595, 462|1617, 464|1648, 462|1671, 462|1742, 463|1765, 463|1864, 465|1886, 465|2044, 469|2073, 471|2100, 471|2144, 479|2192, 471|2224, 471|2248, 472|2299, 474|2371, 476|2504, 484|2763, 486|2965, 486|3265, 488|3286, 486|3311, 486|3394, 488|3483, 486|3537, 486|4051, http://www.amazon.com, 
459|1, 457|64, 457|283, 459|307, 457|332, 457|830, 458|859, 460|884, 458|918, 458|1219, 451|1246, 451|1289, 452|1310, 452|1734, 454|1765, 456|1790, 454|1834, 456|1858, 458|1879, 458|2012, 462|2035, 462|2180, 463|2209, 463|2281, 465|2303, 465|2465, 469|2487, 471|2517, 471|2552, 477|2588, 479|2620, 476|2831, 484|3127, 486|3167, 488|3198, 486|3232, 486|3834, 498|3951, 486|4092, http://www.yahoo.com, 
456|1, 454|65, 454|362, 456|387, 454|412, 454|839, 455|864, 455|1221, 448|1249, 448|1273, 449|1295, 449|1714, 451|1754, 451|1808, 455|1832, 455|1967, 459|1989, 459|2108, 460|2142, 460|2231, 462|2253, 462|2441, 466|2465, 468|2491, 468|2595, 471|2717, 471|2851, 477|2952, 479|3033, 479|3108, 481|3143, 483|3184, 485|3212, 483|3253, 483|3560, 485|3645, 485|4006, http://www.sina.com.cn, 
455|1, 453|70, 453|297, 455|323, 453|350, 453|837, 454|867, 454|1206, 447|1229, 447|1278, 448|1299, 448|1770, 450|1792, 450|1837, 454|1864, 454|2017, 458|2041, 458|2070, 460|2096, 458|2120, 458|2160, 459|2182, 459|2275, 461|2303, 461|2449, 463|2473, 467|2508, 467|2538, 469|2577, 468|2706, 478|2993, 478|3098, 480|3130, 480|3161, 482|3191, 482|4006, http://www.sohu.com, 
458|1, 456|97, 456|871, 457|893, 457|1274, 450|1294, 450|1317, 451|1338, 451|1599, 453|1628, 451|1651, 451|1803, 455|1857, 455|1893, 459|1920, 459|1947, 457|1971, 457|2078, 461|2103, 461|2171, 463|2204, 461|2243, 464|2266, 462|2290, 462|2362, 464|2387, 464|2533, 470|2575, 474|2628, 474|2749, 477|2814, 477|2850, 479|2956, 479|3008, 481|3163, 487|3268, 489|3318, 489|3927, 491|3966, 489|3989, 489|4019, http://www.taobao.com, 
458|1, 456|75, 456|838, 457|859, 457|1229, 450|1250, 450|1292, 451|1321, 451|1800, 453|1820, 453|1844, 457|1874, 457|2007, 461|2027, 461|2050, 463|2078, 461|2103, 461|2157, 462|2177, 462|2221, 464|2247, 464|2445, 470|2484, 470|2533, 472|2563, 476|2591, 474|2615, 471|2671, 473|2713, 473|2749, 475|3068, 483|3109, 485|3168, 485|4045, http://www.taobao.com, 
458|1, 456|70, 456|821, 457|843, 457|1177, 450|1207, 450|1248, 451|1269, 451|1722, 453|1743, 455|1769, 453|1802, 457|1845, 457|1997, 461|2024, 461|2187, 462|2215, 464|2237, 464|2452, 470|2497, 474|2564, 471|2685, 477|2927, 485|3128, 485|3236, 487|3304, 485|3373, 485|3765, 487|3792, 485|3847, 485|4017, http://www.netflix.com, 
456|1, 456|803, 457|824, 457|975, 459|1004, 457|1026, 457|1190, 450|1217, 450|1239, 451|1260, 451|1715, 455|1739, 453|1772, 457|1817, 457|1946, 461|1970, 461|2104, 462|2125, 462|2209, 464|2232, 464|2361, 468|2390, 474|2509, 471|2573, 471|2627, 473|2665, 477|2793, 477|2898, 485|3114, 485|4034, http://www.reddit.com, 
449|1, 453|67, 453|588, 455|609, 453|641, 453|848, 454|872, 454|987, 456|1010, 454|1034, 456|1056, 454|1090, 454|1238, 447|1261, 447|1282, 448|1307, 448|1712, 450|1735, 448|1762, 450|1795, 450|1857, 454|1882, 454|2037, 458|2063, 458|2235, 459|2257, 459|2279, 461|2328, 461|2485, 465|2515, 467|2553, 467|2673, 468|2707, 476|2993, 480|3118, 482|3151, 482|3309, 484|3610, 484|3677, 486|3756, 486|3914, 484|3942, 482|3979, 482|4005, http://www.qq.com, 
458|1, 456|82, 456|293, 458|315, 456|337, 456|864, 459|885, 457|917, 457|1240, 450|1267, 450|1289, 451|1312, 451|1443, 453|1463, 451|1487, 451|1790, 453|1815, 453|1864, 457|1893, 457|2017, 459|2040, 461|2072, 461|2216, 462|2243, 462|2279, 464|2301, 464|2441, 468|2469, 468|2504, 470|2531, 470|2567, 489|3202, 489|3762, 491|3785, 489|3813, 489|4003, http://www.sohu.com, 
458|1, 456|72, 456|838, 457|861, 457|1210, 452|1234, 450|1260, 451|1286, 451|1740, 453|1762, 457|1867, 457|2014, 461|2043, 461|2142, 463|2163, 461|2184, 462|2206, 462|2227, 464|2249, 462|2272, 464|2306, 464|2450, 468|2477, 470|2518, 476|2566, 470|2607, 471|2691, 471|2732, 478|2996, 481|3076, 485|3182, 485|3552, 487|3946, 485|3998, 487|4024, http://www.sina.com.cn, 
449|1, 453|68, 453|877, 454|908, 454|1222, 447|1247, 447|1276, 448|1297, 448|1756, 452|1787, 452|1846, 456|1869, 456|2001, 458|2023, 460|2046, 460|2068, 458|2105, 458|2185, 459|2207, 459|2263, 461|2297, 461|2457, 467|2482, 467|2542, 471|2564, 468|2595, 468|2688, 478|3041, 480|3080, 482|3132, 482|3365, 488|3763, 490|3820, 488|4031, http://www.360.cn, 
458|1, 456|73, 456|868, 457|888, 457|1235, 450|1266, 450|1314, 451|1339, 451|1800, 455|1826, 453|1849, 457|1883, 457|2026, 461|2052, 461|2187, 462|2209, 462|2249, 464|2278, 464|2485, 466|2527, 468|2550, 470|2586, 470|2612, 474|2639, 470|2675, 471|2761, 475|2948, 481|3075, 483|3226, 487|3271, 489|3307, 489|4044, http://www.360.cn, 
458|1, 456|68, 456|292, 458|314, 456|338, 456|668, 458|688, 456|720, 456|830, 457|852, 459|882, 457|904, 457|1208, 450|1230, 450|1279, 451|1302, 451|1762, 453|1787, 455|1812, 455|1837, 459|1865, 459|2023, 463|2047, 463|2179, 462|2202, 462|2280, 464|2307, 464|2468, 468|2491, 470|2567, 473|2661, 471|2689, 471|2725, 485|3145, 485|3459, 487|3516, 491|3627, 493|3917, 493|4046, http://www.jd.com, 
452|1, 456|71, 456|361, 458|385, 456|408, 456|839, 457|872, 457|921, 459|944, 457|969, 457|1223, 450|1246, 450|1279, 451|1300, 451|1503, 453|1528, 451|1558, 451|1790, 455|1826, 453|1851, 453|1874, 457|1903, 457|2029, 459|2055, 461|2081, 461|2220, 462|2243, 462|2297, 464|2328, 464|2513, 468|2537, 470|2570, 470|2626, 471|2766, 473|2801, 477|3034, 481|3110, 483|3176, 483|3242, 485|3323, 485|4005, http://www.netflix.com, 
459|1, 456|128, 456|915, 457|936, 457|1288, 450|1313, 450|1335, 451|1358, 451|1618, 453|1641, 451|1671, 451|1807, 453|1833, 453|1887, 457|1908, 457|2050, 461|2072, 461|2213, 462|2239, 462|2265, 464|2293, 464|2476, 468|2512, 470|2546, 470|2573, 471|2695, 471|2753, 483|3155, 485|3215, 485|3242, 487|3266, 485|3293, 485|3483, 489|3522, 485|3551, 485|4021, http://www.live.com, 
458|1, 456|72, 456|839, 457|862, 457|1225, 450|1255, 450|1275, 451|1296, 451|1753, 455|1776, 455|1805, 457|1874, 457|2002, 461|2030, 461|2194, 462|2217, 464|2272, 464|2429, 468|2459, 472|2566, 471|2655, 477|2893, 481|2996, 485|3093, 485|3614, 487|3674, 489|3698, 489|4050, http://www.wikipedia.org, 
458|1, 456|72, 456|244, 458|274, 456|295, 456|894, 457|918, 459|941, 457|965, 457|1295, 450|1318, 450|1345, 451|1365, 451|1817, 453|1867, 453|1916, 457|1936, 457|2075, 461|2101, 461|2236, 462|2264, 462|2319, 464|2350, 464|2488, 470|2547, 470|2575, 478|2623, 473|2847, 479|2949, 479|3011, 483|3122, 483|3167, 485|3201, 483|3232, 487|3259, 485|3350, 485|4075, http://www.facebook.com, 
455|1, 453|61, 453|415, 455|449, 453|470, 453|829, 454|857, 454|1220, 447|1241, 449|1264, 448|1286, 448|1769, 450|1791, 450|1839, 454|1861, 454|2011, 458|2035, 458|2167, 459|2189, 459|2269, 461|2294, 461|2463, 465|2505, 467|2554, 467|2581, 471|2606, 468|2689, 470|2721, 470|2780, 472|2816, 474|3072, 478|3097, 478|3128, 480|3161, 480|3312, 482|3350, 482|3454, 488|3520, 482|3550, 482|4015, http://www.google.com, 
459|1, 456|68, 456|885, 457|908, 457|1011, 459|1037, 457|1062, 457|1221, 450|1282, 450|1349, 451|1370, 451|1807, 453|1829, 455|1853, 453|1881, 453|1903, 457|1925, 457|2070, 461|2094, 461|2280, 462|2303, 464|2330, 464|2526, 468|2554, 470|2583, 470|2718, 471|2748, 471|2796, 475|2822, 475|3010, 479|3058, 483|3263, 485|3322, 489|3449, 489|3699, 491|3722, 489|3765, 489|3902, 491|3931, 489|3955, 489|4005, http://www.baidu.com, 
450|1, 454|70, 454|884, 455|915, 455|1097, 457|1128, 455|1154, 455|1244, 448|1279, 448|1328, 449|1357, 449|1825, 451|1846, 451|1892, 455|1927, 455|2061, 459|2083, 459|2224, 460|2247, 460|2270, 462|2315, 462|2497, 466|2523, 468|2557, 468|2678, 471|2737, 479|3065, 479|3094, 481|3135, 483|3230, 483|3333, 485|3372, 483|3411, 483|3724, 485|3781, 483|3837, 483|3894, 485|3936, 483|3967, 485|4055, http://www.baidu.com, 
457|1, 454|72, 454|850, 455|874, 455|1037, 457|1060, 455|1089, 455|1203, 448|1243, 448|1292, 449|1314, 449|1794, 451|1817, 451|1839, 455|1870, 455|2029, 459|2051, 459|2206, 460|2237, 460|2261, 462|2284, 462|2413, 466|2445, 468|2582, 469|2643, 471|2717, 479|2976, 481|3071, 483|3122, 483|3456, 485|3480, 485|3507, 483|3559, 483|4110, http://www.wikipedia.org, 
457|1, 454|105, 454|887, 455|919, 455|1281, 448|1302, 448|1323, 449|1346, 449|1674, 451|1708, 449|1751, 449|1816, 451|1839, 453|1871, 451|1926, 455|1952, 455|2082, 459|2107, 459|2257, 460|2281, 460|2350, 462|2376, 462|2545, 468|2575, 468|2636, 470|2696, 469|2727, 469|2758, 471|2797, 471|2908, 481|3168, 483|3219, 481|3243, 483|3270, 483|3840, 485|3865, 483|3916, 483|4010, http://www.qq.com, 
457|1, 454|64, 454|675, 456|699, 454|724, 454|873, 455|909, 455|1232, 448|1259, 448|1284, 449|1310, 449|1778, 451|1799, 451|1822, 457|1865, 455|1891, 455|2007, 459|2028, 459|2177, 460|2200, 460|2238, 462|2266, 462|2450, 466|2474, 468|2596, 469|2640, 469|2716, 481|3115, 481|3170, 483|3193, 483|4048, http://www.google.com, 
456|1, 454|85, 454|838, 457|861, 455|885, 455|1195, 448|1228, 448|1282, 449|1303, 449|1741, 451|1763, 449|1785, 451|1806, 451|1855, 455|1881, 455|2022, 457|2043, 459|2069, 459|2181, 460|2206, 460|2269, 462|2305, 462|2524, 466|2544, 468|2568, 468|2636, 472|2658, 474|2685, 469|2771, 479|3071, 481|3147, 481|3210, 483|3242, 483|3321, 485|3351, 483|3392, 483|3531, 485|3557, 483|3584, 483|4008, http://www.taobao.com, 
456|1, 454|58, 454|858, 455|880, 455|1226, 454|1254, 448|1276, 449|1304, 449|1777, 451|1805, 451|1857, 455|1881, 455|2042, 459|2066, 459|2186, 460|2208, 460|2266, 462|2315, 462|2503, 466|2523, 468|2547, 468|2600, 476|2628, 468|2652, 469|2709, 471|2742, 475|2969, 481|3125, 483|3230, 483|3788, 485|3814, 483|3925, 483|4003, http://www.reddit.com, 
456|1, 454|69, 454|313, 456|338, 454|362, 454|853, 457|875, 455|906, 455|1229, 448|1259, 448|1300, 449|1327, 449|1771, 451|1793, 451|1862, 455|1886, 455|2024, 459|2048, 459|2174, 460|2196, 460|2265, 462|2291, 462|2480, 468|2531, 470|2574, 470|2624, 473|2874, 479|3017, 481|3094, 483|3138, 483|4122, http://www.linkedin.com, 
450|1, 454|67, 454|860, 455|882, 457|915, 455|936, 455|1239, 448|1261, 448|1306, 449|1330, 449|1470, 451|1494, 449|1518, 449|1772, 451|1795, 451|1873, 455|1898, 455|2043, 461|2068, 459|2115, 459|2189, 460|2212, 460|2306, 462|2347, 462|2482, 466|2516, 468|2545, 472|2580, 468|2614, 469|2668, 469|2699, 471|2833, 479|3091, 483|3177, 483|3323, 485|3775, 487|4002, http://www.sina.com.cn, 
457|1, 454|92, 454|868, 455|890, 455|1259, 448|1279, 448|1299, 449|1321, 449|1727, 451|1751, 449|1774, 451|1805, 453|1828, 451|1854, 451|1883, 455|1904, 455|2041, 459|2070, 459|2224, 460|2252, 460|2277, 462|2300, 462|2491, 464|2514, 466|2538, 468|2590, 471|2731, 473|2885, 479|3065, 479|3100, 481|3141, 481|3173, 483|3211, 483|3245, 485|3267, 483|3293, 483|4022, http://www.live.com, 
450|1, 454|70, 454|859, 455|884, 455|1224, 450|1261, 448|1282, 448|1309, 449|1332, 449|1771, 451|1794, 453|1820, 453|1842, 455|1871, 455|2032, 459|2066, 459|2227, 460|2256, 460|2285, 462|2309, 462|2462, 468|2500, 468|2556, 469|2647, 469|2690, 471|2719, 471|2758, 483|3130, 483|3523, 485|3547, 483|3572, 483|3770, 485|3794, 483|3814, 483|4016, http://www.vk.com, 
456|1, 454|64, 454|812, 455|838, 455|1180, 448|1202, 448|1249, 449|1275, 449|1753, 451|1777, 451|1803, 453|1830, 455|1855, 455|2002, 459|2025, 459|2159, 460|2181, 460|2275, 462|2305, 462|2461, 466|2490, 468|2518, 470|2544, 475|2637, 469|2670, 469|2718, 479|2955, 477|2999, 481|3045, 481|3132, 483|3156, 483|3492, 485|3515, 485|3552, 483|3584, 483|4003, http://www.live.com, 
456|1, 454|69, 454|873, 455|897, 455|1250, 448|1280, 448|1302, 449|1325, 449|1788, 451|1809, 451|1877, 455|1899, 455|2033, 459|2052, 459|2216, 460|2237, 460|2303, 462|2331, 462|2480, 468|2513, 468|2643, 471|2734, 471|2867, 481|3076, 481|3138, 483|3168, 483|3272, 485|3484, 483|3512, 483|4068, http://www.linkedin.com, 
457|1, 454|69, 454|305, 456|326, 454|355, 454|890, 455|916, 455|1263, 448|1287, 448|1332, 449|1360, 449|1796, 451|1819, 451|1868, 455|1907, 455|1969, 457|1990, 455|2013, 455|2061, 459|2087, 459|2211, 460|2233, 460|2317, 462|2343, 462|2524, 466|2555, 468|2605, 472|2633, 474|2668, 471|2833, 479|3091, 479|3222, 483|3336, 483|3453, 485|3482, 483|3571, 483|4256, http://www.reddit.com, 
450|1, 454|74, 454|113, 456|136, 454|160, 454|865, 455|889, 455|1235, 456|1264, 448|1288, 449|1309, 449|1790, 451|1833, 451|1857, 455|1883, 455|2025, 459|2048, 459|2178, 460|2199, 460|2226, 462|2251, 460|2279, 462|2308, 462|2438, 464|2462, 468|2494, 470|2539, 468|2600, 468|2626, 469|2650, 471|2749, 471|2786, 473|2810, 483|3096, 483|3259, 485|3439, 489|3990, 489|4019, http://www.360.cn, 
450|1, 454|88, 454|844, 455|865, 455|1166, 457|1188, 455|1215, 455|1250, 448|1272, 448|1294, 449|1316, 449|1762, 451|1784, 453|1808, 453|1859, 455|1888, 455|2021, 457|2042, 459|2069, 459|2203, 460|2226, 462|2253, 460|2280, 462|2304, 462|2481, 466|2509, 468|2537, 474|2587, 469|2680, 471|2731, 479|3041, 483|3177, 489|4327, http://www.baidu.com, 
457|1, 454|90, 454|888, 455|915, 455|1271, 448|1298, 448|1320, 449|1341, 449|1809, 451|1833, 451|1855, 455|1893, 455|2071, 459|2099, 459|2224, 460|2247, 460|2292, 462|2320, 462|2503, 466|2530, 468|2576, 468|2602, 478|2636, 474|2662, 469|2719, 471|2792, 473|2936, 479|3036, 481|3108, 483|3161, 483|3323, 485|3377, 483|3429, 483|4119, http://www.wikipedia.org, 
457|1, 454|120, 454|929, 455|956, 455|1161, 457|1183, 455|1207, 455|1282, 448|1325, 449|1345, 449|1698, 451|1724, 449|1751, 449|1800, 451|1826, 453|1849, 453|1917, 457|1940, 457|2069, 459|2092, 461|2114, 461|2229, 460|2261, 460|2336, 462|2364, 462|2545, 468|2572, 468|2699, 469|2742, 479|3092, 483|3167, 483|3242, 485|3263, 483|3294, 483|3508, 491|3741, 491|3938, 496|3978, 494|4036, http://www.jd.com, 
456|1, 454|74, 454|848, 455|877, 455|1184, 457|1215, 448|1240, 448|1262, 449|1284, 449|1753, 451|1779, 451|1822, 455|1850, 455|1980, 459|2001, 459|2155, 460|2177, 462|2203, 462|2396, 466|2419, 468|2443, 468|2477, 469|2595, 473|2801, 481|3018, 483|3072, 483|3196, 484|3290, 483|3356, 483|4020, http://www.google.com, 
456|1, 454|87, 454|829, 455|850, 455|1201, 448|1227, 448|1269, 449|1290, 449|1732, 451|1770, 453|1796, 451|1824, 451|1853, 455|1878, 455|2012, 459|2037, 459|2188, 460|2217, 462|2243, 462|2464, 468|2525, 468|2579, 469|2657, 469|2682, 471|2748, 471|2840, 475|2931, 481|3142, 483|3203, 483|3496, 485|3523, 483|3554, 483|4018, http://www.netflix.com, 
456|1, 454|71, 454|861, 455|884, 455|990, 457|1012, 455|1035, 455|1220, 454|1242, 448|1267, 448|1318, 449|1341, 449|1799, 451|1824, 451|1870, 455|1907, 455|2036, 459|2058, 459|2109, 461|2137, 459|2160, 459|2209, 460|2231, 460|2302, 462|2329, 462|2516, 466|2540, 468|2564, 472|2616, 474|2669, 473|2905, 477|3001, 481|3174, 481|3229, 483|3252, 483|3867, 485|3888, 483|3909, 483|4007, http://www.netflix.com, 
450|1, 454|71, 454|834, 456|857, 455|881, 455|1234, 448|1268, 448|1292, 449|1320, 449|1782, 451|1804, 451|1874, 455|1900, 455|2018, 457|2040, 459|2062, 459|2202, 460|2224, 460|2297, 462|2325, 462|2518, 468|2562, 468|2606, 470|2634, 469|2661, 471|2694, 469|2720, 469|2810, 477|2982, 479|3071, 481|3116, 483|3144, 483|3523, 485|3545, 483|3573, 483|4079, http://www.wikipedia.org, 
452|1, 454|123, 454|531, 456|554, 454|583, 454|851, 455|874, 455|1234, 448|1260, 448|1303, 449|1324, 449|1744, 451|1767, 451|1844, 455|1870, 455|2012, 457|2041, 459|2063, 459|2193, 460|2215, 462|2234, 460|2257, 462|2284, 462|2499, 466|2523, 468|2553, 468|2581, 470|2603, 475|2646, 469|2681, 469|2709, 471|2732, 471|2837, 473|2964, 481|3148, 481|3173, 483|3201, 483|3228, 485|3255, 485|3283, 483|3311, 485|3534, 485|3603, 488|3817, 488|3869, 490|3899, 486|3942, 486|4074, http://www.jd.com, 
456|1, 454|66, 454|861, 455|884, 455|1255, 448|1285, 449|1306, 449|1755, 451|1776, 451|1849, 455|1877, 455|2021, 459|2044, 459|2170, 460|2190, 460|2267, 462|2293, 462|2494, 466|2519, 468|2545, 470|2602, 471|2679, 469|2717, 475|2989, 481|3140, 483|3189, 483|3401, 485|3438, 485|3471, 483|3494, 483|3687, 485|3712, 483|3739, 483|4001, http://www.netflix.com, 
456|1, 454|65, 454|93, 456|128, 454|150, 454|853, 455|878, 455|1215, 448|1237, 448|1286, 449|1308, 449|1796, 451|1819, 451|1847, 457|1875, 455|1899, 455|2029, 459|2049, 459|2199, 460|2222, 460|2267, 462|2303, 462|2424, 464|2451, 462|2473, 462|2514, 468|2556, 468|2598, 472|2635, 469|2663, 469|2741, 471|2777, 475|2994, 481|3149, 481|3222, 483|3242, 483|4010, http://www.netflix.com, 
456|1, 454|60, 454|853, 455|877, 455|1220, 448|1247, 448|1270, 449|1292, 449|1738, 451|1762, 453|1792, 451|1823, 451|1848, 455|1871, 455|2019, 457|2046, 459|2069, 459|2195, 460|2216, 460|2263, 462|2293, 462|2505, 466|2534, 474|2612, 469|2674, 469|2706, 477|2984, 485|3128, 483|3152, 483|4056, http://www.reddit.com, 
450|1, 454|97, 454|343, 456|367, 454|392, 454|785, 456|809, 454|834, 454|858, 455|887, 455|1231, 448|1255, 448|1289, 449|1309, 449|1762, 451|1787, 451|1868, 455|1892, 455|2014, 457|2036, 459|2059, 459|2202, 460|2223, 460|2243, 462|2268, 462|2454, 466|2481, 466|2509, 468|2546, 468|2591, 469|2706, 471|2737, 473|2787, 473|2930, 479|3009, 481|3066, 481|3151, 483|3188, 483|3291, 485|3381, 483|3476, 483|3596, 485|3624, 483|3648, 483|3931, 485|3971, 483|4146, http://www.amazon.com, 
456|1, 454|79, 454|616, 456|638, 454|665, 454|894, 455|918, 455|1272, 448|1294, 448|1336, 449|1359, 449|1795, 451|1820, 453|1855, 451|1879, 453|1909, 455|1931, 455|2063, 459|2085, 459|2232, 460|2260, 460|2315, 462|2340, 464|2362, 462|2384, 464|2406, 462|2428, 462|2518, 466|2543, 468|2592, 468|2669, 469|2719, 471|2879, 481|3183, 483|3208, 483|4013, http://www.tmall.com, 
456|1, 454|71, 454|113, 456|134, 454|156, 454|501, 456|526, 454|550, 454|686, 456|709, 454|739, 454|884, 455|908, 455|1220, 457|1250, 448|1278, 449|1299, 449|1787, 451|1811, 453|1832, 455|1880, 455|2014, 459|2036, 459|2085, 460|2109, 459|2156, 459|2184, 460|2206, 460|2230, 462|2253, 462|2451, 466|2475, 468|2511, 468|2587, 469|2608, 469|2682, 471|2712, 471|2846, 473|2909, 479|3134, 481|3167, 481|3210, 485|3253, 483|3288, 485|3342, 485|3430, 483|3473, 495|3509, 483|3537, 483|3590, 485|3618, 485|3672, 483|3713, 483|4040, http://www.google.com, 
450|1, 454|71, 454|733, 456|757, 454|786, 454|836, 455|858, 455|1200, 448|1222, 448|1274, 449|1297, 449|1731, 451|1752, 453|1775, 453|1825, 457|1851, 457|1919, 455|1944, 455|1990, 457|2011, 459|2032, 459|2155, 460|2176, 460|2245, 462|2274, 462|2406, 464|2433, 464|2468, 466|2492, 468|2538, 469|2657, 471|2695, 475|2735, 473|2819, 479|3035, 479|3073, 481|3107, 481|3160, 483|3182, 483|4004, http://www.tmall.com, 
456|1, 454|62, 454|804, 455|840, 455|1206, 448|1229, 449|1253, 449|1386, 451|1407, 449|1429, 449|1721, 451|1742, 451|1803, 455|1840, 455|1967, 457|1990, 459|2011, 459|2130, 460|2151, 460|2209, 462|2239, 462|2423, 466|2450, 468|2483, 470|2540, 468|2600, 468|2635, 471|2728, 475|2875, 479|3063, 483|3212, 483|3255, 485|3313, 483|3381, 483|3926, 485|3951, 483|3973, 483|4020, http://www.google.com, 
456|1, 454|67, 454|420, 456|442, 454|473, 454|857, 455|879, 455|953, 457|975, 455|1006, 455|1245, 448|1268, 448|1296, 449|1316, 449|1792, 451|1820, 451|1869, 455|1890, 455|2023, 459|2047, 459|2182, 460|2204, 460|2251, 462|2276, 460|2301, 462|2335, 462|2508, 468|2549, 468|2581, 472|2610, 468|2633, 468|2699, 471|2795, 473|2896, 475|2964, 479|3140, 481|3192, 485|3235, 485|3262, 483|3289, 483|4029, http://www.google.com, 
450|1, 454|67, 454|877, 455|910, 455|1229, 448|1252, 448|1298, 449|1321, 449|1785, 451|1816, 451|1858, 455|1881, 455|2019, 457|2042, 459|2065, 459|2185, 460|2205, 460|2284, 462|2312, 462|2441, 466|2468, 468|2505, 474|2576, 471|2621, 469|2659, 473|2834, 475|3069, 481|3160, 481|3216, 483|3245, 483|4005, http://www.facebook.com, 
457|1, 454|87, 454|891, 455|912, 455|1271, 448|1298, 448|1324, 449|1345, 449|1827, 451|1858, 451|1882, 455|1919, 455|2068, 459|2090, 459|2203, 460|2225, 460|2312, 462|2333, 462|2548, 466|2571, 468|2599, 468|2669, 474|2691, 469|2736, 469|2796, 471|2824, 475|3010, 481|3273, 483|3358, 483|4129, http://www.facebook.com, 
454|1, 454|494, 456|524, 454|548, 454|844, 455|866, 455|894, 457|915, 455|941, 455|1202, 448|1226, 448|1274, 449|1296, 449|1605, 451|1629, 449|1663, 449|1762, 451|1786, 453|1814, 453|1843, 457|1869, 455|1897, 455|2009, 459|2032, 459|2174, 460|2195, 460|2262, 462|2300, 462|2446, 466|2475, 468|2500, 468|2612, 471|2713, 471|2799, 473|2831, 475|2869, 475|3005, 477|3036, 477|3107, 481|3187, 483|3234, 483|3289, 485|3314, 483|3355, 483|4064, http://www.reddit.com, 
457|1, 454|74, 454|871, 455|895, 455|992, 457|1014, 455|1046, 457|1068, 455|1090, 455|1218, 450|1251, 448|1279, 448|1321, 449|1343, 449|1781, 451|1803, 453|1831, 451|1863, 451|1888, 455|1917, 455|2057, 459|2080, 459|2214, 460|2234, 460|2311, 462|2336, 462|2490, 464|2511, 466|2536, 468|2564, 472|2633, 469|2677, 469|2711, 471|2740, 471|2820, 473|2983, 483|3154, 483|3500, 485|3525, 483|3550, 485|4014, http://www.imgur.com, 
456|1, 454|78, 454|97, 456|121, 454|178, 454|520, 456|558, 454|586, 454|668, 456|690, 454|717, 454|852, 455|873, 455|1231, 448|1257, 448|1301, 449|1321, 449|1658, 451|1685, 449|1709, 451|1731, 449|1757, 449|1801, 451|1830, 451|1853, 455|1899, 455|2037, 459|2067, 459|2181, 460|2203, 460|2280, 462|2308, 462|2451, 466|2475, 468|2541, 469|2642, 469|2683, 475|2892, 479|3070, 481|3119, 483|3160, 483|4041, http://www.imgur.com, 
459|1, 454|77, 454|875, 455|907, 455|1124, 457|1149, 455|1170, 455|1241, 448|1262, 448|1304, 449|1331, 449|1778, 451|1804, 453|1826, 451|1851, 451|1878, 455|1903, 455|2036, 459|2061, 459|2208, 460|2229, 460|2268, 462|2292, 460|2320, 462|2348, 462|2517, 468|2610, 472|2647, 469|2711, 477|3035, 479|3096, 479|3179, 481|3204, 481|3249, 483|3278, 483|3589, 485|3623, 483|3651, 483|4112, http://www.imgur.com, 
