3148|1, 3148|275, 3155|308, 3155|400, 3156|429, 3156|501, 3157|530, 3158|556, 3160|581, 3162|621, 3174|803, 3179|834, 3204|1070, 3204|1103, 3205|1125, 3210|1158, 3219|1192, 3224|1230, 3227|1250, 3230|1268, 3242|1288, 3247|1310, 3250|1333, 3256|1361, 3264|1383, 3265|1415, 3266|1436, 3266|1457, 3272|1481, 3280|1509, 3282|1551, 3283|1574, 3283|1621, 3286|1645, 3294|1674, 3320|1753, 3321|1821, 3321|1843, 3325|1866, 3345|1908, 3347|1937, 3369|1972, 3380|2039, 3380|2092, 3381|2156, 3386|2187, 3387|2215, 3396|2244, 3408|2281, 3416|2311, 3420|2343, 3420|2384, 3422|2430, 3422|2517, 3423|2540, 3451|2584, 3460|2615, 3467|2648, 3477|2688, 3478|2718, 3494|2747, 3501|2791, 3511|2817, 3511|2839, 3512|2862, 3512|2941, 3513|2967, 3514|2992, 3516|3018, 3516|3042, 3522|3066, 3522|3089, 3523|3109, 3527|3133, 3534|3158, 3534|3178, 3538|3198, 3541|3226, 3541|3263, 3545|3286, 3549|3314, 3549|3353, 3552|3372, 3552|4024, http://www.linkedin.com, 
3667|1, 3667|619, 3668|647, 3668|758, 3672|784, 3672|2285, 3673|2310, 3674|2362, 3675|2400, 3694|2727, 3699|2801, 3699|2825, 3700|2861, 3700|3018, 3702|3059, 3702|3088, 3710|3118, 3710|3141, 3716|3179, 3719|3209, 3719|3535, 3726|3563, 3726|4077, http://www.linkedin.com, 
3880|1, 3880|1678, 3881|1706, 3881|2475, 3887|2670, 3907|2904, 3907|2951, 3908|3006, 3908|3196, 3910|3222, 3910|3267, 3912|3312, 3926|3337, 3926|3399, 3927|3422, 3933|3448, 3935|3473, 3935|3499, 3936|3560, 3936|3603, 3940|3630, 3953|3734, 3969|3764, 3971|3787, 3992|3809, 4065|4000, 4107|4059, http://www.yahoo.com, 
4698|1, 4698|80, 4700|120, 4700|1153, 4701|1178, 4701|2024, 4703|2053, 4708|2088, 4728|2496, 4730|2578, 4730|2612, 4732|2761, 4733|2790, 4733|2934, 4735|2983, 4735|3073, 4739|3097, 4743|3136, 4743|3164, 4745|3189, 4748|3215, 4748|3348, 4749|3372, 4750|3397, 4750|3500, 4755|3570, 4759|3634, 4777|3698, 4794|3726, 4811|3754, 4849|3838, 4850|4012, http://www.live.com, 
4903|1, 4903|1846, 4904|1873, 4904|2460, 4909|2623, 4915|2753, 4927|3006, 4927|3030, 4928|3064, 4928|3445, 4931|3495, 4931|3760, 4932|3783, 4934|3805, 4934|3918, 4935|3942, 4935|4008, http://www.360.cn, 
5057|1, 5057|220, 5058|248, 5058|1137, 5059|1161, 5059|2576, 5060|2824, 5114|3047, 5114|3223, 5147|3446, 5184|3525, 5187|3555, 5187|4060, http://www.facebook.com, 
5245|1, 5245|1664, 5246|1695, 5246|2443, 5248|2522, 5253|2574, 5258|2756, 5264|2912, 5273|3008, 5274|3049, 5274|3109, 5311|3305, 5311|3341, 5312|3502, 5312|3712, 5316|3741, 5322|3767, 5322|3797, 5334|3872, 5334|3897, 5336|3923, 5336|3965, 5341|3991, 5341|4013, http://www.qq.com, 
5727|1, 5727|1632, 5728|1669, 5728|2519, 5743|2763, 5753|3006, 5753|3558, 5754|3851, 5754|3915, 5755|3948, 5761|3983, 5763|4022, http://www.qq.com, 
5994|1, 5994|1626, 5995|1647, 5995|2494, 5996|2521, 6016|2819, 6021|2860, 6021|2888, 6022|2940, 6022|3081, 6026|3235, 6026|3264, 6040|3288, 6043|3344, 6046|3365, 6049|3390, 6049|3424, 6050|3448, 6050|3536, 6056|3559, 6066|3645, 6069|3678, 6183|3928, 6262|4225, http://www.yahoo.com, 
6389|1, 6389|571, 6390|593, 6390|1219, 6391|1243, 6391|2029, 6392|2136, 6397|2167, 6410|2400, 6415|2473, 6416|2509, 6416|2631, 6419|2730, 6419|2782, 6421|2804, 6421|2844, 6423|2865, 6424|2902, 6424|2923, 6425|2962, 6425|3010, 6427|3037, 6427|3084, 6428|3107, 6429|3146, 6429|3211, 6431|3246, 6431|3293, 6441|3315, 6441|3361, 6443|3383, 6445|3404, 6448|3426, 6451|3454, 6466|3561, 6490|3651, 6603|3886, 6649|3940, 6701|3972, 6701|4024, http://www.vk.com, 
6789|1, 6789|1266, 6790|1319, 6790|1397, 6792|1428, 6795|1454, 6795|1480, 6796|1504, 6796|1527, 6797|1549, 6797|1634, 6798|1664, 6799|1685, 6799|1731, 6800|1761, 6800|1805, 6804|1839, 6804|1890, 6805|1916, 6805|1958, 6806|1988, 6806|2273, 6807|2313, 6807|2697, 6808|2788, 6822|3011, 6834|3194, 6834|3226, 6836|3298, 6847|3458, 6851|3487, 6851|3509, 6854|3540, 6857|3569, 6857|3941, 6862|3974, 6964|4096, http://www.instagram.com, 
7347|1, 7347|2011, 7348|2033, 7348|2432, 7354|2532, 7361|2663, 7364|2824, 7368|2861, 7373|2888, 7373|2919, 7374|2942, 7374|3001, 7396|3091, 7396|3522, 7397|3547, 7403|3595, 7405|3630, 7408|3654, 7414|3682, 7414|3705, 7416|3731, 7416|3767, 7421|3790, 7421|3817, 7422|3841, 7425|3868, 7426|3896, 7426|4018, http://www.jd.com, 
7896|1, 7896|1658, 7897|1690, 7897|2406, 7898|2433, 7900|2492, 7901|2608, 7918|2822, 7924|2870, 7925|2939, 7925|3022, 7928|3146, 7928|3173, 7930|3234, 7930|3262, 7933|3287, 7933|3451, 7935|3480, 7935|3514, 7937|3537, 7937|3666, 7938|3689, 7938|3731, 7941|3752, 7941|3827, 7943|3848, 7946|3869, 7946|3942, 7947|3976, 7947|4021, http://www.taobao.com, 
8205|1, 8205|673, 8206|700, 8206|1677, 8207|1712, 8207|2504, 8208|2599, 8212|2653, 8213|2747, 8232|3019, 8233|3101, 8233|3419, 8235|3463, 8236|3487, 8236|3606, 8237|3631, 8237|3726, 8239|3749, 8239|4007, http://www.baidu.com, 
8599|1, 8599|1681, 8600|1706, 8600|2493, 8601|2529, 8602|2608, 8605|2661, 8614|2813, 8621|2992, 8621|3044, 8622|3172, 8623|3276, 8625|3303, 8625|3328, 8631|3354, 8634|3378, 8634|3411, 8636|3487, 8636|3560, 8637|3582, 8641|4012, http://www.netflix.com, 
8912|1, 8912|109, 8914|129, 8914|1036, 8917|1058, 8918|1084, 8918|1733, 8921|1777, 8921|2551, 8929|2717, 8941|2968, 8941|2997, 8942|3026, 8942|3054, 8944|3178, 8944|3246, 8946|3267, 8946|3312, 8948|3358, 8948|3384, 8949|3423, 8949|4011, http://www.tmall.com, 
9158|1, 9158|1155, 9159|1175, 9159|1284, 9160|1307, 9160|1889, 9161|1918, 9161|1968, 9163|1995, 9163|2019, 9164|2045, 9164|2264, 9165|2338, 9165|2400, 9166|2439, 9175|2645, 9177|2776, 9184|2840, 9188|2903, 9189|2924, 9189|3238, 9191|3262, 9191|3454, 9192|3481, 9192|3504, 9194|3560, 9194|3859, 9204|3878, 9206|4014, http://www.baidu.com, 
9461|1, 9461|1637, 9462|1667, 9462|2498, 9463|2529, 9468|2576, 9468|2624, 9471|2653, 9477|2805, 9487|2895, 9487|2921, 9488|2943, 9488|3166, 9491|3219, 9492|3265, 9493|3291, 9495|3321, 9496|3351, 9499|3385, 9500|3421, 9501|3445, 9503|3467, 9504|3489, 9506|3517, 9507|3560, 9509|3587, 9516|3655, 9530|3717, 9564|3789, 9618|3819, 9650|3844, 9733|3945, 9770|4312, http://www.imgur.com, 
9884|1, 9884|1675, 9885|1708, 9885|2423, 9889|2476, 9890|2512, 9902|2761, 9909|2920, 9914|2965, 9914|2993, 9915|3015, 9915|3040, 9946|3124, 10002|3159, 10083|3559, 10083|3601, 10098|3691, 10098|3728, 10099|3760, 10104|3782, 10104|3808, 10106|3838, 10110|3860, 10114|3886, 10114|3910, 10116|3931, 10121|4076, http://www.sina.com.cn, 
11460|1, 11460|666, 11461|690, 11461|838, 11462|858, 11462|1638, 11463|1660, 11463|2355, 11464|2466, 11477|2682, 11483|2821, 11489|2865, 11489|2945, 11490|2989, 11490|3104, 11492|3175, 11492|3271, 11493|3297, 11494|3345, 11495|3379, 11495|3457, 11497|3493, 11497|3600, 11507|3626, 11507|3762, 11508|3784, 11509|3812, 11515|4007, http://www.live.com, 
11670|1, 11670|1701, 11671|1721, 11671|2436, 11672|2606, 11686|2828, 11692|2942, 11692|3079, 11693|3233, 11693|3454, 11695|3559, 11695|3798, 11698|3845, 11698|3923, 11699|3968, 11699|4003, http://www.sina.com.cn, 
11912|1, 11912|1732, 11913|1769, 11913|2426, 11914|2492, 11915|2534, 11919|2570, 11933|2844, 11938|2898, 11940|2932, 11940|3101, 11942|3125, 11942|3203, 11944|3247, 11954|3291, 11955|3321, 11956|3342, 11956|3406, 11957|3425, 11957|3616, 11964|3638, 11975|3750, 11980|3780, 11985|3804, 12006|3918, 12037|3958, 12038|3996, 12038|4062, http://www.amazon.com, 
12807|1, 12807|1090, 12808|1123, 12808|1629, 12809|1662, 12809|2377, 12810|2456, 12811|2486, 12812|2511, 12815|2549, 12815|2586, 12824|2763, 12835|2886, 12836|2960, 12836|3098, 12842|3268, 12848|3309, 12850|3354, 12853|3379, 12853|3421, 12854|3445, 12854|3568, 12869|3668, 12871|3703, 12979|3777, 13351|4106, http://www.reddit.com, 
13398|1, 13398|2583, 13414|2875, 13418|2940, 13425|3123, 13425|3386, 13429|3722, 13430|3797, 13432|3862, 13432|3955, 13436|3980, 13436|4008, http://www.360.cn, 
14204|1, 14206|49, 14206|1773, 14207|1796, 14207|2533, 14209|2679, 14210|2716, 14211|2753, 14215|2783, 14218|2814, 14223|2880, 14225|2933, 14234|3016, 14235|3164, 14235|3410, 14237|3428, 14237|3714, 14238|3739, 14238|3783, 14240|3829, 14240|3853, 14241|3877, 14243|3901, 14243|4001, http://www.taobao.com, 
14294|1, 14294|2503, 14295|2551, 14307|2752, 14319|2904, 14320|2990, 14320|3221, 14322|3247, 14330|3287, 14332|3316, 14334|3356, 14334|3377, 14338|3401, 14338|3771, 14343|3803, 14344|3878, 14345|3909, 14349|3940, 14352|4014, http://www.instagram.com, 
14482|1, 14482|2434, 14484|2516, 14498|2829, 14499|2858, 14503|2933, 14508|2998, 14509|3023, 14509|3400, 14511|3422, 14511|3446, 14512|3469, 14512|3556, 14513|3598, 14513|3721, 14515|3749, 14515|4017, http://www.baidu.com, 
14751|1, 14751|1653, 14752|1685, 14752|2489, 14753|2522, 14757|2575, 14763|2696, 14774|2840, 14777|2883, 14777|3457, 14779|3493, 14780|3545, 14780|3828, 14781|3861, 14782|3886, 14782|4014, http://www.sohu.com, 
16071|1, 16071|2463, 16074|2547, 16080|2686, 16087|2782, 16098|2925, 16098|2959, 16099|2998, 16099|3106, 16101|3251, 16109|3291, 16113|3335, 16115|3359, 16119|3386, 16119|3752, 16124|3774, 16125|3862, 16129|3892, 16132|4071, http://www.instagram.com, 
16260|1, 16260|2571, 16279|2969, 16285|3070, 16285|3331, 16287|3452, 16287|3475, 16289|3497, 16289|3549, 16292|3571, 16292|3663, 16294|3691, 16294|3741, 16296|3793, 16296|3859, 16298|3897, 16298|3921, 16303|3942, 16308|3981, 16310|4020, http://www.vk.com, 
16407|1, 16407|942, 16408|965, 16408|1760, 16409|1785, 16409|2579, 16411|2616, 16412|2644, 16424|2876, 16427|2961, 16436|3075, 16437|3158, 16437|3291, 16441|3466, 16456|3523, 16456|3562, 16462|3603, 16465|3634, 16466|3662, 16466|3759, 16472|3792, 16484|3876, 16532|4104, http://www.yahoo.com, 
16765|1, 16765|1794, 16766|1825, 16766|2567, 16767|2720, 16774|2856, 16782|2952, 16786|3085, 16793|3199, 16793|3401, 16795|3504, 16795|3693, 16797|3718, 16797|3765, 16799|3797, 16799|3855, 16801|3922, 16803|4031, http://www.vk.com, 
16910|1, 16910|1765, 16911|1790, 16911|2648, 16912|2735, 16920|2837, 16927|3003, 16932|3077, 16933|3145, 16933|3294, 16945|3450, 16948|3489, 16948|3520, 16949|3557, 16964|4140, http://www.reddit.com, 
17003|1, 17003|1813, 17004|1844, 17004|2574, 17005|2648, 17011|2808, 17017|2859, 17028|3052, 17029|3080, 17029|3106, 17030|3144, 17030|3262, 17042|3505, 17044|3531, 17044|3554, 17045|3576, 17045|3731, 17055|3757, 17062|3786, 17108|4288, http://www.amazon.com, 
17289|1, 17289|1736, 17290|1765, 17290|2471, 17291|2619, 17296|2657, 17296|2697, 17306|2882, 17311|2964, 17316|3018, 17317|3086, 17317|3265, 17415|3668, 17415|3834, 17419|3888, 17421|3985, 17430|4103, http://www.sina.com.cn, 
17730|1, 17730|1956, 17731|1985, 17731|2007, 17732|2031, 17733|2063, 17733|2562, 17748|2927, 17761|3127, 17761|3557, 17762|3581, 17772|4031, http://www.360.cn, 
18267|1, 18267|678, 18268|705, 18268|2201, 18269|2229, 18280|2382, 18291|2594, 18292|2692, 18292|2836, 18294|2975, 18296|2999, 18296|3022, 18297|3054, 18298|3095, 18298|3143, 18300|3192, 18300|3239, 18302|3264, 18303|3322, 18303|3379, 18305|3417, 18305|3443, 18311|3466, 18315|3513, 18315|3537, 18319|3562, 18321|3588, 18324|3630, 18325|3682, 18326|3775, 18328|3839, 18336|3888, 18342|4166, http://www.vk.com, 
18417|1, 18417|1736, 18418|1761, 18418|2677, 18428|2975, 18438|3094, 18438|3156, 18439|3193, 18439|3348, 18441|3407, 18441|3483, 18443|3516, 18458|3605, 18458|3657, 18465|3685, 18467|3713, 18467|3760, 18468|3784, 18470|3824, 18478|3884, 18675|4397, http://www.yahoo.com, 
18792|1, 18792|1190, 18794|1221, 18794|1271, 18795|1300, 18795|2061, 18805|2421, 18806|2483, 18808|2515, 18815|2548, 18815|2669, 18816|2708, 18816|2838, 18818|2919, 18818|3054, 18823|3170, 18823|4017, http://www.tmall.com, 
18917|1, 18917|1765, 18918|1791, 18918|2667, 18938|3036, 18944|3153, 18944|3193, 18974|3243, 18981|3312, 18981|3604, 18982|3756, 18982|3787, 18984|3990, 18990|4054, http://www.qq.com, 
19074|1, 19074|1784, 19075|1808, 19075|2681, 19076|2734, 19080|2765, 19080|2816, 19090|3031, 19100|3219, 19100|3293, 19122|3495, 19122|3705, 19124|3816, 19164|3871, 19167|3942, 19169|4094, http://www.jd.com, 
19352|1, 19352|1753, 19353|1779, 19353|2515, 19364|2826, 19369|2871, 19373|3095, 19375|3122, 19380|3190, 19380|3218, 19381|3259, 19381|3475, 19383|3511, 19383|3579, 19384|3604, 19395|3647, 19395|3715, 19397|3766, 19397|3832, 19398|3863, 19398|3928, 19409|3956, 19420|4195, http://www.amazon.com, 
19671|1, 19671|1782, 19672|1826, 19672|2598, 19673|2668, 19678|2698, 19685|2851, 19687|2999, 19687|3099, 19691|3144, 19696|3173, 19696|3203, 19697|3292, 19697|3348, 19699|3375, 19699|3399, 19701|3421, 19707|3447, 19707|3471, 19710|3494, 19715|3518, 19716|3549, 19716|3793, 19724|3819, 19725|3927, 19730|3956, 19731|3983, 19736|4009, http://www.linkedin.com, 
19895|1, 19895|1807, 19896|1844, 19896|2681, 19901|2785, 19902|2843, 19909|3045, 19913|3080, 19919|3167, 19921|3220, 19921|3545, 19922|3632, 19924|4004, http://www.sohu.com, 
20221|1, 20221|2649, 20233|2851, 20233|2884, 20244|3049, 20244|3095, 20245|3130, 20245|3382, 20247|3459, 20256|3510, 20262|3549, 20265|3574, 20265|3870, 20272|3896, 20272|4029, http://www.linkedin.com, 
20427|1, 20427|2635, 20428|2764, 20430|2800, 20454|3242, 20454|3478, 20470|3632, 20473|3665, 20474|3692, 20474|3779, 20477|3835, 20484|3932, 20487|4147, http://www.instagram.com, 
20617|1, 20617|1822, 20618|1849, 20618|2581, 20631|2890, 20643|3096, 20643|3319, 20646|3351, 20652|3542, 20654|3582, 20656|3633, 20659|3670, 20660|3699, 20668|3783, 20675|3858, 20683|4124, http://www.imgur.com, 
20763|1, 20763|1869, 20764|1890, 20764|2571, 20778|2890, 20794|3164, 20795|3211, 20795|3260, 20797|3314, 20797|3455, 20798|3486, 20798|3533, 20800|3557, 20800|3605, 20802|3643, 20802|3720, 20804|3760, 20806|3840, 20809|4010, http://www.taobao.com, 
20885|1, 20885|132, 20886|155, 20886|181, 20887|203, 20892|233, 20892|272, 20893|300, 20897|332, 20897|647, 20898|672, 20903|711, 20904|740, 20904|782, 20905|806, 20906|832, 20906|1019, 20907|1044, 20907|1072, 20912|1123, 20913|1177, 20913|1211, 20914|1234, 20915|1260, 20915|1712, 20916|1736, 20916|2508, 20917|2543, 20917|2579, 20918|2619, 20919|2768, 20926|2904, 20930|2976, 20933|3059, 20937|3106, 20942|3191, 20943|3224, 20943|3315, 20980|3613, 20980|3643, 20981|3728, 20986|4121, http://www.qq.com, 
21059|1, 21059|2174, 21060|2197, 21060|2692, 21066|2807, 21075|3090, 21084|3140, 21084|3176, 21085|3209, 21085|3288, 21086|3342, 21086|4008, http://www.sina.com.cn, 
21355|1, 21355|1758, 21356|1794, 21356|2579, 21357|2613, 21357|2689, 21358|2724, 21362|2782, 21380|3099, 21380|3154, 21381|3183, 21381|3367, 21385|3540, 21385|3567, 21386|3602, 21386|3683, 21387|3725, 21388|3757, 21388|3819, 21396|3876, 21396|3964, 21398|3998, 21398|4023, http://www.live.com, 
21459|1, 21459|2603, 21461|2687, 21481|3029, 21486|3110, 21487|3144, 21487|3302, 21488|3359, 21489|3405, 21489|3481, 21491|3511, 21491|3670, 21493|3716, 21493|3785, 21498|3824, 21501|3862, 21501|3885, 21502|3933, 21503|3970, 21503|4015, http://www.live.com, 
21555|1, 21555|1755, 21556|1788, 21556|2572, 21558|2622, 21559|2655, 21560|2692, 21576|3004, 21584|3087, 21585|3154, 21585|3575, 21587|3619, 21588|3647, 21588|3692, 21589|3749, 21589|3861, 21591|3932, 21591|4010, http://www.baidu.com, 
21870|1, 21870|1725, 21871|1755, 21871|2483, 21872|2602, 21873|2656, 21874|2695, 21878|2736, 21879|2818, 21888|2924, 21898|3113, 21899|3208, 21899|3692, 21900|3804, 21901|4011, http://www.qq.com, 
22006|1, 22006|1741, 22007|1768, 22007|2561, 22012|2990, 22021|3046, 22030|3113, 22030|3137, 22031|3182, 22032|3295, 22033|3380, 22033|3432, 22035|3466, 22044|3533, 22044|3560, 22046|3607, 22046|3722, 22047|3747, 22047|3888, 22049|3932, 22049|4001, http://www.netflix.com, 
22357|1, 22357|2676, 22370|2891, 22377|2958, 22377|2991, 22382|3067, 22391|3162, 22391|3678, 22393|3754, 22395|3808, 22399|4151, http://www.360.cn, 
22495|1, 22495|1882, 22496|1906, 22496|2633, 22497|2661, 22508|2867, 22515|3021, 22521|3122, 22521|3176, 22523|3365, 22523|3433, 22525|3469, 22525|3517, 22528|3547, 22528|4022, http://www.tmall.com, 
22612|1, 22612|1810, 22613|1834, 22613|2409, 22614|2433, 22614|2528, 22618|2591, 22618|2689, 22619|2742, 22631|2970, 22642|3135, 22642|3174, 22643|3221, 22643|3587, 22645|3637, 22645|3692, 22654|3723, 22657|3750, 22657|3846, 22659|3886, 22659|3950, 22660|3987, 22660|4011, http://www.amazon.com, 
23004|1, 23004|2496, 23006|2529, 23006|2576, 23007|2603, 23031|3010, 23031|3045, 23032|3160, 23032|3410, 23034|3446, 23034|3538, 23046|3574, 23046|3666, 23048|3704, 23048|3774, 23049|3807, 23049|3876, 23070|3981, 23075|4015, http://www.amazon.com, 
23255|1, 23255|2182, 23281|2587, 23281|2629, 23282|2679, 23282|2789, 23284|2879, 23297|2964, 23302|3014, 23302|3431, 23313|3569, 23316|3880, 23316|4046, http://www.instagram.com, 
23506|1, 23506|2696, 23507|2742, 23531|3174, 23532|3231, 23532|3403, 23542|3520, 23548|3552, 23551|3588, 23552|3620, 23552|3842, 23559|3889, 23564|4021, http://www.linkedin.com, 
23744|1, 23744|1346, 23746|1369, 23746|2418, 23748|2635, 23771|3048, 23772|3117, 23772|3280, 23774|3310, 23774|3346, 23782|3372, 23785|3420, 23791|3464, 23791|3494, 23792|3521, 23792|3817, 23799|3916, 23799|4209, http://www.linkedin.com, 
23960|1, 23960|2696, 23976|3012, 23985|3184, 23986|3254, 23986|3392, 23989|3508, 23989|3557, 23991|3592, 23991|3624, 23992|3651, 23993|3680, 23994|3707, 23994|3780, 23996|3815, 23996|3840, 23998|3886, 23999|3929, 23999|3973, 24001|3997, 24001|4031, http://www.vk.com, 
24041|1, 24041|2652, 24047|2808, 24051|2844, 24056|3047, 24064|3156, 24064|3297, 24065|3606, 24076|4018, http://www.360.cn, 
24170|1, 24170|373, 24172|396, 24172|1273, 24173|1304, 24173|2090, 24181|2229, 24191|2495, 24200|2593, 24201|2630, 24201|2721, 24203|2754, 24203|2852, 24205|2888, 24205|3066, 24207|3094, 24207|3183, 24216|3212, 24216|3332, 24218|3356, 24218|3481, 24219|3504, 24220|3539, 24220|3612, 24221|3652, 24226|3803, 24226|4065, http://www.live.com, 
24273|1, 24273|2673, 24281|2786, 24288|3018, 24299|3154, 24300|3197, 24300|3687, 24302|3716, 24303|4014, http://www.sohu.com, 
24429|1, 24429|2710, 24430|2748, 24437|2851, 24447|2939, 24453|3018, 24453|3442, 24496|3588, 24501|3613, 24506|3668, 24551|3790, 24551|3813, 24555|3872, 24560|4121, http://www.facebook.com, 
24664|1, 24664|1307, 24665|1338, 24665|2224, 24666|2262, 24681|2477, 24690|2632, 24690|2680, 24691|2708, 24691|2787, 24724|3077, 24726|3130, 24755|3231, 24758|3369, 24758|3750, 24759|3783, 24761|3812, 24767|3861, 24767|3887, 24771|3913, 24777|3958, 24783|4036, http://www.wikipedia.org, 
24832|1, 24832|2078, 24833|2105, 24833|2624, 24838|2712, 24853|3046, 24859|3166, 24859|3288, 24881|3321, 24881|3958, 24882|3987, 24882|4013, http://www.jd.com, 
24979|1, 24979|2626, 24986|2777, 25004|3070, 25005|3126, 25005|3233, 25007|3463, 25007|3508, 25009|3534, 25009|3559, 25011|3584, 25012|3640, 25012|3694, 25014|3716, 25015|3773, 25016|3823, 25016|3897, 25018|3921, 25018|3962, 25028|3995, 25028|4020, http://www.vk.com, 
25127|1, 25127|2537, 25130|2655, 25135|2795, 25140|2867, 25142|2932, 25143|2986, 25148|3078, 25153|3151, 25154|3192, 25154|3538, 25156|3834, 25165|4159, http://www.sohu.com, 
25330|1, 25330|2532, 25371|2971, 25373|3155, 25377|3216, 25383|3327, 25411|3497, 25416|3565, 25464|3696, 25465|4368, http://www.facebook.com, 
25505|1, 25505|1768, 25506|1799, 25506|2655, 25507|2688, 25515|2890, 25518|2919, 25531|3123, 25532|3182, 25532|3317, 25534|3360, 25536|3475, 25536|3503, 25541|3526, 25551|3584, 25554|3611, 25557|3639, 25560|3681, 25561|3732, 25561|3783, 25563|3812, 25583|3925, 25608|4033, http://www.yahoo.com, 
25905|1, 25905|1215, 25906|1242, 25906|1779, 25910|1814, 25910|2167, 25916|2269, 25929|2556, 25934|2593, 25934|2653, 25935|2685, 25935|2735, 25938|2791, 25938|2852, 25940|2900, 25942|2930, 25942|2952, 25947|3031, 25948|3057, 25950|3086, 25953|3117, 25956|3202, 25959|3228, 25964|3301, 25974|3330, 25977|3367, 26157|4035, http://www.imgur.com, 
26258|1, 26258|1790, 26259|1815, 26259|2567, 26260|2611, 26264|2651, 26273|2896, 26275|2993, 26278|3038, 26283|3068, 26283|3127, 26284|3157, 26284|3509, 26286|3535, 26286|3568, 26287|3591, 26287|3661, 26288|3683, 26288|3849, 26290|3874, 26290|4001, http://www.baidu.com, 
26602|1, 26602|1751, 26603|1786, 26603|2582, 26604|2687, 26608|2743, 26611|2802, 26618|3049, 26618|3137, 26622|3219, 26666|3454, 26668|3796, 26670|4039, http://www.qq.com, 
26834|1, 26834|1876, 26835|1897, 26835|2547, 26838|2626, 26841|2656, 26842|2686, 26846|2810, 26859|3037, 26865|3120, 26865|3147, 26866|3169, 26866|3323, 26868|3362, 26868|3480, 26869|3509, 26869|3530, 26873|3658, 26873|3687, 26875|3713, 26875|3739, 26877|3771, 26877|4021, http://www.taobao.com, 
26977|1, 26977|122, 26979|151, 26979|1733, 26980|1772, 26980|2525, 26981|2650, 26996|2911, 27004|3080, 27005|3144, 27005|3297, 27102|3735, 27103|4070, http://www.sina.com.cn, 
27318|1, 27318|1794, 27319|1817, 27319|2673, 27335|2991, 27336|3024, 27340|3066, 27345|3100, 27346|3154, 27346|3208, 27348|3366, 27348|3391, 27350|3414, 27350|3445, 27365|3498, 27365|3524, 27371|3550, 27371|3585, 27374|3612, 27374|3731, 27378|3766, 27383|3832, 27389|3877, 27443|4010, http://www.yahoo.com, 
27672|1, 27672|1775, 27673|1803, 27673|2599, 27675|2645, 27675|2720, 27685|2868, 27698|3177, 27699|3227, 27699|3370, 27711|3452, 27713|3517, 27713|3580, 27714|3626, 27714|3728, 27724|3780, 27739|3937, 27743|4024, http://www.amazon.com, 
27943|1, 27943|1209, 27944|1235, 27944|2087, 27945|2136, 27951|2190, 27954|2315, 27961|2470, 27970|2593, 27971|2654, 27971|2823, 27984|2982, 27984|3044, 27985|3067, 27985|4008, http://www.reddit.com, 
28063|1, 28063|1898, 28064|1919, 28064|2539, 28071|2694, 28074|2770, 28075|2807, 28086|2909, 28092|3010, 28094|3122, 28094|3480, 28096|3588, 28098|3620, 28098|3668, 28101|3691, 28101|4010, http://www.tmall.com, 
28186|1, 28186|1213, 28187|1237, 28187|2139, 28188|2174, 28203|2511, 28212|2558, 28213|2651, 28213|2732, 28215|2809, 28215|2958, 28216|3033, 28216|3062, 28218|3089, 28222|3122, 28222|3208, 28226|3258, 28226|3613, 28232|3637, 28234|3695, 28236|3719, 28239|3748, 28239|3815, 28240|3836, 28240|4019, http://www.taobao.com, 
28336|1, 28336|2682, 28361|3134, 28362|3179, 28362|3332, 28381|3548, 28381|3581, 28387|3608, 28390|3646, 28390|3671, 28391|3712, 28391|3771, 28408|3909, 28424|3980, 28599|4719, http://www.yahoo.com, 
28661|1, 28661|1823, 28662|1849, 28662|2036, 28663|2072, 28663|2600, 28664|2627, 28666|2787, 28667|2913, 28678|3004, 28683|3043, 28700|3196, 28700|3223, 28709|3265, 28709|3307, 28710|3338, 28725|3484, 28738|3578, 28766|3612, 28772|3658, 28778|3687, 28780|3715, 28783|3756, 28791|3912, 28791|4038, http://www.facebook.com, 
28838|1, 28838|2640, 28846|2847, 28853|2993, 28860|3074, 28863|3156, 28863|3442, 28865|3466, 28876|3558, 28878|3586, 28882|3613, 28883|3706, 28883|4080, http://www.wikipedia.org, 
28941|1, 28941|2670, 28951|2860, 28968|3065, 28977|3169, 28978|3211, 28978|3408, 28979|3440, 28986|3483, 28986|3517, 29009|3546, 29013|3582, 29046|3610, 29087|3641, 29108|3723, 29120|3802, 29128|3833, 29128|3858, 29134|3904, 29137|4010, http://www.google.com, 
29221|1, 29221|1114, 29223|1139, 29223|2607, 29224|2642, 29225|2677, 29225|2709, 29230|2769, 29231|2796, 29246|2980, 29252|3198, 29260|3268, 29261|3325, 29378|3709, 29414|3911, 29414|4013, http://www.google.com, 
29503|1, 29503|1870, 29504|1897, 29504|2608, 29505|2633, 29507|2658, 29519|2864, 29520|2934, 29529|3052, 29530|3138, 29530|3354, 29532|3451, 29532|3488, 29534|3514, 29537|3551, 29537|4009, http://www.tmall.com, 
29615|1, 29615|2609, 29641|3186, 29642|3262, 29642|3298, 29644|3356, 29644|3443, 29646|3493, 29649|3525, 29649|4011, http://www.tmall.com, 
29722|1, 29724|42, 29724|2441, 29725|2593, 29729|2650, 29730|2691, 29730|2718, 29731|2823, 29739|2928, 29747|3093, 29748|3204, 29748|3300, 29750|3385, 29750|3419, 29752|3445, 29752|3486, 29754|3509, 29755|3546, 29755|3610, 29756|3643, 29757|3669, 29757|3710, 29759|3735, 29759|3837, 29761|3864, 29761|3911, 29767|3959, 29775|4029, http://www.vk.com, 
29871|1, 29871|2663, 29916|3125, 29923|3189, 29936|3317, 29966|3426, 29973|3482, 30002|3545, 30023|3831, 30023|4140, http://www.facebook.com, 
30063|1, 30063|1808, 30064|1832, 30064|2679, 30069|2751, 30086|3045, 30089|3102, 30090|3137, 30090|3263, 30096|3474, 30107|3500, 30107|3521, 30108|3581, 30111|3624, 30111|3648, 30115|3672, 30115|3749, 30117|3791, 30119|3820, 30119|3841, 30122|3862, 30122|3910, 30125|3938, 30125|3961, 30131|3984, 30131|4017, http://www.imgur.com, 
30221|1, 30221|2556, 30222|2653, 30228|2743, 30230|2847, 30238|3034, 30240|3093, 30249|3207, 30250|3248, 30250|3297, 30259|3418, 30277|3494, 30284|3571, 30284|3645, 30288|3667, 30288|3712, 30290|3828, 30298|3974, 30298|4030, http://www.instagram.com, 
30439|1, 30439|1835, 30440|1889, 30440|2729, 30455|3032, 30459|3080, 30465|3216, 30465|3351, 30472|3441, 30479|3529, 30479|3610, 30480|3805, 30480|4029, http://www.jd.com, 
30567|1, 30567|2619, 30568|2651, 30580|3013, 30590|3140, 30592|3197, 30596|3245, 30603|3314, 30603|3349, 30604|3416, 30604|3644, 30606|3695, 30606|3906, 30607|3929, 30608|3951, 30615|4064, http://www.sohu.com, 
30712|1, 30712|2633, 30729|2984, 30738|3066, 30738|3099, 30739|3119, 30739|3148, 30742|3259, 30744|3342, 30754|3400, 30762|3490, 30763|3545, 30765|3582, 30767|3614, 30783|3758, 30785|3861, 30785|4090, http://www.instagram.com, 
30928|1, 30928|2598, 30929|2627, 30943|2942, 30952|3056, 30953|3123, 30976|3174, 30980|3209, 30982|3239, 30988|3314, 30990|3630, 30990|3679, 30991|3752, 30997|3813, 31016|4034, http://www.jd.com, 
31146|1, 31146|1807, 31147|1829, 31147|2718, 31149|2767, 31163|2978, 31174|3121, 31175|3150, 31175|3246, 31197|3525, 31198|3555, 31202|3619, 31205|3665, 31206|3703, 31208|3727, 31208|3748, 31214|3793, 31216|3821, 31226|3855, 31229|4004, http://www.imgur.com, 
31313|1, 31313|1750, 31314|1774, 31314|2579, 31315|2622, 31315|2669, 31316|2695, 31320|2737, 31320|2763, 31339|3106, 31342|3191, 31342|3279, 31343|3330, 31358|3583, 31358|3699, 31360|3832, 31369|4373, http://www.sohu.com, 
31572|1, 31572|2654, 31583|2833, 31592|3061, 31597|3117, 31598|3159, 31598|3233, 31601|3277, 31604|3307, 31606|3351, 31611|3400, 31613|3424, 31614|3477, 31614|3538, 31615|3572, 31632|3709, 31632|3778, 31637|3911, 31646|4224, http://www.instagram.com, 
31755|1, 31755|2532, 31762|2761, 31770|2880, 31780|3110, 31780|3158, 31781|3225, 31783|3257, 31788|3349, 31794|3401, 31809|3565, 31809|3594, 31813|3621, 31814|4155, http://www.wikipedia.org, 
31868|1, 31868|2632, 31884|2939, 31893|3110, 31895|3177, 31909|3362, 31917|3396, 31920|3428, 31922|3465, 31927|4045, http://www.wikipedia.org, 
31972|1, 31972|1329, 31973|1357, 31973|2246, 31979|2329, 31980|2364, 32000|2686, 32001|2760, 32026|2954, 32029|3063, 32030|3086, 32030|3340, 32055|3440, 32055|3470, 32066|3592, 32085|3764, 32095|4004, http://www.amazon.com, 
32653|1, 32653|1744, 32654|1769, 32654|2574, 32660|2662, 32675|3070, 32679|3118, 32684|3152, 32685|3183, 32686|3211, 32690|3237, 32700|3351, 32701|3424, 32701|3456, 32703|3488, 32717|3561, 32718|3602, 32723|3634, 32726|3663, 32726|3686, 32727|3711, 32727|3789, 32732|3838, 32758|3971, 32799|4091, http://www.yahoo.com, 
33011|1, 33011|1736, 33012|1767, 33012|2660, 33013|2706, 33025|2841, 33027|2948, 33028|3015, 33031|3061, 33034|3091, 33037|3137, 33038|3167, 33038|3245, 33055|3307, 33141|3424, 33145|3459, 33145|3483, 33146|3516, 33146|3580, 33149|3636, 33149|3827, 33150|3866, 33150|4025, http://www.sina.com.cn, 
33390|1, 33390|2513, 33391|2640, 33397|2733, 33405|2967, 33409|3041, 33416|3076, 33416|3107, 33417|3138, 33417|3203, 33418|3232, 33422|3258, 33424|3331, 33430|3374, 33430|3425, 33431|3448, 33431|3642, 33433|3668, 33433|3887, 33434|3909, 33434|3931, 33435|3953, 33443|3981, 33443|4004, http://www.sohu.com, 
33548|1, 33548|1887, 33549|1912, 33549|2743, 33552|2791, 33557|2874, 33557|2928, 33565|3035, 33571|3198, 33576|3250, 33576|3292, 33577|3315, 33577|3438, 33586|3606, 33592|3672, 33592|3707, 33595|3733, 33597|3773, 33597|3831, 33599|3858, 33601|3907, 33601|4053, http://www.taobao.com, 
33689|1, 33690|50, 33690|2564, 33692|2598, 33693|2647, 33697|2697, 33697|2736, 33706|3049, 33706|3089, 33715|3179, 33716|3269, 33716|3300, 33721|3352, 33732|3502, 33735|3531, 33735|3569, 33737|3615, 33739|3643, 33739|4021, http://www.taobao.com, 
33838|1, 33838|1725, 33839|1755, 33839|2623, 33848|2803, 33856|2917, 33866|3110, 33866|3188, 33867|3249, 33874|3324, 33877|3358, 33881|3480, 33881|3534, 33883|3563, 33883|3587, 33892|3631, 33892|3655, 33894|3688, 33894|3829, 33895|3863, 33895|4022, http://www.netflix.com, 
34130|1, 34130|1460, 34132|1480, 34132|1730, 34133|1761, 34133|2495, 34136|2580, 34140|2621, 34144|2746, 34148|2788, 34150|2833, 34161|3074, 34161|3208, 34162|3249, 34184|3453, 34190|3485, 34190|3521, 34191|3559, 34191|3649, 34199|3717, 34206|3864, 34206|4137, http://www.reddit.com, 
34248|1, 34248|1776, 34249|1811, 34249|2657, 34250|2688, 34273|3043, 34273|3098, 34274|3130, 34274|3251, 34324|3538, 34324|3707, 34325|3781, 34325|3892, 34327|3929, 34327|4030, http://www.qq.com, 
34435|1, 34435|2516, 34450|2993, 34462|3192, 34467|3266, 34467|3323, 34469|3389, 34474|3447, 34474|3541, 34475|3596, 34475|3676, 34477|3700, 34477|3963, 34480|3988, 34487|4046, http://www.sohu.com, 
34575|1, 34577|56, 34577|1720, 34578|1819, 34578|2563, 34579|2630, 34581|2679, 34592|2912, 34603|3026, 34604|3093, 34604|3261, 34714|3489, 34715|3638, 34718|3951, 34721|3980, 34721|4015, http://www.sina.com.cn, 
34855|1, 34856|47, 34856|2048, 34857|2086, 34857|2642, 34860|2857, 34873|3023, 34881|3063, 34881|3115, 34882|3139, 34882|3190, 34883|3220, 34889|3315, 34895|3360, 34898|3755, 34904|4030, http://www.360.cn, 
34991|1, 34991|2717, 34992|2754, 35004|2961, 35008|3111, 35018|3223, 35018|3441, 35031|3727, 35034|3985, 35047|4500, http://www.360.cn, 
35128|1, 35128|2156, 35129|2180, 35129|2554, 35131|2644, 35131|2669, 35147|3056, 35155|3140, 35156|3173, 35161|3216, 35191|3469, 35191|4027, http://www.jd.com, 
35298|1, 35298|1350, 35299|1371, 35299|1771, 35300|1808, 35300|2652, 35301|2752, 35305|2842, 35315|3018, 35324|3117, 35324|3157, 35325|3182, 35325|3389, 35326|3436, 35339|3599, 35339|3625, 35341|3648, 35342|3674, 35342|3699, 35351|3733, 35351|3757, 35352|3779, 35357|3864, 35357|3945, 35358|3965, 35358|4032, http://www.netflix.com, 
35555|1, 35555|1724, 35556|1757, 35556|1865, 35557|1891, 35557|1988, 35561|2020, 35561|2615, 35562|2642, 35566|2679, 35585|3096, 35585|3133, 35586|3157, 35586|3183, 35587|3223, 35596|3343, 35603|3411, 35604|3438, 35605|3471, 35605|3555, 35606|3583, 35607|3621, 35607|3663, 35612|3734, 35615|3768, 35615|3811, 35616|3832, 35617|3909, 35617|4019, http://www.live.com, 
35680|1, 35680|1755, 35681|1829, 35681|2652, 35696|2913, 35700|3018, 35705|3073, 35706|3136, 35706|3232, 35715|3377, 35730|3524, 35739|3597, 35739|4043, http://www.wikipedia.org, 
35782|1, 35782|2641, 35821|2899, 35823|2927, 35829|2962, 35829|3251, 35837|3359, 35841|3403, 35855|3556, 35879|3599, 35881|3635, 35923|3732, 35930|4026, http://www.facebook.com, 
35970|1, 35970|2675, 35975|2736, 35976|2769, 35991|2920, 35998|3052, 36003|3080, 36003|3118, 36005|3152, 36007|3201, 36007|3336, 36008|3384, 36009|3410, 36021|3474, 36023|3505, 36028|3535, 36046|3560, 36081|3603, 36113|3628, 36144|3682, 36148|3723, 36156|3773, 36166|3817, 36174|3841, 36174|3965, 36177|3997, 36177|4017, http://www.google.com, 
36259|1, 36259|1813, 36260|1841, 36260|2626, 36262|2677, 36262|2779, 36263|2825, 36269|3006, 36273|3148, 36285|3252, 36287|3324, 36293|3434, 36299|3562, 36299|3631, 36301|3658, 36301|3681, 36302|3710, 36302|3915, 36303|3940, 36303|3966, 36305|3989, 36305|4009, http://www.baidu.com, 
36538|1, 36538|2675, 36540|3021, 36541|3050, 36544|3078, 36546|3182, 36555|3241, 36564|3278, 36567|3329, 36570|3357, 36570|3400, 36571|3422, 36571|3468, 36572|3490, 36572|3708, 36600|3776, 36600|3877, 36601|3925, 36602|3951, 36619|4046, http://www.baidu.com, 
36957|1, 36957|2582, 36958|2627, 36964|2742, 36977|2980, 36983|3067, 36983|3102, 36984|3128, 36985|3157, 36990|3237, 36991|3301, 36996|3342, 36998|3382, 37008|3409, 37008|3434, 37012|3460, 37016|3507, 37016|3572, 37017|3616, 37017|4123, http://www.wikipedia.org, 
37050|1, 37050|1818, 37051|1864, 37051|2695, 37060|2804, 37064|2856, 37072|3122, 37075|3158, 37075|3181, 37076|3210, 37081|3267, 37123|3313, 37127|3509, 37128|3683, 37128|3854, 37129|3895, 37129|3967, 37130|3989, 37130|4021, http://www.qq.com, 
37214|1, 37214|2624, 37215|2720, 37252|3099, 37252|3126, 37253|3149, 37253|3202, 37254|3228, 37254|3258, 37258|3288, 37260|3338, 37277|3420, 37295|3456, 37383|3547, 37395|3647, 37414|3707, 37419|3731, 37419|3843, 37422|3885, 37422|3911, 37423|3935, 37431|3960, 37448|4072, http://www.google.com, 
37494|1, 37494|2615, 37496|2699, 37501|2777, 37514|3074, 37519|3106, 37519|3143, 37520|3169, 37520|3317, 37524|3403, 37531|3460, 37531|3488, 37539|3515, 37539|3563, 37540|3587, 37542|3614, 37543|3639, 37544|3661, 37544|4006, http://www.taobao.com, 
37620|1, 37620|99, 37621|125, 37621|1789, 37622|1816, 37622|2695, 37635|2868, 37637|2962, 37647|3125, 37648|3216, 37649|3243, 37654|3294, 37654|3320, 37657|3415, 37661|3444, 37661|3466, 37668|3500, 37669|3526, 37673|3558, 37673|3613, 37674|3639, 37674|3771, 37689|3850, 37689|4047, http://www.reddit.com, 
37723|1, 37723|1754, 37724|1781, 37724|2652, 37737|2942, 37739|3002, 37748|3080, 37748|3146, 37750|3175, 37755|3202, 37757|3233, 37760|3317, 37765|3430, 37776|3503, 37782|3532, 37782|3576, 37783|3601, 37783|3871, 37789|3901, 37789|4024, http://www.linkedin.com, 
37946|1, 37946|1777, 37947|1805, 37947|2649, 37948|2771, 37948|2826, 37957|3112, 37965|3160, 37965|3231, 38075|3533, 38080|3762, 38081|4026, http://www.sina.com.cn, 
38268|1, 38268|1771, 38269|1794, 38269|2644, 38270|2701, 38285|2901, 38293|3032, 38293|3077, 38294|3114, 38294|3261, 38295|3295, 38310|3446, 38311|3505, 38311|3575, 38313|3607, 38313|3712, 38322|3738, 38322|3832, 38324|3855, 38326|4010, http://www.live.com, 
38366|1, 38366|1820, 38367|1850, 38367|2667, 38368|2701, 38380|3028, 38386|3114, 38387|3140, 38388|3166, 38390|3192, 38393|3220, 38397|3306, 38402|3340, 38402|3370, 38404|3402, 38405|3428, 38405|3451, 38407|3474, 38407|3523, 38408|3551, 38408|3594, 38410|3616, 38410|3684, 38412|3715, 38412|3808, 38414|3829, 38414|3872, 38425|3902, 38425|3972, 38429|3993, 38431|4014, http://www.vk.com, 
38518|1, 38518|1705, 38519|1732, 38519|2545, 38526|2624, 38527|2650, 38540|2893, 38542|2933, 38542|2983, 38549|3038, 38550|3109, 38550|3233, 38551|3261, 38555|3295, 38558|3339, 38563|3440, 38566|3469, 38566|3494, 38567|3536, 38567|3653, 38568|3675, 38569|3709, 38569|3798, 38572|3821, 38572|3934, 38573|3958, 38573|4001, http://www.live.com, 
38624|1, 38624|2572, 38625|2631, 38634|2797, 38641|3008, 38652|3075, 38652|3179, 38653|3203, 38653|3225, 38657|3277, 38666|3467, 38674|3498, 38674|3527, 38677|3557, 38681|3597, 38683|3620, 38683|3928, 38689|3977, 38689|4058, http://www.linkedin.com, 
38845|1, 38845|1776, 38846|1799, 38846|2721, 38854|2941, 38856|3073, 38856|3101, 38860|3128, 38865|3153, 38865|3180, 38866|3281, 38872|3329, 38875|3400, 38881|3438, 38889|3492, 38895|3552, 38895|3601, 38896|3623, 38896|3754, 38911|3822, 38911|4305, http://www.reddit.com, 
38945|1, 38945|1651, 38947|1681, 38947|2606, 38948|2634, 38955|2740, 38955|2767, 38959|2792, 38972|3077, 38972|3106, 38973|3129, 38973|3206, 38979|3267, 38992|3786, 38992|4005, http://www.360.cn, 
39077|1, 39077|1812, 39078|1841, 39078|2530, 39080|2627, 39081|2663, 39095|2934, 39107|3095, 39108|3172, 39108|3206, 39109|3241, 39113|3312, 39121|3414, 39121|3463, 39122|3486, 39123|3516, 39123|3694, 39148|3721, 39151|3905, 39171|4281, http://www.baidu.com, 
39397|1, 39397|2647, 39398|2708, 39403|2752, 39412|2964, 39413|3007, 39417|3084, 39417|3113, 39418|3138, 39422|3162, 39422|3209, 39423|3248, 39423|3283, 39424|3338, 39430|3387, 39432|3419, 39435|3445, 39444|3470, 39447|3495, 39449|3521, 39453|3554, 39454|3662, 39454|4041, http://www.wikipedia.org, 
39510|1, 39510|509, 39512|538, 39512|2132, 39513|2164, 39513|2563, 39515|2639, 39516|2676, 39540|3063, 39541|3095, 39541|3228, 39544|3256, 39558|3552, 39559|3668, 39559|4008, http://www.jd.com, 
39644|1, 39644|2578, 39666|2806, 39681|3007, 39682|3049, 39682|3143, 39683|3226, 39702|3297, 39706|3354, 39732|3410, 39775|3436, 39815|3466, 39841|3598, 39851|3665, 39851|3786, 39854|3816, 39854|3844, 39855|3865, 39855|3885, 39879|3928, 39881|4006, http://www.google.com, 
39947|1, 39947|1746, 39948|1773, 39948|2576, 39949|2634, 39953|2677, 39954|2777, 39961|2863, 39964|2987, 39974|3145, 39974|3180, 39975|3204, 39975|3228, 39980|3250, 39982|3287, 39985|3320, 39989|3364, 39989|3407, 39992|3474, 39992|3549, 39994|3573, 39994|3618, 40002|3665, 40002|3688, 40004|3787, 40004|3848, 40005|3869, 40005|4018, http://www.netflix.com, 
40192|1, 40192|2601, 40203|2832, 40208|2933, 40217|3117, 40218|3176, 40218|3251, 40219|3281, 40226|3362, 40227|3389, 40234|3495, 40236|3518, 40236|3561, 40244|3589, 40244|3618, 40246|3642, 40246|3794, 40247|3816, 40247|4009, http://www.netflix.com, 
40422|1, 40422|2693, 40428|2799, 40431|3012, 40431|3547, 40432|3576, 40433|3603, 40437|3627, 40440|3653, 40442|3677, 40446|3722, 40456|3751, 40456|3774, 40463|3833, 40466|3857, 40473|3952, 40474|4055, http://www.wikipedia.org, 
40534|1, 40534|2627, 40535|2657, 40544|2819, 40558|3029, 40559|3068, 40559|3206, 40565|3232, 40594|3467, 40596|3499, 40596|3829, 40598|3865, 40598|4018, http://www.jd.com, 
40723|1, 40723|1762, 40724|1788, 40724|2544, 40726|2636, 40726|2670, 40727|2728, 40745|3033, 40751|3126, 40751|3246, 40752|3303, 40757|3360, 40759|3386, 40765|3427, 40765|3456, 40766|3483, 40767|3508, 40767|3607, 40769|3647, 40773|3672, 40777|3698, 40777|3730, 40778|3754, 40779|3780, 40779|3899, 40780|3921, 40780|4005, http://www.netflix.com, 
40935|1, 40935|2734, 40937|2872, 40946|3002, 40951|3145, 40956|3183, 40956|3203, 40957|3227, 40957|3332, 40971|3484, 40971|3535, 40973|3562, 40973|3586, 40978|3629, 40978|3658, 40979|3683, 40979|3770, 40980|3820, 40981|3849, 40983|3872, 40983|3942, 40984|3966, 40984|4014, http://www.netflix.com, 
41136|1, 41136|1753, 41137|1784, 41137|2661, 41138|2691, 41162|3082, 41162|3229, 41163|3269, 41177|3456, 41184|3526, 41188|3550, 41188|3595, 41189|3619, 41189|3769, 41199|3799, 41204|3857, 41204|4239, http://www.reddit.com, 
41258|1, 41258|1741, 41259|1780, 41259|2686, 41260|2721, 41265|2815, 41274|2946, 41277|2993, 41279|3047, 41284|3139, 41284|3166, 41285|3191, 41285|3218, 41286|3244, 41286|3269, 41295|3403, 41310|3455, 41312|3478, 41312|3548, 41313|3579, 41313|3728, 41323|3765, 41339|3911, 41368|4237, http://www.amazon.com, 
41531|1, 41531|1808, 41532|1834, 41532|2708, 41552|3111, 41553|3162, 41553|3191, 41554|3220, 41559|3251, 41563|3329, 41569|3420, 41571|3447, 41573|3484, 41573|4008, http://www.tmall.com, 
41633|1, 41633|2661, 41634|2716, 41643|2799, 41650|2834, 41662|2964, 41671|3117, 41672|3146, 41672|3188, 41673|3236, 41674|3275, 41684|3384, 41691|3425, 41692|3463, 41694|3492, 41697|3518, 41715|3546, 41721|3569, 41801|3600, 41803|3652, 41810|3693, 41816|3716, 41826|3803, 41838|3863, 41841|4023, http://www.google.com, 
41919|1, 41919|1826, 41920|1860, 41920|2542, 41923|2638, 41924|2678, 41927|2714, 41935|2869, 41941|3011, 41946|3056, 41946|3083, 41947|3110, 41947|3195, 41948|3227, 41956|3335, 41964|3432, 41966|3457, 41966|4005, http://www.tmall.com, 
42043|1, 42043|130, 42044|154, 42044|2585, 42045|2619, 42060|2784, 42072|2942, 42083|3159, 42088|3199, 42091|3251, 42095|3308, 42108|3412, 42126|3444, 42128|3469, 42139|3492, 42210|3530, 42219|3609, 42228|3663, 42242|3710, 42250|3749, 42250|3883, 42253|3904, 42253|3929, 42254|3952, 42268|4002, http://www.google.com, 
42346|1, 42346|2692, 42353|2817, 42360|2892, 42367|2950, 42377|3121, 42382|3178, 42382|3210, 42383|3239, 42383|3266, 42384|3303, 42385|3328, 42404|3493, 42446|3566, 42515|3635, 42521|3664, 42528|3701, 42540|3788, 42544|3863, 42544|3918, 42550|3943, 42553|3968, 42554|4005, http://www.google.com, 
42630|1, 42630|2653, 42663|2950, 42674|3083, 42682|3148, 42682|3198, 42683|3234, 42684|3261, 42685|3295, 42690|3333, 42729|3557, 42766|3625, 42768|3650, 42771|3678, 42775|3702, 42786|4077, http://www.facebook.com, 
42821|1, 42821|2707, 42822|2738, 42823|2770, 42827|2814, 42861|3002, 42874|3267, 42875|3332, 42876|3357, 42881|3383, 42883|3453, 42915|3562, 42917|3599, 42920|3627, 42933|3651, 42947|3677, 42969|3746, 42971|3772, 42971|4208, http://www.facebook.com, 
43002|1, 43002|1825, 43003|1852, 43003|2622, 43005|2696, 43012|2784, 43012|2823, 43016|2879, 43018|2912, 43018|2961, 43021|2987, 43023|3022, 43028|3060, 43028|3095, 43029|3187, 43029|3334, 43030|3366, 43034|3391, 43036|3423, 43036|3466, 43041|3505, 43041|3530, 43043|3555, 43050|3589, 43052|3625, 43056|3649, 43056|3693, 43057|3732, 43057|3875, 43072|3953, 43072|4094, http://www.reddit.com, 
43106|1, 43106|1783, 43107|1815, 43107|2609, 43109|2663, 43110|2688, 43114|2732, 43117|2806, 43127|2968, 43137|3165, 43137|3226, 43139|3284, 43145|3406, 43155|3447, 43159|3478, 43161|3502, 43162|3529, 43164|3553, 43164|3576, 43167|3599, 43167|3625, 43168|3653, 43170|3678, 43176|3706, 43176|3730, 43178|3759, 43186|3784, 43193|3962, 43222|4357, http://www.imgur.com, 
43313|1, 43313|2520, 43314|2612, 43316|2664, 43329|2922, 43340|3041, 43340|3176, 43341|3213, 43344|3240, 43354|3334, 43358|3366, 43360|3401, 43364|3424, 43364|3473, 43370|3536, 43370|3588, 43371|3614, 43373|3640, 43374|3664, 43379|3690, 43380|3714, 43381|3751, 43394|3803, 43394|4308, http://www.imgur.com, 
43485|1, 43485|181, 43486|202, 43486|316, 43487|343, 43487|1769, 43488|1792, 43488|2612, 43502|2881, 43507|3012, 43513|3062, 43513|3095, 43514|3118, 43514|3169, 43516|3191, 43516|3295, 43518|3341, 43526|3433, 43527|3469, 43533|3502, 43533|3531, 43537|3563, 43538|3590, 43540|3618, 43540|3642, 43542|3666, 43545|3728, 43545|3760, 43548|3791, 43548|3814, 43554|3849, 43556|3884, 43569|3930, 43569|4191, http://www.imgur.com, 
