1664|1, 1664|58, 1668|87, 1668|335, 1670|362, 1670|539, 1675|581, 1680|612, 1692|849, 1692|905, 1693|936, 1696|974, 1697|1007, 1698|1028, 1703|1046, 1707|1066, 1707|1087, 1709|1111, 1713|1138, 1720|1161, 1720|1259, 1724|1288, 1725|1330, 1725|1400, 1726|1424, 1731|1459, 1743|1547, 1743|1622, 1745|1645, 1755|1687, 1758|1715, 1766|1757, 1772|1817, 1772|1935, 1774|1965, 1775|1994, 1782|2022, 1791|2059, 1798|2089, 1802|2121, 1802|2164, 1803|2208, 1803|2320, 1816|2367, 1816|2393, 1818|2426, 1821|2466, 1827|2498, 1831|2525, 1838|2569, 1841|2594, 1841|2819, 1843|2844, 1843|2886, 1847|2911, 1853|2935, 1853|2955, 1854|2975, 1856|3004, 1856|3041, 1860|3065, 1860|3129, 1861|3156, 1861|4022, http://www.linkedin.com, 
1863|1, 1863|738, 1865|765, 1865|2480, 1869|2709, 1874|2784, 1874|3073, 1878|3099, 1878|3122, 1882|3160, 1883|3190, 1883|3515, 1886|3546, 1886|4060, http://www.linkedin.com, 
1958|1, 1958|2662, 1967|2887, 1967|3056, 1968|3177, 1968|3296, 1978|3319, 1978|3404, 1982|3431, 1983|3458, 1983|3585, 1986|3648, 1992|3717, 1997|3746, 1997|3769, 2009|3793, 2067|3984, 2075|4050, http://www.yahoo.com, 
2518|1, 2518|2306, 2527|2508, 2528|2563, 2528|2599, 2529|2745, 2529|3056, 2533|3082, 2533|3174, 2535|3199, 2535|3484, 2538|3556, 2538|3620, 2548|3682, 2555|3712, 2568|3743, 2603|3822, 2606|4024, http://www.live.com, 
2623|1, 2623|2421, 2624|2585, 2628|2890, 2633|2967, 2633|3421, 2634|3457, 2634|4007, http://www.360.cn, 
2691|1, 2691|2555, 2706|2810, 2716|3028, 2716|3202, 2749|3478, 2753|3507, 2755|3556, 2755|4040, http://www.facebook.com, 
2778|1, 2778|2511, 2780|2560, 2782|2752, 2784|2909, 2789|2994, 2789|3093, 2805|3293, 2805|3725, 2808|3750, 2811|3827, 2816|3857, 2816|3928, 2818|3950, 2821|3975, 2833|4026, http://www.qq.com, 
3003|1, 3003|2476, 3007|2705, 3008|2750, 3014|2992, 3014|3934, 3017|3969, 3019|4011, http://www.qq.com, 
3147|1, 3147|2512, 3151|2809, 3156|2847, 3156|2979, 3157|3152, 3157|3249, 3167|3283, 3168|3329, 3171|3351, 3172|3376, 3172|3522, 3177|3555, 3183|3635, 3183|3668, 3241|3956, 3298|4211, http://www.yahoo.com, 
3347|1, 3347|2147, 3351|2380, 3356|2453, 3356|2681, 3357|2712, 3357|2823, 3358|2844, 3358|3086, 3359|3128, 3359|3272, 3364|3294, 3364|3340, 3365|3362, 3367|3383, 3368|3408, 3371|3445, 3378|3553, 3394|3632, 3491|3881, 3531|3920, 3574|3957, 3575|4016, http://www.vk.com, 
3601|1, 3601|1380, 3603|1411, 3603|1463, 3604|1487, 3604|1583, 3605|1623, 3605|1788, 3607|1822, 3607|1850, 3608|1873, 3608|2680, 3610|2835, 3614|3001, 3619|3178, 3619|3212, 3620|3281, 3624|3441, 3628|3470, 3628|3493, 3629|3524, 3629|3924, 3631|3957, 3728|4080, http://www.instagram.com, 
4018|1, 4018|2547, 4020|2651, 4021|2812, 4027|2852, 4027|2990, 4036|3166, 4036|3536, 4039|3584, 4041|3618, 4042|3642, 4047|3670, 4047|3755, 4052|3781, 4052|4007, http://www.jd.com, 
4323|1, 4323|2473, 4326|2646, 4330|2808, 4335|2850, 4335|2923, 4336|3099, 4336|3242, 4337|3270, 4337|3710, 4340|3732, 4340|3806, 4341|3827, 4343|3848, 4343|4003, http://www.taobao.com, 
4505|1, 4505|2586, 4508|2662, 4508|2733, 4517|3024, 4517|3403, 4518|3449, 4518|4013, http://www.baidu.com, 
4696|1, 4696|2643, 4705|2885, 4705|3017, 4706|3140, 4706|3294, 4710|3321, 4710|3377, 4712|3454, 4712|3948, 4714|3984, 4714|4005, http://www.netflix.com, 
4900|1, 4900|2551, 4903|2709, 4909|2952, 4909|3008, 4910|3112, 4910|4010, http://www.tmall.com, 
5042|1, 5042|2423, 5045|2662, 5045|2773, 5051|2828, 5051|3220, 5052|3246, 5052|3841, 5057|3861, 5057|4027, http://www.baidu.com, 
5185|1, 5185|2676, 5188|2816, 5194|2887, 5194|3156, 5195|3211, 5195|3319, 5196|3342, 5196|3479, 5197|3509, 5197|3578, 5202|3646, 5214|3718, 5238|3780, 5291|3809, 5327|3843, 5388|4122, http://www.imgur.com, 
5451|1, 5451|2495, 5455|2739, 5457|2902, 5462|2942, 5462|3021, 5499|3101, 5543|3148, 5607|3537, 5607|3630, 5616|3675, 5616|3737, 5618|3759, 5618|3785, 5620|3815, 5621|3837, 5625|3863, 5630|4053, http://www.sina.com.cn, 
6483|1, 6483|2460, 6488|2763, 6490|2817, 6495|2850, 6495|3111, 6496|3159, 6496|3279, 6497|3333, 6497|3583, 6503|3610, 6503|3903, 6506|3991, 6506|4026, http://www.live.com, 
6599|1, 6599|2417, 6602|2747, 6608|2815, 6608|3786, 6609|3830, 6609|4007, http://www.sina.com.cn, 
6663|1, 6663|2519, 6665|2559, 6669|2830, 6674|2891, 6674|3086, 6675|3109, 6675|3231, 6680|3277, 6681|3305, 6682|3326, 6682|3600, 6687|3624, 6692|3734, 6697|3765, 6697|3789, 6707|3903, 6727|3943, 6727|4066, http://www.amazon.com, 
7222|1, 7222|2484, 7224|2521, 7224|2558, 7228|2783, 7232|2890, 7232|3068, 7233|3240, 7236|3303, 7237|3325, 7239|3368, 7239|3543, 7251|3639, 7261|3679, 7366|3784, 7696|4094, http://www.reddit.com, 
7716|1, 7716|2573, 7722|2874, 7723|2933, 7728|3114, 7728|3944, 7730|3969, 7730|4027, http://www.360.cn, 
8076|1, 8076|2802, 8079|2868, 8079|2925, 8085|3101, 8085|3396, 8086|3415, 8086|3864, 8087|3888, 8087|4019, http://www.taobao.com, 
8098|1, 8098|2533, 8101|2742, 8107|2902, 8107|3231, 8111|3270, 8115|3299, 8115|3360, 8116|3384, 8116|3752, 8119|3790, 8119|3897, 8122|3926, 8122|4004, http://www.instagram.com, 
8188|1, 8188|2422, 8191|2730, 8191|2848, 8192|2915, 8197|2981, 8197|3382, 8198|3404, 8198|4001, http://www.baidu.com, 
8292|1, 8292|2569, 8295|2686, 8301|2831, 8301|3445, 8302|3482, 8302|4004, http://www.sohu.com, 
9250|1, 9250|2676, 9253|2772, 9259|2918, 9259|3241, 9267|3299, 9267|3351, 9268|3375, 9268|3742, 9270|3764, 9270|3852, 9274|3942, 9274|4101, http://www.instagram.com, 
9331|1, 9331|2559, 9342|2968, 9342|3390, 9343|3437, 9343|3533, 9344|3595, 9344|3725, 9345|3779, 9345|3905, 9348|3930, 9351|3976, 9352|4005, http://www.vk.com, 
9387|1, 9387|2730, 9393|2870, 9393|2962, 9399|3075, 9399|3288, 9400|3473, 9406|3513, 9409|3554, 9412|3593, 9413|3620, 9413|3745, 9421|3818, 9422|3867, 9448|4119, http://www.yahoo.com, 
9589|1, 9589|2706, 9591|2847, 9594|3016, 9595|3083, 9600|3185, 9600|3387, 9601|3541, 9601|3749, 9602|3783, 9603|4017, http://www.vk.com, 
9647|1, 9647|2743, 9649|2827, 9653|2991, 9656|3068, 9656|3290, 9660|3440, 9662|3478, 9675|4144, http://www.reddit.com, 
9693|1, 9693|2637, 9695|2795, 9697|2854, 9704|3040, 9704|3248, 9710|3493, 9711|3518, 9711|3718, 9720|3744, 9726|4043, http://www.amazon.com, 
9852|1, 9852|2606, 9855|2643, 9855|2685, 9858|2914, 9861|2950, 9864|3018, 9864|3252, 9941|3669, 9941|3820, 9942|3877, 9946|4093, http://www.sina.com.cn, 
10018|1, 10018|2556, 10030|3068, 10030|4018, http://www.360.cn, 
10357|1, 10357|2209, 10359|2371, 10366|2629, 10366|2816, 10367|2957, 10367|3038, 10368|3075, 10368|3244, 10369|3313, 10369|3422, 10372|3447, 10374|3493, 10374|3517, 10377|3543, 10378|3568, 10380|3612, 10380|3760, 10381|3820, 10386|3868, 10386|4147, http://www.vk.com, 
10412|1, 10412|2650, 10415|2964, 10421|3067, 10421|3326, 10422|3384, 10422|3488, 10432|3578, 10432|3606, 10436|3630, 10437|3658, 10437|3756, 10439|3815, 10446|3860, 10567|4438, http://www.yahoo.com, 
10627|1, 10627|2122, 10630|2408, 10630|2466, 10631|2498, 10636|2530, 10636|2826, 10637|2902, 10638|4002, http://www.tmall.com, 
10667|1, 10667|2658, 10678|3022, 10678|3172, 10693|3223, 10694|3291, 10697|4040, http://www.qq.com, 
10725|1, 10725|2719, 10727|2849, 10734|3135, 10734|3245, 10743|3456, 10743|3769, 10772|3840, 10772|4047, http://www.jd.com, 
10842|1, 10842|2502, 10844|2825, 10845|2962, 10846|3083, 10846|3110, 10851|3179, 10851|3592, 10859|3636, 10859|3708, 10861|3755, 10861|3915, 10869|3945, 10869|4015, http://www.amazon.com, 
11020|1, 11020|2679, 11023|2950, 11023|3085, 11024|3125, 11029|3155, 11029|3380, 11033|3403, 11033|3452, 11034|3475, 11038|3499, 11038|3773, 11042|3800, 11042|3909, 11045|3937, 11046|3966, 11050|3993, 11050|4140, http://www.linkedin.com, 
11123|1, 11123|2660, 11125|2763, 11125|2870, 11129|3028, 11129|3058, 11134|3147, 11134|4007, http://www.sohu.com, 
11296|1, 11296|2643, 11299|2833, 11300|2940, 11306|3031, 11306|3442, 11310|3491, 11314|3532, 11315|3558, 11315|3850, 11318|3878, 11318|4012, http://www.linkedin.com, 
11389|1, 11389|2747, 11392|3026, 11398|3230, 11398|3459, 11406|3618, 11407|3648, 11407|3761, 11410|3845, 11414|4004, http://www.instagram.com, 
11476|1, 11476|2587, 11481|3037, 11487|3080, 11487|3302, 11488|3332, 11489|3524, 11489|3616, 11490|3651, 11490|3678, 11494|3804, 11500|3839, 11503|4165, http://www.imgur.com, 
11534|1, 11534|3080, 11543|3161, 11543|3241, 11544|3296, 11544|3586, 11545|3626, 11545|3969, 11548|3992, 11548|4021, http://www.taobao.com, 
11575|1, 11575|192, 11579|222, 11579|262, 11581|289, 11583|321, 11583|660, 11587|699, 11588|740, 11588|794, 11589|823, 11589|1060, 11593|1121, 11594|1166, 11594|1222, 11595|1248, 11595|2619, 11597|2797, 11597|2909, 11599|2964, 11600|3048, 11601|3140, 11606|3181, 11606|3434, 11625|3601, 11625|4110, http://www.qq.com, 
11650|1, 11650|2900, 11654|3071, 11659|3119, 11659|4008, http://www.sina.com.cn, 
11770|1, 11770|2770, 11779|3094, 11779|3400, 11781|3528, 11781|3807, 11784|3864, 11784|3951, 11786|3985, 11786|4011, http://www.live.com, 
11813|1, 11813|2671, 11819|3016, 11824|3101, 11824|3343, 11825|3400, 11825|3464, 11826|3494, 11826|3772, 11832|3811, 11832|3867, 11833|3918, 11834|3953, 11834|4019, http://www.live.com, 
11855|1, 11855|2850, 11867|3016, 11867|3561, 11868|3605, 11868|4033, http://www.baidu.com, 
11998|1, 11998|2817, 12001|2912, 12007|3139, 12010|4051, http://www.qq.com, 
12049|1, 12049|2546, 12052|2977, 12053|3037, 12058|3098, 12058|3294, 12059|3367, 12059|3451, 12063|3518, 12063|3544, 12065|3593, 12065|3872, 12066|3938, 12066|4008, http://www.netflix.com, 
12213|1, 12213|2663, 12220|2900, 12221|2946, 12221|2979, 12227|3063, 12228|3154, 12228|4148, http://www.360.cn, 
12258|1, 12258|2688, 12261|2906, 12267|3018, 12267|3164, 12268|3357, 12268|4015, http://www.tmall.com, 
12302|1, 12302|2512, 12304|2600, 12304|2728, 12307|3048, 12313|3122, 12313|3680, 12321|3709, 12321|3808, 12322|3838, 12323|3871, 12325|4020, http://www.amazon.com, 
12540|1, 12540|2580, 12549|2992, 12549|3523, 12557|3552, 12557|3643, 12559|3686, 12559|3852, 12578|3958, 12583|3996, 12583|4048, http://www.amazon.com, 
12668|1, 12668|2283, 12677|2549, 12677|2837, 12684|2931, 12685|2969, 12685|3386, 12690|3528, 12690|4010, http://www.instagram.com, 
12776|1, 12776|3013, 12787|3146, 12787|3255, 12789|3457, 12791|3493, 12795|3530, 12796|3556, 12796|3812, 12799|3858, 12799|3943, 12801|3990, 12804|4072, http://www.linkedin.com, 
12883|1, 12883|2740, 12893|3023, 12893|3319, 12897|3345, 12903|3402, 12904|3439, 12904|3760, 12907|3801, 12907|4183, http://www.linkedin.com, 
12978|1, 12978|2684, 12983|3077, 12989|3166, 12989|3328, 12990|3446, 12990|3631, 12991|3661, 12991|3819, 12992|3866, 12992|4013, http://www.vk.com, 
13003|1, 13003|2794, 13005|2834, 13007|3063, 13012|3145, 13014|4071, http://www.360.cn, 
13045|1, 13045|2205, 13048|2512, 13054|2565, 13054|2692, 13055|2742, 13055|2823, 13056|2860, 13056|3153, 13062|3196, 13062|3303, 13064|3328, 13064|3584, 13066|3634, 13066|4038, http://www.live.com, 
13086|1, 13086|2774, 13090|3007, 13095|3149, 13095|4026, http://www.sohu.com, 
13153|1, 13153|2885, 13157|2926, 13160|3005, 13160|3427, 13178|3575, 13181|3613, 13187|3656, 13211|3776, 13211|3832, 13215|3870, 13218|4119, http://www.facebook.com, 
13242|1, 13242|2243, 13245|2559, 13251|2614, 13251|2728, 13252|2811, 13273|3064, 13275|3112, 13298|3214, 13299|3350, 13299|3792, 13304|3841, 13304|3867, 13308|3893, 13310|3940, 13315|4018, http://www.wikipedia.org, 
13347|1, 13347|2621, 13349|2702, 13355|3047, 13358|3158, 13358|3277, 13367|3310, 13367|4006, http://www.jd.com, 
13402|1, 13402|2612, 13404|2926, 13411|3061, 13411|3229, 13412|3448, 13412|3571, 13413|3625, 13413|3765, 13414|3812, 13414|3946, 13420|3981, 13420|4006, http://www.vk.com, 
13456|1, 13456|2599, 13459|2709, 13459|2780, 13461|2858, 13462|2918, 13462|2989, 13466|3061, 13468|3137, 13474|4142, http://www.sohu.com, 
13551|1, 13551|2520, 13570|2960, 13570|3144, 13576|3229, 13576|3316, 13584|3485, 13600|3606, 13618|3709, 13618|4298, http://www.facebook.com, 
13638|1, 13638|2673, 13639|2871, 13641|2902, 13648|3126, 13648|3197, 13649|3298, 13649|3482, 13652|3508, 13658|3567, 13662|3592, 13662|3619, 13663|3678, 13663|3762, 13665|3793, 13673|3912, 13686|4017, http://www.yahoo.com, 
13886|1, 13886|2173, 13889|2435, 13890|2548, 13895|2580, 13895|2727, 13896|2779, 13896|2939, 13897|3019, 13897|3073, 13898|3105, 13898|3190, 13900|3215, 13902|3288, 13909|3318, 13912|3360, 14075|4028, http://www.imgur.com, 
14113|1, 14113|2600, 14116|2790, 14119|2882, 14119|2980, 14120|3024, 14125|3054, 14125|3494, 14126|3523, 14126|4008, http://www.baidu.com, 
14280|1, 14280|2794, 14283|3042, 14283|3122, 14284|3210, 14307|3462, 14307|4030, http://www.qq.com, 
14359|1, 14359|2630, 14361|2691, 14361|2783, 14365|3052, 14370|3091, 14370|3294, 14371|3334, 14371|3510, 14372|3629, 14372|4015, http://www.taobao.com, 
14406|1, 14406|2789, 14409|2893, 14413|3062, 14413|3198, 14417|3304, 14493|3788, 14493|4004, http://www.sina.com.cn, 
14546|1, 14546|2822, 14549|2977, 14549|3013, 14550|3051, 14555|3110, 14555|3192, 14556|3351, 14556|3429, 14564|3483, 14564|3507, 14569|3536, 14569|3571, 14570|3595, 14570|3714, 14573|3754, 14576|3818, 14605|4016, http://www.yahoo.com, 
14753|1, 14753|2703, 14756|2980, 14762|3177, 14762|3349, 14766|3432, 14768|3511, 14768|3725, 14774|3759, 14788|3928, 14788|4009, http://www.amazon.com, 
14877|1, 14877|2179, 14880|2318, 14880|2462, 14886|2588, 14886|2825, 14892|2970, 14892|4019, http://www.reddit.com, 
14931|1, 14931|2539, 14934|2707, 14934|2760, 14936|2815, 14938|2926, 14941|3014, 14941|3469, 14942|3578, 14942|4019, http://www.tmall.com, 
14978|1, 14978|2181, 14985|2504, 14990|2548, 14990|2727, 14991|2800, 14991|3079, 14992|3117, 14992|3603, 14994|3626, 14995|3685, 14996|3707, 14998|3738, 14998|4009, http://www.taobao.com, 
15036|1, 15036|2659, 15045|3121, 15045|3309, 15056|3525, 15056|3558, 15060|3584, 15061|3622, 15061|3749, 15071|3887, 15194|4460, http://www.yahoo.com, 
15222|1, 15222|2902, 15226|2994, 15230|3040, 15237|3184, 15238|3211, 15243|3252, 15243|3348, 15249|3471, 15255|3567, 15268|3619, 15274|3646, 15278|3677, 15280|3702, 15286|3853, 15286|4040, http://www.facebook.com, 
15304|1, 15304|2653, 15307|2854, 15307|2986, 15313|3106, 15313|3459, 15318|3552, 15320|3579, 15321|3606, 15321|4085, http://www.wikipedia.org, 
15345|1, 15345|2670, 15351|2852, 15354|3056, 15360|3161, 15360|3399, 15361|3436, 15363|3476, 15364|3508, 15365|3538, 15365|3574, 15375|3603, 15398|3659, 15407|3723, 15414|3795, 15417|3825, 15418|4003, http://www.google.com, 
15466|1, 15466|2789, 15475|3053, 15475|3192, 15481|3261, 15481|3318, 15523|3770, 15541|3904, 15541|4012, http://www.google.com, 
15591|1, 15591|2623, 15593|2649, 15596|2855, 15597|2986, 15602|3066, 15602|3347, 15603|3442, 15603|4019, http://www.tmall.com, 
15637|1, 15637|2612, 15648|3223, 15648|3291, 15649|3356, 15649|4002, http://www.tmall.com, 
15679|1, 15679|2593, 15682|2657, 15682|2819, 15685|2952, 15691|3087, 15691|3294, 15692|3379, 15692|3504, 15693|3544, 15693|3704, 15694|3777, 15694|3904, 15699|3953, 15702|4023, http://www.vk.com, 
15738|1, 15738|2656, 15758|3142, 15758|3199, 15766|3344, 15778|3419, 15782|3476, 15797|3539, 15813|3824, 15813|4134, http://www.facebook.com, 
15831|1, 15831|2679, 15836|2950, 15842|3038, 15842|3257, 15851|3469, 15851|3641, 15852|3666, 15852|3834, 15853|3856, 15853|3955, 15855|3978, 15856|4015, http://www.imgur.com, 
15894|1, 15894|2648, 15896|2736, 15896|2841, 15899|3039, 15900|3123, 15905|3207, 15905|3291, 15909|3412, 15919|3489, 15920|3572, 15920|3639, 15924|3675, 15924|3793, 15926|3833, 15928|3967, 15928|4025, http://www.instagram.com, 
15992|1, 15992|2861, 15995|3044, 15996|3075, 16001|3210, 16001|3351, 16004|3436, 16008|3524, 16008|4024, http://www.jd.com, 
16041|1, 16041|2608, 16044|2825, 16044|3020, 16050|3138, 16050|3186, 16052|3234, 16056|3304, 16062|4055, http://www.sohu.com, 
16099|1, 16099|2620, 16102|2970, 16108|3057, 16108|3328, 16113|3386, 16116|3476, 16116|3530, 16118|3568, 16118|3601, 16129|3805, 16129|4078, http://www.instagram.com, 
16195|1, 16195|2620, 16198|2936, 16204|3054, 16204|3119, 16213|3168, 16215|3203, 16217|3234, 16220|3326, 16233|4036, http://www.jd.com, 
16272|1, 16272|2717, 16274|2780, 16276|3009, 16283|3116, 16283|3275, 16292|3521, 16292|3616, 16293|3672, 16293|3743, 16296|3788, 16297|3816, 16302|3851, 16305|4005, http://www.imgur.com, 
16334|1, 16334|2682, 16337|2724, 16337|2928, 16346|3103, 16346|3319, 16353|3573, 16353|4011, http://www.sohu.com, 
16463|1, 16463|2649, 16466|2901, 16467|3054, 16472|3114, 16472|3270, 16474|3301, 16476|3345, 16478|3394, 16478|3566, 16487|3702, 16487|3771, 16491|3938, 16495|4232, http://www.instagram.com, 
16551|1, 16551|2765, 16554|2897, 16560|3104, 16560|3245, 16564|3336, 16568|3391, 16575|3553, 16575|3581, 16577|3609, 16577|4145, http://www.wikipedia.org, 
16601|1, 16601|2607, 16604|2913, 16610|3095, 16610|3155, 16617|3338, 16621|3370, 16623|3401, 16625|3438, 16626|4019, http://www.wikipedia.org, 
16646|1, 16646|2235, 16649|2319, 16649|2353, 16658|2676, 16658|2768, 16672|2943, 16673|3052, 16673|3328, 16685|3431, 16685|3461, 16703|3612, 16707|3849, 16711|3995, 16717|4101, http://www.amazon.com, 
17013|1, 17013|2666, 17016|3070, 17017|3111, 17022|3144, 17022|3204, 17024|3229, 17030|3350, 17030|3480, 17040|3553, 17041|3598, 17045|3630, 17045|3780, 17050|3830, 17057|3966, 17081|4230, http://www.yahoo.com, 
17201|1, 17201|2772, 17204|2861, 17204|3010, 17205|3055, 17210|3087, 17210|3266, 17225|3310, 17297|3425, 17299|3452, 17299|3577, 17300|3644, 17300|4019, http://www.sina.com.cn, 
17353|1, 17353|2726, 17356|2960, 17357|3034, 17362|3069, 17362|3226, 17365|3252, 17365|3327, 17367|3395, 17367|3924, 17370|3946, 17373|3973, 17373|4031, http://www.sohu.com, 
17411|1, 17411|2784, 17414|2869, 17414|2923, 17417|3034, 17418|3195, 17423|3243, 17423|3433, 17428|3601, 17431|3665, 17431|3727, 17432|3777, 17432|4047, http://www.taobao.com, 
17461|1, 17461|2638, 17462|2687, 17462|2845, 17465|3046, 17465|3089, 17471|3173, 17471|3290, 17474|3341, 17479|3492, 17480|3522, 17480|4011, http://www.taobao.com, 
17529|1, 17529|2620, 17532|2795, 17535|3037, 17541|3123, 17541|3239, 17545|3313, 17547|3350, 17548|3471, 17548|3576, 17552|3621, 17552|3645, 17554|3679, 17554|4011, http://www.netflix.com, 
17648|1, 17648|2574, 17650|2615, 17650|2747, 17652|2781, 17653|2827, 17659|3069, 17659|3260, 17670|3447, 17672|3487, 17672|3659, 17678|3782, 17683|3858, 17683|4159, http://www.reddit.com, 
17702|1, 17702|2681, 17714|3034, 17714|3243, 17739|3553, 17739|4020, http://www.qq.com, 
17776|1, 17776|2487, 17781|2965, 17787|3167, 17789|3240, 17789|3293, 17791|3360, 17793|3418, 17793|3933, 17796|3961, 17799|4028, http://www.sohu.com, 
17835|1, 17835|2617, 17837|2666, 17840|2900, 17846|3014, 17846|3251, 17918|3481, 17918|3939, 17919|3967, 17919|4003, http://www.sina.com.cn, 
17962|1, 17962|2632, 17965|2986, 17966|3014, 17971|3054, 17971|3217, 17974|3308, 17977|3463, 17980|4048, http://www.360.cn, 
18003|1, 18003|2751, 18009|2954, 18009|3105, 18015|3222, 18015|3382, 18019|3574, 18022|3722, 18028|4494, http://www.360.cn, 
18053|1, 18053|2668, 18057|3071, 18062|3135, 18062|3161, 18075|3267, 18077|3459, 18077|4025, http://www.jd.com, 
18118|1, 18118|2743, 18121|2978, 18121|3038, 18127|3107, 18127|3426, 18133|3590, 18133|3696, 18137|3723, 18137|3746, 18138|3768, 18141|3854, 18141|4025, http://www.netflix.com, 
18214|1, 18214|1981, 18216|2015, 18216|2635, 18218|2683, 18227|3099, 18227|3216, 18232|3341, 18235|3404, 18235|3655, 18239|3728, 18239|3803, 18240|3824, 18241|3906, 18241|4012, http://www.live.com, 
18269|1, 18269|2648, 18272|2907, 18278|3026, 18278|3232, 18283|3412, 18289|3517, 18290|3591, 18290|4038, http://www.wikipedia.org, 
18308|1, 18308|2650, 18324|2891, 18326|2918, 18327|2952, 18327|3244, 18333|3353, 18333|3395, 18347|3545, 18349|3588, 18351|3628, 18382|3766, 18382|4016, http://www.facebook.com, 
18399|1, 18399|2763, 18406|2919, 18407|3046, 18412|3074, 18412|3405, 18418|3468, 18420|3500, 18422|3529, 18425|3561, 18437|3597, 18457|3635, 18465|3677, 18467|3717, 18471|3768, 18479|3810, 18480|3835, 18480|3959, 18481|3990, 18481|4011, http://www.google.com, 
18529|1, 18529|2999, 18532|3184, 18538|3253, 18538|3318, 18544|3528, 18544|3624, 18545|3650, 18545|4002, http://www.baidu.com, 
18643|1, 18643|3039, 18646|3074, 18646|3171, 18651|3230, 18654|3272, 18655|3318, 18656|3346, 18656|3696, 18675|3768, 18692|4061, http://www.baidu.com, 
18878|1, 18878|2747, 18887|2998, 18887|3150, 18891|3244, 18892|3302, 18893|3335, 18893|3375, 18897|3401, 18897|3427, 18901|3453, 18902|3500, 18902|4116, http://www.wikipedia.org, 
18917|1, 18917|2805, 18919|2875, 18926|3117, 18926|3210, 18929|3262, 18947|3306, 18949|3509, 18949|4016, http://www.qq.com, 
18983|1, 18983|2712, 18998|3092, 18998|3249, 19000|3280, 19002|3329, 19009|3412, 19009|3449, 19046|3539, 19052|3638, 19062|3699, 19064|3723, 19064|3835, 19065|3878, 19065|3927, 19075|3957, 19086|4075, http://www.google.com, 
19106|1, 19106|2904, 19110|3070, 19115|3102, 19115|3315, 19116|3399, 19120|3456, 19120|3485, 19124|3510, 19124|4002, http://www.taobao.com, 
19149|1, 19149|2689, 19152|2867, 19152|2956, 19158|3155, 19158|3235, 19162|3287, 19162|3312, 19164|3410, 19164|3459, 19166|3493, 19167|3518, 19169|3580, 19169|3763, 19181|3859, 19181|4040, http://www.reddit.com, 
19197|1, 19197|2643, 19200|2932, 19200|2999, 19206|3070, 19206|3165, 19208|3192, 19210|3223, 19212|3308, 19212|3420, 19218|3493, 19221|3521, 19221|3860, 19223|3890, 19223|4039, http://www.linkedin.com, 
19294|1, 19294|3027, 19297|3109, 19303|3149, 19303|3222, 19366|3621, 19366|4014, http://www.sina.com.cn, 
19425|1, 19425|2693, 19428|2894, 19431|3025, 19431|3288, 19438|3468, 19438|3705, 19444|3730, 19444|3795, 19445|3825, 19446|3847, 19446|4004, http://www.live.com, 
19462|1, 19462|2695, 19466|3019, 19471|3105, 19471|3183, 19473|3223, 19476|3300, 19478|3330, 19478|3441, 19479|3465, 19479|3675, 19480|3713, 19480|3863, 19485|3893, 19485|3961, 19488|3983, 19489|4005, http://www.vk.com, 
19518|1, 19518|2646, 19521|2892, 19521|2981, 19527|3033, 19527|3257, 19529|3292, 19531|3334, 19535|3435, 19536|3464, 19536|3792, 19537|3815, 19537|4020, http://www.live.com, 
19559|1, 19559|2618, 19562|2793, 19569|3018, 19569|3212, 19572|3264, 19574|3453, 19578|3484, 19578|3513, 19584|3544, 19585|3583, 19585|3931, 19587|3964, 19587|4047, http://www.linkedin.com, 
19656|1, 19656|2779, 19659|3032, 19659|3096, 19660|3120, 19665|3147, 19665|3275, 19667|3322, 19669|3398, 19670|3430, 19673|3490, 19677|3546, 19677|3746, 19687|3815, 19687|4299, http://www.reddit.com, 
19702|1, 19702|2750, 19705|2780, 19711|3061, 19711|3197, 19713|3250, 19718|3924, 19718|4010, http://www.360.cn, 
19743|1, 19743|2654, 19748|2928, 19754|3105, 19754|3237, 19757|3303, 19759|3407, 19759|3684, 19774|3712, 19775|3905, 19793|4272, http://www.baidu.com, 
19917|1, 19917|2747, 19920|2958, 19920|3027, 19921|3077, 19921|3109, 19924|3132, 19926|3156, 19926|3332, 19930|3381, 19930|3412, 19934|3438, 19935|3464, 19936|3489, 19938|3515, 19940|3593, 19940|4038, http://www.wikipedia.org, 
19977|1, 19977|2635, 19979|2676, 19988|3054, 19988|3219, 19989|3247, 19996|3542, 19996|4032, http://www.jd.com, 
20026|1, 20026|2577, 20033|2803, 20041|3003, 20041|3136, 20043|3220, 20052|3293, 20054|3357, 20058|3403, 20075|3430, 20093|3470, 20105|3598, 20109|3657, 20109|3779, 20110|3809, 20110|3858, 20111|3878, 20133|3936, 20133|4001, http://www.google.com, 
20175|1, 20175|2628, 20177|2670, 20177|2773, 20179|2857, 20180|3073, 20186|3139, 20186|3222, 20188|3249, 20190|3286, 20191|3319, 20193|3357, 20193|3401, 20195|3468, 20195|3612, 20199|3658, 20201|3697, 20201|4012, http://www.netflix.com, 
20267|1, 20267|2595, 20269|2831, 20270|2932, 20276|3111, 20276|3320, 20280|3357, 20282|3384, 20284|3488, 20284|3532, 20285|3556, 20288|3584, 20288|3611, 20290|3641, 20290|4004, http://www.netflix.com, 
20364|1, 20364|3596, 20366|3620, 20368|3646, 20369|3680, 20370|3716, 20376|3743, 20376|3767, 20379|3826, 20385|3851, 20385|4050, http://www.wikipedia.org, 
20401|1, 20401|2654, 20406|2823, 20412|3023, 20412|3199, 20428|3415, 20428|4014, http://www.jd.com, 
20463|1, 20463|2720, 20467|3085, 20472|3141, 20472|3303, 20474|3351, 20475|3377, 20479|3418, 20479|3474, 20480|3505, 20480|3637, 20482|3662, 20485|3688, 20485|3721, 20486|3747, 20486|4016, http://www.netflix.com, 
20544|1, 20544|2877, 20547|3070, 20548|3138, 20553|3177, 20553|3340, 20560|3478, 20560|3585, 20562|3624, 20562|3651, 20563|3676, 20563|3843, 20564|3866, 20564|4008, http://www.netflix.com, 
20620|1, 20620|2691, 20629|3079, 20629|3262, 20639|3492, 20639|3519, 20642|3542, 20642|3735, 20643|3761, 20650|3792, 20652|3854, 20652|4242, http://www.reddit.com, 
20686|1, 20686|2820, 20689|2939, 20690|2991, 20690|3039, 20695|3134, 20695|3269, 20701|3395, 20706|3447, 20708|3470, 20708|3719, 20718|3813, 20729|3903, 20749|4282, http://www.amazon.com, 
20818|1, 20818|2701, 20827|3109, 20827|3212, 20830|3266, 20832|3320, 20833|3412, 20833|4001, http://www.tmall.com, 
20852|1, 20852|2652, 20854|2708, 20854|2792, 20860|2827, 20863|2982, 20869|3109, 20869|3270, 20877|3376, 20878|3419, 20878|3455, 20880|3484, 20880|3537, 20883|3561, 20918|3592, 20920|3647, 20922|3685, 20925|3709, 20933|3826, 20934|4015, http://www.google.com, 
20979|1, 20979|2707, 20982|2971, 20983|3008, 20988|3049, 20988|3222, 20994|3328, 20995|3424, 20995|4017, http://www.tmall.com, 
21036|1, 21036|2674, 21041|2779, 21048|2992, 21053|3154, 21055|3195, 21058|3252, 21060|3303, 21065|3410, 21065|3465, 21069|3488, 21099|3530, 21104|3605, 21108|3659, 21115|3706, 21119|3745, 21119|3878, 21120|3901, 21134|4009, http://www.google.com, 
21184|1, 21184|2820, 21188|2892, 21193|3051, 21195|3127, 21199|3173, 21199|3321, 21210|3528, 21213|3572, 21249|3627, 21251|3657, 21254|3701, 21262|3822, 21262|3936, 21263|3971, 21263|4016, http://www.google.com, 
21296|1, 21296|2667, 21313|2940, 21314|3094, 21320|3137, 21320|3250, 21323|3286, 21323|3338, 21338|3547, 21360|3614, 21364|3639, 21365|3667, 21368|3690, 21374|4067, http://www.facebook.com, 
21390|1, 21390|2761, 21392|2836, 21411|3013, 21417|3264, 21417|3348, 21419|3382, 21421|3446, 21431|3562, 21433|3590, 21437|3618, 21442|3644, 21450|3676, 21465|3737, 21467|3902, 21467|4209, http://www.facebook.com, 
21482|1, 21482|2811, 21484|2867, 21485|2899, 21485|2948, 21486|2976, 21486|3009, 21491|3047, 21491|3354, 21494|3377, 21494|3456, 21496|3492, 21496|3542, 21499|3588, 21500|3612, 21502|3635, 21502|3839, 21503|3877, 21512|3940, 21512|4081, http://www.reddit.com, 
21526|1, 21526|2680, 21529|2724, 21531|2918, 21533|2961, 21536|3166, 21536|3220, 21537|3276, 21542|3401, 21543|3439, 21544|3470, 21544|3567, 21545|3591, 21545|3670, 21547|3698, 21547|3725, 21549|3751, 21558|3828, 21577|4350, http://www.imgur.com, 
21621|1, 21621|2614, 21623|2823, 21627|2921, 21632|3041, 21632|3208, 21634|3235, 21638|3328, 21640|3363, 21640|3395, 21641|3419, 21641|3468, 21642|3531, 21642|3635, 21643|3659, 21644|3685, 21646|3720, 21646|3746, 21653|3799, 21653|4303, http://www.imgur.com, 
21693|1, 21693|285, 21694|310, 21694|2607, 21696|2876, 21698|3009, 21701|3058, 21701|3293, 21702|3336, 21705|3429, 21705|3464, 21708|3497, 21708|3526, 21709|3557, 21709|3636, 21710|3691, 21710|3810, 21712|3844, 21714|3879, 21725|3925, 21725|4413, http://www.imgur.com, 
