43|1, 25|434, 17|465, 17|560, 18|587, 18|615, 19|661, 20|689, 20|741, 18|778, 23|959, 23|992, 30|1228, 32|1263, 31|1284, 31|1311, 33|1346, 31|1381, 30|1411, 30|1428, 31|1448, 32|1468, 30|1492, 32|1518, 32|1542, 31|1574, 29|1595, 29|1617, 27|1639, 27|1710, 28|1733, 28|1753, 31|1780, 29|1805, 32|1831, 32|1912, 35|1980, 35|2024, 39|2063, 36|2093, 43|2126, 29|2197, 29|2222, 24|2251, 18|2302, 21|2343, 21|2371, 20|2401, 22|2441, 21|2470, 21|2544, 22|2587, 22|2676, 24|2699, 27|2731, 25|2774, 28|2807, 26|2843, 28|2876, 25|2906, 22|2950, 24|2976, 24|2998, 20|3021, 20|3151, 17|3175, 17|3202, 18|3225, 18|3249, 19|3268, 17|3292, 18|3317, 19|3338, 17|3358, 18|3385, 18|3408, 17|3423, 16|3444, 17|3471, 16|3495, 16|3531, 14|3558, 14|3658, 13|3682, 13|3698, 12|3716, 12|3872, 11|3890, 11|4009, http://www.linkedin.com, 
11|1, 11|481, 12|506, 12|767, 13|791, 11|816, 11|2318, 12|2369, 12|2395, 17|2736, 17|2976, 15|3064, 15|3096, 16|3125, 17|3151, 19|3188, 18|3217, 17|3244, 17|3412, 14|3432, 12|3449, 12|3545, 16|3568, 17|4117, http://www.linkedin.com, 
10|1, 10|2482, 11|2562, 13|2717, 16|2958, 16|3105, 14|3229, 14|3319, 16|3344, 15|3383, 16|3406, 16|3429, 17|3455, 16|3480, 13|3507, 13|3635, 18|3731, 24|3771, 24|3794, 27|3816, 28|3990, 27|4065, http://www.yahoo.com, 
10|1, 10|1984, 11|2010, 11|2059, 13|2092, 16|2503, 16|2617, 12|2744, 14|2797, 14|2879, 13|2902, 13|3059, 12|3082, 12|3101, 14|3143, 14|3172, 16|3196, 16|3379, 15|3404, 15|3564, 18|3641, 22|3666, 28|3733, 18|3761, 21|3806, 19|3873, 19|3913, 13|3991, 13|4019, http://www.live.com, 
10|1, 10|2624, 13|2750, 16|3012, 16|3182, 12|3250, 12|3455, 14|3504, 14|3683, 15|3770, 14|3793, 14|4016, http://www.360.cn, 
12|1, 12|231, 11|259, 11|2449, 12|2547, 12|2611, 21|3048, 19|3092, 19|3178, 15|3201, 29|3457, 36|3537, 35|3567, 35|3622, 31|3698, 28|3767, 28|4072, http://www.facebook.com, 
14|1, 14|2486, 15|2584, 17|2756, 17|2892, 20|3004, 20|3119, 36|3312, 36|3352, 18|3508, 18|3749, 19|3776, 20|3803, 21|3881, 21|3908, 22|3932, 22|4023, http://www.qq.com, 
15|1, 15|2490, 16|2537, 19|2771, 21|3019, 21|3051, 17|3304, 18|3373, 18|3401, 16|3821, 17|3909, 17|3966, 18|3998, 19|4041, http://www.qq.com, 
15|1, 15|2421, 16|2476, 16|2532, 19|2827, 21|2871, 21|3044, 19|3239, 19|3274, 20|3298, 22|3355, 22|3377, 21|3400, 20|3425, 18|3459, 18|3548, 19|3569, 23|3646, 27|3689, 36|3792, 28|4144, http://www.yahoo.com, 
15|1, 15|580, 16|601, 16|1976, 17|2011, 17|2062, 19|2173, 20|2286, 22|2460, 22|2640, 20|2737, 20|2853, 19|2873, 19|2932, 21|2969, 21|3044, 20|3068, 20|3115, 19|3154, 21|3181, 21|3302, 23|3322, 23|3346, 24|3369, 24|3434, 22|3462, 26|3569, 20|3617, 21|3800, 24|3948, 31|3980, 31|4012, http://www.vk.com, 
19|1, 19|1356, 20|1378, 20|1434, 21|1461, 21|1671, 19|1692, 20|1716, 20|1813, 21|1840, 21|1923, 20|1945, 20|2161, 19|2181, 19|2312, 20|2350, 20|2621, 21|2649, 21|2730, 25|3011, 27|3193, 27|3298, 23|3348, 27|3493, 24|3517, 26|3544, 26|3712, 23|3764, 23|3950, 24|3970, 26|4053, http://www.instagram.com, 
21|1, 21|2401, 22|2439, 21|2533, 25|2669, 27|2835, 27|3013, 39|3099, 35|3223, 22|3257, 22|3487, 23|3515, 23|3534, 22|3556, 23|3598, 25|3641, 25|3716, 24|3743, 24|3828, 22|3852, 23|3878, 24|4010, http://www.jd.com, 
18|1, 18|2441, 19|2500, 19|2529, 24|2827, 24|3179, 26|3218, 26|3268, 23|3294, 25|3324, 25|3460, 27|3479, 26|3523, 26|3573, 25|3604, 25|3675, 24|3697, 24|3806, 28|3835, 28|3902, 23|3925, 23|3951, 20|3982, 20|4006, http://www.taobao.com, 
15|1, 15|658, 16|689, 16|980, 15|1012, 15|2492, 16|2615, 16|2642, 18|2759, 21|3035, 21|3250, 17|3305, 17|3471, 19|3503, 19|4003, http://www.baidu.com, 
16|1, 16|2472, 17|2502, 17|2615, 19|2662, 22|2823, 22|3053, 18|3127, 20|3285, 20|3310, 19|3338, 19|3362, 21|3387, 21|3450, 18|3524, 18|3570, 17|3591, 17|3723, 16|3767, 16|3867, 15|3889, 17|4017, http://www.netflix.com, 
12|1, 12|141, 14|163, 14|1050, 15|1070, 15|1741, 17|1788, 17|2503, 18|2527, 18|2562, 20|2728, 23|2980, 23|3034, 25|3065, 27|3190, 23|3259, 27|3279, 27|3371, 24|3396, 23|3435, 23|3544, 16|3613, 16|4003, http://www.tmall.com, 
16|1, 16|1165, 15|1185, 15|1294, 16|1315, 16|1898, 15|1923, 15|1978, 17|2003, 17|2323, 19|2409, 19|2444, 21|2622, 22|2785, 24|2849, 24|3052, 20|3173, 20|3299, 22|3335, 22|3887, 23|3911, 23|3965, 24|3986, 24|4004, http://www.baidu.com, 
19|1, 19|2459, 20|2506, 20|2532, 19|2581, 22|2627, 22|2661, 23|2775, 25|2905, 25|3063, 21|3137, 21|3177, 22|3224, 23|3275, 22|3300, 22|3395, 24|3429, 23|3455, 23|3526, 25|3570, 24|3597, 25|3665, 25|3720, 39|3799, 40|3828, 40|3854, 34|3955, 31|4219, http://www.imgur.com, 
19|1, 19|2434, 20|2483, 20|2523, 23|2759, 25|2926, 25|3092, 37|3169, 28|3565, 28|3611, 25|3695, 26|3739, 26|3769, 28|3793, 28|3818, 29|3848, 29|3894, 28|3920, 28|4008, http://www.sina.com.cn, 
19|1, 19|706, 20|729, 20|854, 21|873, 21|2366, 22|2478, 25|2679, 27|2833, 27|3120, 23|3190, 23|3361, 25|3394, 25|3494, 29|3543, 29|3567, 27|3589, 27|3799, 26|3827, 26|3937, 25|3984, 28|4059, http://www.live.com, 
21|1, 21|2444, 22|2613, 27|2829, 27|3057, 23|3087, 23|3311, 22|3332, 22|3464, 23|3489, 22|3696, 23|3765, 24|3808, 24|3932, 25|3976, 26|4012, http://www.sina.com.cn, 
22|1, 22|2435, 23|2501, 23|2579, 27|2806, 28|2907, 29|2941, 29|3084, 25|3111, 25|3165, 27|3191, 27|3236, 30|3298, 30|3331, 29|3352, 28|3375, 26|3396, 26|3589, 25|3609, 25|3648, 27|3760, 28|3791, 29|3814, 32|3847, 38|3967, 39|4006, http://www.amazon.com, 
20|1, 20|1130, 19|1156, 19|2385, 20|2463, 20|2519, 21|2545, 21|2591, 22|2769, 23|2877, 23|3243, 22|3301, 25|3362, 25|3386, 22|3428, 22|3574, 21|3666, 22|3710, 24|3783, 38|4113, http://www.reddit.com, 
20|1, 20|2565, 24|2876, 26|2940, 26|3204, 22|3242, 22|3297, 28|3729, 30|3790, 30|3868, 31|3924, 31|3964, 32|3986, 32|4017, http://www.360.cn, 
22|1, 21|77, 21|1176, 20|1203, 20|2687, 21|2741, 23|2776, 23|2958, 26|3044, 26|3258, 22|3283, 22|3352, 24|3401, 24|3610, 21|3632, 21|3743, 23|3767, 22|3790, 23|3812, 23|3840, 25|3882, 25|3954, 27|3981, 27|4010, http://www.taobao.com, 
22|1, 22|2461, 23|2511, 23|2624, 28|2911, 28|3112, 26|3195, 26|3253, 27|3283, 28|3322, 27|3363, 28|3385, 28|3589, 25|3647, 25|3779, 26|3803, 25|3877, 25|4022, http://www.instagram.com, 
22|1, 22|2866, 25|2942, 25|3112, 21|3218, 21|3455, 23|3478, 23|3566, 22|3596, 22|3679, 23|3719, 23|4004, http://www.baidu.com, 
18|1, 18|2435, 19|2492, 19|2521, 21|2580, 21|3027, 20|3060, 20|3090, 22|3151, 22|3544, 23|3578, 23|3763, 24|3790, 24|3867, 28|3892, 28|4020, http://www.sohu.com, 
18|1, 18|2470, 21|2550, 21|2692, 22|2788, 26|2900, 26|3112, 24|3241, 26|3286, 26|3586, 23|3615, 23|3780, 24|3865, 25|3896, 24|4077, http://www.instagram.com, 
19|1, 19|2578, 25|2944, 25|3218, 21|3242, 21|3331, 23|3458, 23|3577, 24|3645, 24|3723, 23|3748, 23|3799, 25|3862, 24|3903, 24|3950, 25|3980, 26|4027, http://www.vk.com, 
19|1, 19|948, 20|971, 20|2520, 21|2620, 21|2650, 23|2881, 26|2966, 26|3244, 22|3297, 24|3472, 30|3516, 29|3562, 29|3605, 28|3640, 26|3663, 26|3699, 25|3719, 25|3765, 26|3794, 26|3882, 32|3916, 30|4584, http://www.yahoo.com, 
20|1, 20|2579, 21|2731, 23|2867, 23|2956, 26|3083, 26|3356, 22|3383, 22|3617, 24|3647, 24|3705, 23|3729, 23|3808, 24|3850, 24|4043, http://www.vk.com, 
20|1, 20|2485, 21|2663, 23|2737, 24|2816, 26|3016, 26|3233, 22|3295, 24|3462, 26|3503, 24|3534, 24|3691, 22|3714, 23|3874, 23|4339, http://www.reddit.com, 
20|1, 20|2594, 21|2668, 23|2827, 24|2880, 26|3070, 26|3274, 27|3469, 26|3552, 26|3753, 24|3774, 29|4303, http://www.amazon.com, 
20|1, 20|2480, 21|2624, 21|2709, 24|2868, 26|2974, 26|3219, 22|3276, 22|3867, 24|3992, 26|4112, http://www.sina.com.cn, 
22|1, 22|477, 20|499, 20|2568, 24|2936, 26|3135, 26|3253, 22|3400, 24|3537, 24|3588, 25|3645, 33|4036, http://www.360.cn, 
20|1, 20|2119, 21|2170, 21|2238, 24|2365, 26|2604, 26|2800, 22|2846, 24|2984, 24|3104, 25|3133, 25|3273, 26|3332, 25|3389, 25|3474, 28|3522, 28|3598, 26|3634, 25|3685, 23|4175, http://www.vk.com, 
20|1, 20|2581, 21|2688, 23|2911, 26|3102, 26|3329, 22|3359, 22|3419, 24|3487, 24|3552, 26|3646, 26|3669, 27|3693, 26|3724, 23|3747, 22|3771, 22|3834, 23|3883, 46|4407, http://www.yahoo.com, 
19|1, 19|2063, 23|2429, 22|2486, 25|2524, 25|2743, 27|2845, 23|2928, 25|3064, 26|3179, 26|3221, 25|3245, 25|3343, 22|3368, 19|3393, 19|4005, http://www.tmall.com, 
20|1, 20|2635, 21|2664, 21|2728, 26|3171, 26|3260, 46|3320, 42|3404, 19|3565, 19|3623, 20|3773, 19|3805, 23|4007, http://www.qq.com, 
18|1, 18|2607, 19|2741, 18|2770, 21|2812, 22|2991, 24|3223, 24|3300, 36|3343, 19|3556, 19|3747, 32|3878, 19|4093, http://www.jd.com, 
17|1, 17|2550, 21|2880, 22|3101, 22|3132, 20|3200, 20|3268, 21|3450, 21|3485, 25|3520, 25|3725, 23|3776, 20|3814, 20|3939, 23|3962, 23|4004, http://www.amazon.com, 
17|1, 17|2567, 18|2612, 18|2659, 17|2709, 21|2852, 21|3084, 20|3110, 23|3157, 23|3300, 25|3339, 25|3414, 21|3436, 23|3461, 24|3486, 25|3508, 25|3532, 23|3558, 20|3588, 20|3728, 18|3750, 18|3808, 19|3828, 23|3941, 23|3970, 24|3997, 24|4023, http://www.linkedin.com, 
17|1, 17|2634, 18|2692, 18|2744, 17|2843, 23|3051, 23|3356, 19|3388, 19|3642, 21|3672, 21|3787, 20|3851, 24|4013, http://www.sohu.com, 
17|1, 17|2593, 18|2660, 21|2862, 21|2895, 23|3060, 23|3256, 19|3309, 19|3339, 21|3393, 21|3470, 23|3520, 25|3549, 24|3586, 23|3611, 20|3636, 20|3731, 18|3790, 18|3882, 22|3906, 22|4004, http://www.linkedin.com, 
17|1, 17|2622, 18|2773, 18|2810, 23|3252, 23|3364, 19|3405, 19|3488, 21|3642, 23|3672, 23|3844, 21|3923, 19|4063, http://www.instagram.com, 
17|1, 17|2571, 20|2845, 23|3109, 23|3248, 19|3270, 19|3332, 20|3364, 20|3554, 21|3596, 21|3647, 22|3680, 23|3713, 23|3796, 21|3870, 20|4137, http://www.imgur.com, 
17|1, 17|2580, 18|2711, 23|3177, 23|3223, 25|3270, 25|3357, 21|3387, 21|3468, 23|3498, 20|3523, 20|3568, 22|3595, 22|3649, 24|3685, 24|3754, 27|3852, 24|3873, 24|4001, http://www.taobao.com, 
17|1, 17|160, 18|188, 18|209, 20|238, 20|338, 17|366, 17|607, 18|633, 18|655, 20|677, 20|869, 17|895, 17|967, 18|1015, 18|1079, 20|1108, 20|1266, 17|1310, 17|2547, 18|2587, 18|2666, 20|2905, 21|2982, 23|3066, 23|3322, 18|3619, 18|3651, 19|3695, 19|4100, http://www.qq.com, 
17|1, 17|2799, 21|3053, 23|3148, 23|3331, 19|3432, 19|3527, 18|3552, 18|3787, 17|3809, 17|4017, http://www.sina.com.cn, 
17|1, 17|2621, 18|2668, 18|2727, 20|2789, 23|3107, 23|3339, 19|3370, 19|3576, 21|3607, 21|3765, 19|3803, 19|3828, 22|3884, 22|4002, http://www.live.com, 
18|1, 18|2604, 19|2697, 24|3031, 24|3307, 20|3372, 20|3567, 22|3601, 22|3684, 21|3729, 20|3799, 20|4007, http://www.live.com, 
18|1, 18|2564, 19|2630, 19|2698, 24|3013, 24|3262, 20|3306, 20|3628, 22|3657, 22|3730, 21|3789, 21|3850, 22|3871, 22|4020, http://www.baidu.com, 
18|1, 18|2610, 19|2667, 19|2747, 21|2801, 21|2925, 23|3089, 24|3219, 24|3246, 20|3411, 21|3502, 22|3560, 22|3923, 23|3955, 23|4010, http://www.qq.com, 
18|1, 18|2564, 19|2693, 24|3053, 24|3352, 22|3424, 22|3474, 23|3547, 23|3621, 19|3648, 20|3704, 20|3761, 19|3790, 19|3945, 22|3992, 22|4014, http://www.netflix.com, 
18|1, 18|2646, 19|2679, 23|2895, 24|2962, 23|2996, 26|3071, 26|3163, 24|3216, 24|3303, 20|3364, 22|3596, 23|3670, 23|3809, 21|3848, 21|4156, http://www.360.cn, 
18|1, 18|2441, 19|2616, 19|2666, 22|2873, 24|3023, 24|3169, 22|3342, 24|3413, 24|3441, 28|3476, 28|3502, 25|3553, 25|3640, 24|3725, 24|3748, 18|3770, 18|4007, http://www.tmall.com, 
17|1, 17|2267, 18|2300, 18|2537, 19|2599, 18|2696, 18|2749, 21|2971, 23|3143, 23|3312, 19|3413, 21|3467, 21|3597, 25|3645, 25|3808, 23|3833, 23|3886, 20|3922, 20|4020, http://www.amazon.com, 
17|1, 17|2536, 18|2584, 18|2611, 23|2997, 23|3168, 25|3250, 21|3274, 21|3418, 25|3454, 25|3639, 23|3675, 23|3709, 20|3757, 20|3885, 22|3916, 22|4021, http://www.amazon.com, 
17|1, 17|2019, 18|2157, 18|2195, 23|2597, 23|2801, 21|2874, 23|2968, 23|3219, 20|3255, 20|3444, 21|3580, 22|4042, http://www.instagram.com, 
17|1, 17|2649, 18|2704, 18|2749, 23|3129, 23|3283, 21|3411, 23|3528, 25|3559, 24|3595, 21|3628, 21|3779, 20|3803, 18|3824, 18|3851, 22|3886, 23|3971, 24|4028, http://www.linkedin.com, 
17|1, 17|2418, 18|2640, 23|2984, 20|3114, 22|3287, 22|3316, 21|3353, 23|3376, 23|3501, 21|3526, 21|3634, 19|3664, 18|3685, 18|3823, 22|3921, 22|4214, http://www.linkedin.com, 
17|1, 17|2604, 18|2705, 21|2998, 23|3193, 23|3402, 21|3515, 21|3633, 20|3660, 20|3689, 22|3716, 22|3850, 21|3882, 22|3933, 22|4005, http://www.vk.com, 
17|1, 17|2565, 18|2667, 20|2821, 21|2853, 23|3040, 23|3599, 24|3939, 26|4148, http://www.360.cn, 
18|1, 18|2077, 19|2180, 24|2505, 24|2759, 20|2817, 20|2946, 22|2973, 22|3077, 21|3105, 21|3515, 20|3550, 20|3664, 19|3814, 18|4069, http://www.live.com, 
17|1, 17|2580, 18|2682, 19|2791, 23|3027, 23|3346, 19|3406, 19|3697, 22|3725, 20|3789, 20|3849, 21|3872, 21|4002, http://www.sohu.com, 
20|1, 20|2670, 21|2720, 21|2753, 25|2846, 26|2944, 26|3015, 27|3228, 27|3455, 35|3599, 36|3626, 36|3663, 44|3800, 44|3826, 43|3884, 34|4133, http://www.facebook.com, 
20|1, 20|2157, 21|2202, 21|2265, 24|2483, 26|2633, 26|2787, 25|3083, 24|3133, 23|3237, 21|3376, 21|3669, 22|3715, 22|3819, 23|3865, 25|3893, 25|3920, 24|3964, 24|4039, http://www.wikipedia.org, 
20|1, 20|2540, 21|2576, 21|2632, 22|2718, 26|3051, 26|3294, 33|3327, 34|3431, 34|3490, 21|3746, 20|3844, 21|3940, 21|4020, http://www.jd.com, 
20|1, 20|2632, 21|2676, 26|3074, 26|3240, 24|3470, 24|3566, 23|3591, 25|3636, 25|3723, 24|3780, 24|3824, 26|3861, 26|3905, 25|3927, 26|4002, http://www.vk.com, 
20|1, 20|2546, 21|2663, 23|2804, 23|2875, 24|2935, 23|2977, 26|3069, 26|3319, 24|3453, 24|3536, 27|3842, 27|4093, http://www.sohu.com, 
19|1, 19|2539, 27|2975, 27|3323, 37|3503, 36|3571, 43|3703, 41|3838, 40|3872, 38|3900, 37|3929, 38|4374, http://www.facebook.com, 
19|1, 19|2607, 20|2662, 20|2692, 22|2896, 22|2925, 25|3125, 25|3246, 21|3356, 23|3482, 23|3511, 22|3532, 25|3591, 28|3618, 28|3644, 24|3677, 21|3732, 21|3815, 30|3932, 31|4016, http://www.yahoo.com, 
19|1, 19|1810, 20|1843, 20|2091, 21|2163, 21|2198, 20|2289, 26|2584, 26|2809, 27|2847, 22|2882, 23|2927, 23|2983, 24|3058, 24|3116, 25|3146, 25|3258, 26|3325, 27|3358, 27|3396, 25|3430, 21|4020, http://www.imgur.com, 
19|1, 19|2512, 20|2567, 20|2671, 22|2913, 25|3012, 25|3319, 21|3353, 21|3589, 23|3611, 23|3682, 22|3703, 22|3818, 23|3849, 23|4021, http://www.baidu.com, 
21|1, 21|2592, 22|2672, 22|2753, 24|2812, 24|3118, 26|3228, 44|3458, 24|3802, 26|4037, http://www.qq.com, 
19|1, 19|2589, 20|2667, 20|2697, 22|2819, 22|2908, 25|3131, 25|3278, 27|3329, 23|3369, 23|3492, 25|3517, 25|3542, 26|3659, 26|3695, 30|3724, 30|3782, 29|3808, 26|3835, 26|3936, 23|3962, 20|3985, 20|4032, http://www.taobao.com, 
16|1, 16|2525, 17|2660, 20|2922, 20|3277, 19|3722, 18|3849, 18|4081, http://www.sina.com.cn, 
16|1, 16|2630, 17|2686, 19|2914, 21|3033, 22|3079, 22|3221, 20|3377, 20|3454, 24|3510, 23|3537, 25|3562, 24|3598, 21|3625, 21|3647, 18|3670, 18|3744, 19|3778, 23|3840, 26|3875, 36|3960, 31|4305, http://www.yahoo.com, 
16|1, 16|2656, 17|2698, 17|2774, 22|3190, 22|3349, 20|3438, 24|3530, 20|3570, 20|3742, 17|3792, 18|4034, http://www.amazon.com, 
16|1, 16|2032, 17|2080, 17|2128, 19|2204, 19|2485, 22|2606, 22|2719, 23|2987, 20|3035, 20|3168, 18|3203, 18|3225, 17|3251, 17|4023, http://www.reddit.com, 
16|1, 16|2548, 17|2701, 19|2774, 19|2804, 20|2875, 20|3171, 18|3212, 18|3411, 20|3442, 20|3482, 22|3595, 22|3627, 26|3655, 26|3699, 23|3722, 23|3743, 22|3766, 22|3906, 16|3931, 16|4018, http://www.tmall.com, 
16|1, 16|2016, 17|2179, 17|2207, 19|2496, 22|2594, 22|2772, 24|2835, 20|2879, 20|2999, 19|3072, 20|3103, 22|3128, 22|3161, 24|3196, 27|3288, 27|3446, 24|3516, 24|3584, 18|3606, 18|3677, 26|3735, 26|3759, 25|3787, 21|3837, 21|4017, http://www.taobao.com, 
16|1, 16|2507, 17|2662, 17|2698, 22|3150, 22|3325, 18|3349, 20|3531, 22|3597, 23|3623, 21|3661, 19|3687, 19|3753, 18|3788, 19|3830, 28|3983, 24|4735, http://www.yahoo.com, 
16|1, 16|2546, 17|2589, 17|2636, 18|2782, 18|2909, 24|3012, 24|3051, 22|3206, 25|3233, 25|3348, 37|3495, 34|3588, 40|3622, 40|3668, 38|3697, 37|3724, 36|3766, 29|3920, 28|3949, 28|4032, http://www.facebook.com, 
16|1, 16|2592, 17|2649, 17|2816, 19|2907, 22|3033, 22|3339, 24|3408, 24|3473, 26|3563, 27|3594, 27|3619, 25|3714, 22|3815, 21|3881, 21|4199, http://www.wikipedia.org, 
21|1, 21|2624, 22|2678, 21|2766, 27|3053, 29|3177, 27|3219, 27|3414, 31|3449, 31|3488, 49|3525, 49|3590, 55|3618, 73|3649, 77|3703, 74|3808, 66|3841, 68|3866, 70|3912, 60|3988, 56|4018, http://www.google.com, 
21|1, 21|2684, 22|2715, 22|2777, 21|2803, 21|2843, 27|3144, 27|3334, 78|3681, 75|3918, 66|4020, http://www.google.com, 
21|1, 21|2531, 22|2574, 22|2663, 25|2859, 24|2924, 27|3048, 27|3289, 29|3355, 29|3397, 31|3494, 35|3520, 35|3636, 32|3660, 32|3717, 31|3742, 31|3817, 25|3875, 25|3898, 21|3923, 21|4017, http://www.tmall.com, 
21|1, 21|2612, 27|3139, 27|3270, 29|3308, 29|3364, 31|3453, 35|3499, 35|3581, 32|3604, 32|3789, 25|3814, 25|3963, 21|3998, 21|4020, http://www.tmall.com, 
21|1, 21|2455, 22|2603, 22|2662, 21|2703, 21|2732, 24|2807, 24|2941, 27|3036, 27|3314, 29|3395, 29|3523, 28|3556, 30|3600, 30|3747, 27|3827, 26|3851, 29|4041, http://www.vk.com, 
21|1, 21|2670, 22|2741, 29|3194, 27|3305, 40|3414, 39|3488, 45|3544, 35|4136, http://www.facebook.com, 
20|1, 20|2572, 21|2653, 21|2758, 26|3046, 26|3271, 28|3368, 26|3507, 26|3529, 29|3588, 28|3630, 28|3655, 25|3678, 25|3709, 22|3731, 23|3756, 23|3849, 24|3869, 25|3896, 25|3918, 24|3945, 26|4020, http://www.imgur.com, 
20|1, 20|2643, 21|2765, 21|2984, 26|3114, 26|3270, 27|3304, 27|3350, 33|3510, 33|3689, 30|3734, 24|3850, 25|3995, 22|4043, http://www.instagram.com, 
20|1, 20|2663, 23|2917, 26|3088, 26|3321, 27|3357, 27|3442, 29|3537, 27|3562, 27|3589, 26|3617, 22|3810, 20|3908, 20|4033, http://www.jd.com, 
20|1, 20|2499, 21|2629, 21|2659, 24|3022, 27|3149, 27|3207, 28|3255, 29|3312, 29|3545, 28|3569, 29|3603, 29|3629, 25|3655, 29|3705, 27|3731, 31|4073, http://www.sohu.com, 
20|1, 20|2584, 21|2639, 23|2991, 26|3056, 26|3149, 27|3258, 29|3336, 30|3399, 31|3438, 27|3552, 27|3579, 29|3621, 26|3765, 25|3864, 22|4097, http://www.instagram.com, 
20|1, 20|2565, 21|2605, 21|2633, 26|2948, 26|3063, 27|3129, 33|3181, 40|3216, 40|3244, 41|3314, 23|3614, 22|3674, 22|3747, 25|3820, 29|4040, http://www.jd.com, 
20|1, 20|2643, 21|2676, 21|2776, 24|2986, 23|3128, 23|3256, 24|3523, 24|3564, 25|3622, 26|3674, 27|3712, 25|3736, 25|3758, 27|3781, 27|3830, 28|3863, 23|3990, 23|4097, http://www.imgur.com, 
20|1, 20|2620, 21|2656, 21|2771, 26|3116, 26|3289, 27|3334, 27|3591, 25|3647, 27|3842, 27|4382, http://www.sohu.com, 
20|1, 20|2555, 21|2636, 21|2837, 26|3067, 26|3193, 27|3240, 27|3283, 28|3313, 29|3354, 31|3408, 29|3431, 25|3482, 25|3579, 26|3703, 22|4216, http://www.instagram.com, 
20|1, 20|2554, 23|2771, 23|2901, 26|3131, 26|3180, 27|3243, 27|3278, 25|3369, 27|3415, 25|3456, 27|3614, 26|3641, 26|3697, 21|3985, 25|4287, http://www.wikipedia.org, 
20|1, 20|2571, 21|2646, 24|2860, 26|3124, 27|3179, 31|3376, 29|3410, 29|3435, 30|3475, 29|3625, 21|4168, http://www.wikipedia.org, 
21|1, 21|2186, 22|2217, 22|2333, 24|2371, 24|2688, 28|2767, 28|2959, 26|3069, 26|3139, 25|3200, 25|3232, 24|3256, 24|3324, 22|3348, 35|3390, 22|3477, 23|3550, 26|3702, 29|4009, http://www.amazon.com, 
20|1, 20|2607, 24|3014, 26|3115, 27|3160, 27|3246, 29|3356, 25|3428, 25|3526, 26|3611, 27|3642, 25|3672, 23|3695, 23|3842, 33|3980, 42|4094, http://www.yahoo.com, 
20|1, 20|2525, 21|2651, 21|2712, 23|2845, 23|3021, 26|3049, 26|3216, 27|3247, 27|3309, 35|3426, 35|3490, 24|3522, 24|3563, 26|3641, 23|3695, 22|3823, 22|4029, http://www.sina.com.cn, 
20|1, 20|2524, 21|2652, 20|2746, 23|2980, 26|3053, 26|3178, 27|3216, 27|3271, 28|3321, 27|3383, 27|3586, 28|3614, 25|3636, 25|3656, 27|3679, 29|3704, 29|3726, 27|3747, 27|4017, http://www.sohu.com, 
20|1, 20|2701, 21|2754, 21|2848, 22|2938, 23|3031, 23|3200, 26|3259, 26|3448, 25|3615, 27|3682, 27|3708, 26|3742, 26|3782, 28|3818, 28|3841, 32|3867, 31|3903, 30|3942, 30|4057, http://www.taobao.com, 
20|1, 20|2580, 21|2612, 21|2663, 20|2713, 23|2744, 24|3058, 24|3098, 26|3193, 27|3277, 29|3316, 29|3517, 26|3547, 28|3584, 32|3627, 32|3703, 30|3726, 30|3748, 27|3771, 27|3898, 21|3925, 21|4037, http://www.taobao.com, 
17|1, 17|2627, 18|2809, 23|2925, 23|3168, 24|3196, 24|3232, 22|3328, 22|3488, 21|3516, 21|3596, 22|3638, 22|3689, 18|3754, 18|4008, http://www.netflix.com, 
17|1, 17|2501, 18|2571, 18|2623, 20|2745, 21|2793, 21|2829, 20|2890, 23|3117, 23|3187, 24|3215, 20|3250, 26|3438, 27|3490, 24|3527, 24|3631, 21|3655, 19|3719, 22|3835, 22|4028, http://www.reddit.com, 
17|1, 17|2611, 18|2668, 18|2697, 23|3043, 23|3261, 18|3548, 18|3700, 19|3759, 18|3826, 18|3902, 19|3933, 20|3970, 21|3996, 21|4032, http://www.qq.com, 
17|1, 17|2526, 20|2939, 24|3198, 24|3273, 25|3332, 23|3398, 24|3456, 24|3483, 22|3508, 22|3593, 23|3634, 23|3685, 27|3708, 27|3733, 26|3755, 24|3781, 24|4041, http://www.sohu.com, 
17|1, 17|2574, 18|2640, 18|2685, 19|2922, 23|3008, 23|3188, 24|3238, 24|3272, 20|3301, 22|3627, 20|3938, 20|4024, http://www.sina.com.cn, 
17|1, 17|2590, 18|2651, 18|2678, 23|3032, 23|3174, 24|3199, 24|3229, 25|3320, 22|3366, 20|3764, 21|4022, http://www.360.cn, 
17|1, 17|2666, 18|2756, 20|2956, 22|3096, 23|3230, 23|3397, 20|3449, 21|3734, 23|3878, 23|4250, http://www.360.cn, 
17|1, 17|2652, 18|2681, 18|3068, 24|3152, 24|3184, 25|3228, 32|3480, 19|3509, 18|3689, 17|3909, 17|4036, http://www.jd.com, 
17|1, 17|1316, 18|1336, 18|1586, 17|1615, 17|2627, 18|2762, 18|2793, 22|3027, 23|3122, 23|3344, 19|3371, 20|3399, 20|3446, 25|3609, 25|3657, 24|3684, 24|3708, 26|3742, 26|3788, 20|3873, 18|3908, 18|4035, http://www.netflix.com, 
17|1, 17|1796, 18|1829, 18|2061, 19|2091, 19|2123, 17|2152, 17|2563, 18|2684, 18|2744, 23|3167, 23|3229, 24|3256, 24|3334, 20|3481, 20|3510, 22|3543, 22|3654, 20|3693, 20|3804, 21|3839, 21|4012, http://www.live.com, 
17|1, 17|2557, 18|2656, 21|2911, 23|3028, 23|3214, 24|3241, 24|3387, 25|3509, 24|3607, 24|3689, 18|3916, 18|4050, http://www.wikipedia.org, 
17|1, 17|2581, 18|2651, 26|2905, 26|2936, 24|2965, 24|3133, 23|3154, 22|3195, 22|3219, 25|3251, 25|3410, 38|3538, 35|3608, 34|3635, 43|3741, 37|4034, http://www.facebook.com, 
17|1, 17|2605, 18|2686, 18|2745, 20|2775, 23|2926, 25|3064, 23|3090, 23|3121, 24|3156, 24|3212, 23|3255, 23|3309, 19|3346, 20|3395, 24|3421, 24|3445, 34|3515, 44|3544, 44|3571, 48|3614, 60|3639, 71|3692, 67|3734, 67|3783, 66|3827, 66|3877, 62|3916, 59|3976, 55|4007, http://www.google.com, 
17|1, 17|2631, 18|2683, 18|2833, 20|3013, 21|3125, 23|3255, 21|3326, 23|3442, 21|3570, 21|3665, 20|3690, 22|3715, 21|3757, 21|3815, 20|3871, 20|3923, 21|3948, 21|4017, http://www.baidu.com, 
18|1, 18|2556, 19|2681, 21|3025, 21|3085, 22|3179, 25|3247, 24|3281, 24|3364, 22|3404, 22|3587, 21|3607, 21|3649, 20|3669, 20|3715, 28|3772, 29|3843, 29|3885, 28|3931, 29|3959, 29|4049, http://www.baidu.com, 
20|1, 20|2437, 21|2586, 21|2635, 23|2741, 26|2967, 26|3078, 27|3113, 27|3164, 28|3218, 29|3312, 27|3350, 27|3392, 29|3420, 29|3445, 30|3470, 30|3497, 27|3555, 27|3583, 24|3617, 22|3719, 22|4133, http://www.wikipedia.org, 
17|1, 17|2588, 18|2647, 18|2705, 20|2758, 21|2858, 23|3125, 24|3167, 24|3216, 25|3261, 44|3319, 40|3509, 20|3691, 20|3716, 19|3785, 20|3822, 20|3864, 23|3899, 23|4024, http://www.qq.com, 
17|1, 17|2627, 18|2706, 23|3106, 23|3182, 24|3210, 24|3264, 25|3295, 27|3335, 44|3427, 42|3461, 71|3555, 67|3637, 67|3762, 66|3784, 64|3807, 62|3830, 58|3852, 56|3893, 48|3919, 40|3943, 44|4064, http://www.google.com, 
17|1, 17|2704, 18|2766, 23|3035, 23|3282, 26|3321, 22|3364, 28|3464, 28|3521, 30|3547, 25|3570, 25|3593, 29|3620, 29|3737, 25|3760, 25|3782, 24|3803, 24|3887, 18|3930, 18|4010, http://www.taobao.com, 
17|1, 17|2673, 18|2704, 20|2877, 20|2969, 23|3121, 24|3225, 24|3251, 25|3303, 21|3330, 20|3423, 24|3453, 24|3476, 26|3508, 27|3534, 27|3565, 24|3622, 24|3647, 21|3673, 21|3756, 19|3780, 20|3848, 20|4056, http://www.reddit.com, 
17|1, 17|2596, 18|2641, 20|2936, 23|3009, 23|3087, 24|3131, 24|3179, 25|3210, 25|3241, 26|3289, 22|3438, 26|3511, 26|3541, 25|3562, 21|3585, 21|3675, 19|3723, 19|3837, 18|3858, 18|3879, 22|3905, 22|4155, http://www.linkedin.com, 
17|1, 17|2623, 18|2657, 20|2779, 20|2823, 23|3119, 23|3166, 20|3208, 21|3239, 60|3466, 57|3764, 57|3807, 58|3834, 19|4006, http://www.sina.com.cn, 
17|1, 17|2650, 18|2716, 21|2898, 21|3228, 22|3251, 22|3280, 20|3307, 22|3464, 22|3625, 21|3647, 21|3667, 20|3689, 20|4006, http://www.live.com, 
17|1, 17|2544, 18|2638, 18|2680, 17|2710, 20|2931, 24|3126, 24|3203, 25|3229, 25|3270, 24|3351, 24|3486, 23|3511, 23|3536, 25|3563, 25|3586, 22|3607, 22|3697, 21|3726, 23|3760, 22|3782, 22|3885, 23|3913, 24|3942, 25|3963, 25|4004, http://www.vk.com, 
17|1, 17|2630, 18|2660, 21|2895, 21|2944, 23|2988, 23|3194, 24|3216, 24|3269, 21|3306, 21|3344, 20|3448, 20|3546, 22|3575, 22|3642, 20|3665, 20|3719, 19|3743, 19|3946, 20|3968, 20|4011, http://www.live.com, 
17|1, 17|2569, 18|2632, 18|2724, 21|2858, 20|3073, 20|3131, 21|3158, 21|3261, 22|3475, 24|3506, 24|3533, 25|3565, 25|3603, 23|3628, 20|3649, 20|3743, 18|3769, 18|3937, 22|3984, 22|4062, http://www.linkedin.com, 
17|1, 17|2675, 21|2892, 21|3083, 23|3109, 23|3252, 25|3335, 28|3410, 24|3443, 26|3501, 26|3562, 24|3589, 24|3720, 21|3743, 21|3764, 20|3830, 20|4315, http://www.reddit.com, 
17|1, 17|2535, 18|2592, 18|2645, 20|2742, 20|2803, 23|3087, 23|3163, 24|3185, 24|3277, 22|3761, 21|3985, 21|4016, http://www.360.cn, 
17|1, 17|2532, 18|2635, 18|2671, 21|2945, 23|3080, 23|3176, 24|3216, 24|3251, 20|3306, 22|3424, 22|3643, 19|3663, 19|3726, 30|3800, 32|4142, http://www.baidu.com, 
19|1, 19|2611, 20|2636, 20|2717, 19|2766, 22|2958, 22|3013, 25|3097, 25|3266, 26|3299, 26|3355, 29|3407, 26|3439, 26|3489, 27|3515, 27|3565, 24|3646, 23|3736, 23|3761, 21|3790, 21|3818, 20|3856, 20|4034, http://www.wikipedia.org, 
17|1, 17|2614, 18|2690, 18|2721, 23|3108, 23|3219, 24|3241, 24|3306, 20|3494, 19|3720, 19|3760, 17|3802, 17|4015, http://www.jd.com, 
17|1, 17|2468, 18|2595, 22|2824, 25|3024, 25|3063, 23|3109, 24|3135, 24|3188, 26|3316, 42|3373, 42|3429, 50|3455, 69|3480, 59|3601, 59|3743, 58|3767, 54|3805, 48|3834, 40|3864, 40|3906, 42|3946, 42|4025, http://www.google.com, 
17|1, 17|2522, 18|2590, 18|2648, 19|2691, 17|2738, 20|2860, 20|2987, 23|3155, 24|3194, 24|3243, 25|3263, 25|3296, 22|3334, 22|3373, 20|3402, 20|3486, 22|3519, 22|3565, 21|3586, 20|3611, 20|3633, 22|3676, 22|3703, 18|3798, 18|4013, http://www.netflix.com, 
17|1, 17|2603, 20|2822, 21|2940, 23|3041, 23|3209, 24|3235, 24|3290, 21|3362, 22|3398, 22|3571, 23|3597, 23|3650, 20|3685, 19|3728, 18|3751, 17|4015, http://www.netflix.com, 
17|1, 17|2651, 18|2684, 18|2710, 17|2814, 20|2997, 20|3286, 21|3320, 21|3405, 23|3438, 23|3534, 24|3563, 24|3618, 25|3643, 26|3669, 27|3693, 28|3737, 30|3766, 30|3791, 28|3848, 28|3872, 26|3916, 23|4070, http://www.wikipedia.org, 
17|1, 17|2635, 18|2676, 18|2727, 20|2836, 23|3097, 23|3217, 24|3246, 24|3301, 22|3531, 22|3597, 21|3807, 21|3834, 22|3860, 22|3932, 24|3963, 24|4064, http://www.jd.com, 
17|1, 17|2641, 18|2673, 18|2735, 23|3020, 23|3224, 24|3251, 24|3309, 21|3369, 22|3394, 22|3434, 20|3465, 20|3546, 21|3579, 21|3679, 22|3705, 22|3761, 21|3788, 19|3813, 20|3837, 19|4014, http://www.netflix.com, 
17|1, 17|2629, 18|2658, 18|2774, 21|3004, 23|3152, 23|3263, 24|3302, 24|3342, 26|3475, 24|3523, 22|3545, 22|3596, 23|3632, 23|3667, 22|3691, 22|3829, 21|3858, 21|4003, http://www.netflix.com, 
17|1, 17|2625, 18|2669, 18|2698, 23|3085, 23|3191, 24|3213, 24|3271, 22|3461, 25|3533, 25|3582, 22|3603, 22|3751, 20|3778, 22|3803, 22|4197, http://www.reddit.com, 
17|1, 17|2582, 18|2698, 18|2733, 20|2801, 20|2956, 23|3000, 23|3203, 24|3230, 24|3281, 28|3375, 25|3466, 25|3512, 22|3539, 22|3719, 21|3741, 22|3763, 20|3923, 25|4248, http://www.amazon.com, 
17|1, 17|2677, 18|2709, 21|3098, 24|3171, 24|3258, 28|3327, 24|3428, 28|3456, 28|3539, 25|3565, 25|3704, 19|3732, 19|3755, 18|3778, 18|4001, http://www.tmall.com, 
17|1, 17|2598, 18|2633, 18|2704, 20|2787, 21|2844, 20|2967, 23|3126, 23|3199, 24|3244, 24|3279, 26|3393, 25|3434, 24|3464, 34|3502, 42|3528, 42|3579, 56|3609, 69|3662, 68|3703, 65|3726, 57|3813, 62|3873, 62|3898, 61|3918, 59|3950, 59|4031, http://www.google.com, 
17|1, 17|2549, 18|2650, 18|2682, 20|2726, 21|2881, 23|3022, 23|3146, 24|3174, 24|3208, 26|3239, 24|3333, 28|3444, 28|3495, 25|3521, 25|3673, 18|3715, 18|4017, http://www.tmall.com, 
17|1, 17|2529, 18|2595, 18|2629, 20|2794, 21|2897, 24|3164, 25|3209, 26|3244, 21|3312, 42|3422, 42|3502, 61|3540, 70|3615, 67|3665, 67|3802, 62|3870, 57|3893, 55|3914, 52|3939, 54|4011, http://www.google.com, 
17|1, 17|2618, 18|2698, 20|2825, 20|2888, 23|2950, 25|3130, 25|3186, 24|3219, 23|3247, 24|3275, 24|3338, 25|3383, 42|3574, 71|3628, 70|3673, 63|3705, 54|3797, 54|3872, 53|3904, 55|3927, 55|3951, 54|3977, 52|4014, http://www.google.com, 
17|1, 17|2570, 18|2618, 18|2663, 25|2859, 28|3086, 26|3156, 25|3183, 25|3208, 26|3240, 26|3342, 35|3566, 44|3633, 43|3659, 42|3685, 39|4041, http://www.facebook.com, 
17|1, 17|2681, 18|2721, 18|2779, 19|2808, 27|3008, 26|3281, 27|3346, 27|3370, 28|3397, 29|3467, 37|3576, 37|3612, 36|3641, 35|3665, 40|3691, 42|3759, 40|3786, 37|4209, http://www.facebook.com, 
17|1, 17|2630, 18|2703, 20|2786, 20|2818, 21|2877, 21|2918, 20|2954, 23|2994, 23|3276, 24|3307, 20|3342, 20|3426, 22|3468, 24|3513, 24|3537, 22|3561, 23|3586, 25|3633, 25|3656, 24|3679, 24|3738, 22|3780, 22|3883, 23|3930, 18|4099, http://www.reddit.com, 
17|1, 17|2625, 18|2678, 18|2747, 20|2820, 23|2982, 21|3178, 21|3239, 22|3298, 21|3366, 23|3462, 21|3493, 21|3516, 22|3544, 22|3614, 24|3640, 23|3667, 23|3693, 25|3719, 25|3774, 24|3798, 20|3885, 24|4277, http://www.imgur.com, 
17|1, 17|2522, 18|2621, 18|2654, 23|2908, 23|3137, 24|3160, 24|3212, 20|3248, 24|3343, 24|3374, 21|3408, 21|3459, 23|3483, 22|3544, 23|3571, 24|3596, 23|3623, 23|3674, 25|3698, 24|3723, 22|3760, 24|3803, 20|3850, 20|4265, http://www.imgur.com, 
17|1, 17|164, 18|198, 18|400, 17|428, 17|2785, 23|3026, 21|3079, 21|3282, 22|3312, 20|3357, 20|3448, 23|3485, 23|3547, 24|3579, 23|3607, 24|3636, 24|3683, 25|3740, 26|3777, 24|3806, 24|3832, 26|3865, 26|3899, 22|3947, 20|4182, http://www.imgur.com, 
