203|1, 203|534, 204|577, 204|932, 205|969, 206|1003, 206|1106, 207|1134, 209|1157, 209|1188, 210|1209, 210|1254, 211|1283, 211|1395, 213|1419, 214|1454, 214|1542, 215|1594, 215|1640, 217|1682, 219|1710, 219|1960, 220|1990, 220|2018, 222|2055, 222|2363, 226|2388, 226|2422, 227|2461, 229|2494, 230|2520, 231|2564, 232|2589, 232|2612, 233|2634, 233|2741, 234|2765, 235|2794, 236|2814, 236|2881, 238|2907, 238|2950, 240|2971, 240|3036, 241|3060, 242|3087, 242|3124, 243|3151, 243|4017, http://www.linkedin.com, 
244|1, 244|2476, 246|2705, 246|2806, 247|2851, 247|3118, 248|3156, 250|3186, 250|4057, http://www.linkedin.com, 
276|1, 276|2660, 278|2883, 278|2939, 279|2984, 279|3400, 281|3427, 281|3478, 282|3538, 282|3644, 283|3713, 283|3790, 290|3980, 290|4046, http://www.yahoo.com, 
304|1, 304|2303, 307|2528, 307|3617, 310|3679, 310|4021, http://www.live.com, 
318|1, 318|2583, 320|2888, 320|2989, 321|3024, 321|4004, http://www.360.cn, 
332|1, 332|2553, 334|2808, 339|3026, 339|3200, 346|3477, 348|3505, 349|3554, 349|4038, http://www.facebook.com, 
358|1, 358|2749, 360|2906, 360|3001, 361|3031, 361|3748, 364|3825, 364|3854, 365|3878, 365|4024, http://www.qq.com, 
380|1, 380|2748, 383|2991, 384|4009, http://www.qq.com, 
390|1, 390|2510, 392|2807, 392|2873, 393|2927, 393|3327, 394|3349, 395|3374, 395|3409, 396|3431, 396|3666, 403|3955, 409|4209, http://www.yahoo.com, 
426|1, 426|2144, 428|2377, 428|2451, 429|2485, 429|3359, 430|3380, 431|3405, 431|3443, 433|3552, 433|3629, 436|3879, 436|4013, http://www.vk.com, 
447|1, 447|1460, 448|1484, 448|1847, 449|1870, 449|2858, 451|3008, 452|3175, 452|3439, 454|3467, 454|3490, 456|3521, 456|4077, http://www.instagram.com, 
468|1, 468|2811, 470|2850, 470|2905, 471|2928, 471|3582, 472|3616, 474|3641, 474|3691, 475|3728, 475|3830, 476|3854, 476|4005, http://www.jd.com, 
487|1, 487|2645, 489|2807, 489|2848, 490|2921, 490|3804, 491|3826, 493|3847, 493|3920, 494|3954, 494|4001, http://www.taobao.com, 
519|1, 519|2729, 521|3027, 522|3087, 522|4009, http://www.baidu.com, 
538|1, 538|2641, 540|2883, 541|2957, 541|3375, 543|3452, 543|4003, http://www.netflix.com, 
560|1, 560|2692, 562|2934, 562|2959, 563|2990, 563|4009, http://www.tmall.com, 
591|1, 591|2771, 593|2826, 593|2884, 594|2904, 594|4025, http://www.baidu.com, 
609|1, 609|2814, 611|2885, 611|2908, 612|2929, 612|3575, 614|3644, 614|4120, http://www.imgur.com, 
632|1, 632|2737, 634|2900, 634|2968, 635|2992, 635|3783, 636|3813, 638|3835, 638|3884, 639|3906, 639|4052, http://www.sina.com.cn, 
644|1, 644|2762, 646|2815, 646|2927, 647|2970, 647|4024, http://www.live.com, 
658|1, 658|2745, 660|2813, 661|2930, 661|4005, http://www.sina.com.cn, 
670|1, 670|2555, 672|2826, 672|2887, 673|2912, 673|3273, 674|3301, 675|3323, 675|3785, 678|3906, 678|4062, http://www.amazon.com, 
694|1, 694|2782, 696|2888, 697|2929, 697|3239, 698|3301, 699|3323, 701|3367, 701|3390, 702|3414, 702|3637, 703|3677, 705|4093, http://www.reddit.com, 
714|1, 714|2873, 716|2931, 717|3112, 717|3468, 718|3715, 718|3810, 719|3850, 719|4025, http://www.360.cn, 
729|1, 729|2922, 731|3104, 732|3152, 732|4016, http://www.taobao.com, 
740|1, 740|2739, 742|2899, 743|2968, 743|3267, 745|3296, 745|3357, 747|3381, 747|4001, http://www.instagram.com, 
764|1, 764|2846, 766|2913, 766|2979, 767|3004, 767|4034, http://www.baidu.com, 
780|1, 780|2684, 782|2829, 783|2870, 783|4003, http://www.sohu.com, 
809|1, 809|2770, 811|2917, 811|2946, 812|2991, 812|3239, 814|3297, 814|3349, 816|3373, 816|3850, 817|3941, 817|4099, http://www.instagram.com, 
837|1, 837|2557, 839|2966, 840|3055, 840|4003, http://www.vk.com, 
853|1, 853|2959, 855|3072, 856|3142, 856|3511, 857|3551, 858|3590, 859|3618, 860|3647, 865|4117, http://www.yahoo.com, 
882|1, 882|3014, 884|3082, 885|3183, 885|4015, http://www.vk.com, 
900|1, 900|2871, 902|2989, 903|3066, 903|3288, 905|3438, 907|3476, 907|3508, 908|3559, 908|4143, http://www.reddit.com, 
914|1, 914|2859, 916|3038, 916|3091, 917|3129, 917|3246, 918|3492, 919|3516, 919|4042, http://www.amazon.com, 
931|1, 931|2912, 933|2949, 933|3016, 934|3071, 935|4092, http://www.sina.com.cn, 
945|1, 945|2554, 947|3066, 948|3114, 948|4017, http://www.360.cn, 
966|1, 966|2537, 969|2628, 969|3514, 970|3540, 971|3565, 971|3609, 972|3665, 972|3817, 973|3865, 973|4144, http://www.vk.com, 
981|1, 981|2962, 983|3065, 983|3126, 984|3164, 984|3604, 985|3628, 986|3657, 986|3730, 987|3754, 998|4451, http://www.yahoo.com, 
1009|1, 1009|2464, 1011|2496, 1011|2649, 1012|2688, 1012|4041, http://www.tmall.com, 
1026|1, 1026|2655, 1028|3020, 1029|3135, 1029|4037, http://www.qq.com, 
1037|1, 1037|2843, 1040|3130, 1040|4041, http://www.jd.com, 
1048|1, 1048|2960, 1049|3082, 1050|3109, 1050|3178, 1051|3207, 1051|3706, 1053|3753, 1053|4014, http://www.amazon.com, 
1072|1, 1072|3083, 1074|3124, 1074|3194, 1075|3273, 1075|3473, 1077|3497, 1078|3530, 1078|3936, 1079|3964, 1079|4138, http://www.linkedin.com, 
1109|1, 1109|2867, 1111|3026, 1111|3147, 1112|3202, 1112|4004, http://www.sohu.com, 
1137|1, 1137|2943, 1139|3029, 1139|3074, 1140|3114, 1140|3490, 1141|3530, 1143|3556, 1143|4010, http://www.linkedin.com, 
1173|1, 1173|3022, 1176|3227, 1176|3455, 1178|3615, 1180|3644, 1180|3841, 1181|4000, 1181|4125, http://www.instagram.com, 
1198|1, 1198|3035, 1201|3079, 1201|3676, 1203|3803, 1203|4163, http://www.imgur.com, 
1214|1, 1214|3079, 1216|3160, 1217|3190, 1217|4019, http://www.taobao.com, 
1232|1, 1232|250, 1233|277, 1233|688, 1234|728, 1234|1109, 1235|1154, 1235|3036, 1237|3128, 1237|3169, 1238|3200, 1238|4098, http://www.qq.com, 
1244|1, 1244|2897, 1246|3068, 1246|3149, 1247|3182, 1247|4006, http://www.sina.com.cn, 
1258|1, 1258|2769, 1259|3095, 1259|3138, 1260|3169, 1260|4009, http://www.live.com, 
1269|1, 1269|2665, 1271|3011, 1271|3095, 1272|3120, 1272|4013, http://www.live.com, 
1280|1, 1280|2849, 1282|3014, 1283|3093, 1283|4031, http://www.baidu.com, 
1296|1, 1296|2911, 1298|3137, 1299|3190, 1299|4049, http://www.qq.com, 
1307|1, 1307|2976, 1309|3036, 1309|3120, 1310|3195, 1310|3542, 1312|3591, 1312|4007, http://www.netflix.com, 
1338|1, 1338|2661, 1339|2899, 1339|2977, 1341|3061, 1342|3152, 1342|4146, http://www.360.cn, 
1351|1, 1351|2904, 1353|3021, 1354|3122, 1354|4014, http://www.tmall.com, 
1368|1, 1368|3046, 1370|3119, 1370|3174, 1371|3203, 1371|3805, 1372|3835, 1373|3868, 1373|4017, http://www.amazon.com, 
1388|1, 1388|2578, 1390|2990, 1390|3022, 1391|3135, 1391|3641, 1393|3684, 1393|4046, http://www.amazon.com, 
1409|1, 1409|2281, 1411|2547, 1411|2581, 1412|2639, 1412|2835, 1413|2929, 1415|2967, 1415|4008, http://www.instagram.com, 
1434|1, 1434|3010, 1436|3143, 1437|3202, 1437|3491, 1438|3528, 1440|3553, 1441|3585, 1442|4080, http://www.linkedin.com, 
1475|1, 1475|2739, 1477|3021, 1478|3203, 1478|3344, 1480|3400, 1482|3437, 1482|3467, 1483|3493, 1483|4182, http://www.linkedin.com, 
1514|1, 1514|3075, 1516|3164, 1517|3237, 1517|4011, http://www.vk.com, 
1521|1, 1521|2832, 1523|3064, 1524|3143, 1524|4070, http://www.360.cn, 
1535|1, 1535|2509, 1537|2563, 1538|2598, 1538|4035, http://www.live.com, 
1546|1, 1546|2774, 1548|3010, 1548|3148, 1549|3181, 1549|4025, http://www.sohu.com, 
1563|1, 1563|2883, 1564|2924, 1564|3425, 1567|3574, 1567|3611, 1569|3654, 1578|3774, 1579|4118, http://www.facebook.com, 
1588|1, 1588|2240, 1589|2557, 1590|2611, 1590|2657, 1591|2686, 1591|2809, 1594|3061, 1594|3109, 1595|3211, 1595|3790, 1596|3838, 1596|3864, 1598|3890, 1599|3938, 1599|4015, http://www.wikipedia.org, 
1608|1, 1608|2700, 1610|3049, 1611|3156, 1611|4005, http://www.jd.com, 
1619|1, 1619|2910, 1621|3046, 1622|3098, 1622|4012, http://www.vk.com, 
1636|1, 1636|2987, 1638|3060, 1639|3135, 1639|4141, http://www.sohu.com, 
1660|1, 1660|2518, 1664|2959, 1664|3142, 1666|3229, 1667|3314, 1669|3483, 1671|3605, 1677|3707, 1677|4296, http://www.facebook.com, 
1684|1, 1684|3000, 1686|3123, 1687|3162, 1687|3564, 1688|3589, 1688|3616, 1690|3676, 1691|4014, http://www.yahoo.com, 
1714|1, 1714|2434, 1716|2548, 1716|2640, 1717|2670, 1717|3214, 1718|3286, 1718|4027, http://www.imgur.com, 
1731|1, 1731|2978, 1732|3023, 1733|3053, 1733|3111, 1734|3144, 1734|4006, http://www.baidu.com, 
1748|1, 1748|3120, 1750|3209, 1751|3460, 1751|4032, http://www.qq.com, 
1769|1, 1769|2780, 1771|3050, 1771|3114, 1772|3137, 1772|4012, http://www.taobao.com, 
1787|1, 1787|2891, 1789|3060, 1789|4002, http://www.sina.com.cn, 
1799|1, 1799|3011, 1801|3050, 1801|3109, 1802|3136, 1802|3505, 1804|3535, 1804|3569, 1805|3594, 1810|4014, http://www.yahoo.com, 
1827|1, 1827|2997, 1830|3176, 1830|3430, 1832|3509, 1832|4007, http://www.amazon.com, 
1849|1, 1849|2459, 1851|2586, 1852|2639, 1852|2822, 1855|2968, 1855|3005, 1856|3029, 1856|4016, http://www.reddit.com, 
1866|1, 1866|2814, 1867|2924, 1868|3012, 1868|4017, http://www.tmall.com, 
1883|1, 1883|2179, 1885|2502, 1885|2546, 1886|2643, 1886|3625, 1887|3683, 1888|3705, 1890|3736, 1890|3801, 1891|3822, 1891|4007, http://www.taobao.com, 
1906|1, 1906|2656, 1908|3119, 1909|3156, 1909|3555, 1910|3581, 1911|3619, 1911|3644, 1912|3685, 1919|4457, http://www.yahoo.com, 
1929|1, 1929|2991, 1931|3037, 1932|3182, 1933|3208, 1934|3250, 1934|3291, 1935|3345, 1935|3469, 1938|3564, 1940|3616, 1943|3644, 1945|3674, 1946|3700, 1946|4037, http://www.facebook.com, 
1952|1, 1952|2983, 1954|3103, 1955|3146, 1955|3549, 1956|3576, 1958|3603, 1959|3696, 1959|4086, http://www.wikipedia.org, 
1968|1, 1968|3054, 1970|3159, 1971|3199, 1971|3396, 1972|3440, 1973|3473, 1973|3506, 1974|3535, 1974|3968, 1976|4000, 1976|4021, http://www.google.com, 
1988|1, 1988|3188, 1990|3257, 1991|3314, 1994|3766, 1994|4008, http://www.google.com, 
2007|1, 2007|2853, 2009|2983, 2009|3063, 2010|3126, 2010|4016, http://www.tmall.com, 
2024|1, 2024|2610, 2026|3222, 2027|3250, 2027|4021, http://www.tmall.com, 
2041|1, 2041|2950, 2044|3086, 2045|4022, http://www.vk.com, 
2057|1, 2057|2654, 2062|3140, 2065|3197, 2066|3343, 2069|3417, 2074|3474, 2075|3538, 2080|3822, 2080|4132, http://www.facebook.com, 
2087|1, 2087|2947, 2089|3036, 2089|3100, 2090|3127, 2090|3254, 2092|3466, 2092|3513, 2093|3572, 2094|4012, http://www.imgur.com, 
2104|1, 2104|3037, 2105|3121, 2106|3205, 2107|3242, 2107|3289, 2108|3411, 2110|3488, 2113|3570, 2113|3832, 2114|3965, 2114|4023, http://www.instagram.com, 
2133|1, 2133|3042, 2135|3073, 2136|3207, 2136|3434, 2139|3522, 2139|3601, 2140|3796, 2140|4021, http://www.jd.com, 
2148|1, 2148|3017, 2150|3135, 2151|3183, 2151|3232, 2154|3301, 2154|3334, 2155|3405, 2155|4052, http://www.sohu.com, 
2167|1, 2167|2968, 2169|3057, 2169|3083, 2170|3103, 2170|3385, 2173|3475, 2173|3599, 2176|3803, 2176|4076, http://www.instagram.com, 
2194|1, 2194|2934, 2196|3052, 2197|3117, 2197|3204, 2198|3238, 2200|3324, 2201|3625, 2201|4034, http://www.jd.com, 
2207|1, 2207|3074, 2209|3114, 2210|3143, 2210|3273, 2213|3520, 2214|3548, 2214|3741, 2215|3786, 2216|3815, 2216|4005, http://www.imgur.com, 
2226|1, 2226|2925, 2228|3100, 2229|3175, 2229|3316, 2233|3571, 2233|4009, http://www.sohu.com, 
2258|1, 2258|2900, 2260|3053, 2260|3112, 2261|3155, 2261|3299, 2262|3343, 2264|3392, 2264|3416, 2265|3479, 2265|3565, 2269|3701, 2270|4231, http://www.instagram.com, 
2286|1, 2286|2896, 2289|3102, 2289|3243, 2290|3339, 2291|3390, 2293|3551, 2293|3579, 2294|3607, 2295|4143, http://www.wikipedia.org, 
2304|1, 2304|2917, 2306|3091, 2307|3150, 2310|3333, 2310|3365, 2312|3397, 2314|3433, 2316|4014, http://www.wikipedia.org, 
2324|1, 2324|2351, 2327|2674, 2327|2766, 2329|2942, 2331|3050, 2334|4099, http://www.amazon.com, 
2349|1, 2349|3069, 2351|3109, 2351|3174, 2352|3202, 2352|3227, 2355|3349, 2356|3417, 2356|3597, 2358|3628, 2358|3676, 2359|3701, 2363|4228, http://www.yahoo.com, 
2382|1, 2382|3007, 2384|3053, 2384|3132, 2385|3159, 2385|3307, 2386|3422, 2387|3450, 2387|3474, 2388|3507, 2388|4017, http://www.sina.com.cn, 
2398|1, 2398|2958, 2400|3031, 2400|3098, 2401|3128, 2401|3324, 2403|3392, 2403|3414, 2404|3437, 2404|4028, http://www.sohu.com, 
2414|1, 2414|3032, 2416|3193, 2416|3282, 2417|3305, 2417|3430, 2418|3599, 2419|3663, 2420|3697, 2420|4045, http://www.taobao.com, 
2434|1, 2434|3087, 2436|3172, 2437|3257, 2437|3402, 2438|3490, 2439|3520, 2439|4010, http://www.taobao.com, 
2452|1, 2452|3034, 2455|3122, 2455|3236, 2456|3310, 2458|3348, 2459|3468, 2459|3642, 2461|3676, 2461|4008, http://www.netflix.com, 
2481|1, 2481|2825, 2484|3068, 2484|3259, 2489|3446, 2492|3485, 2492|3513, 2493|3552, 2493|4158, http://www.reddit.com, 
2500|1, 2500|2678, 2502|3032, 2502|3088, 2503|3117, 2503|3240, 2506|3551, 2506|3695, 2507|3767, 2507|4017, http://www.qq.com, 
2511|1, 2511|2963, 2514|3165, 2514|3291, 2515|3358, 2517|3417, 2517|3510, 2518|3569, 2518|4026, http://www.sohu.com, 
2528|1, 2528|2899, 2530|3013, 2531|3105, 2531|3249, 2534|3479, 2535|3623, 2535|4006, http://www.sina.com.cn, 
2545|1, 2545|2983, 2547|3011, 2547|3103, 2548|3127, 2548|3305, 2550|3460, 2551|3743, 2551|4046, http://www.360.cn, 
2557|1, 2557|3099, 2560|3217, 2560|3376, 2561|3569, 2563|3716, 2564|3976, 2566|4489, http://www.360.cn, 
2575|1, 2575|2666, 2576|3070, 2577|3134, 2577|3159, 2579|3270, 2582|3457, 2582|4024, http://www.jd.com, 
2591|1, 2591|3033, 2593|3103, 2593|3142, 2594|3176, 2594|3421, 2596|3585, 2596|3633, 2597|3659, 2597|3741, 2598|3764, 2599|3850, 2599|4021, http://www.netflix.com, 
2619|1, 2619|2682, 2621|3097, 2621|3123, 2622|3149, 2622|3214, 2623|3340, 2625|3402, 2626|3434, 2626|4010, http://www.live.com, 
2635|1, 2635|2903, 2637|3022, 2638|3098, 2638|3228, 2641|3408, 2641|3514, 2644|3587, 2644|4034, http://www.wikipedia.org, 
2652|1, 2652|2643, 2655|2884, 2656|2911, 2656|3237, 2659|3347, 2659|3388, 2662|3539, 2664|3581, 2665|3621, 2672|3759, 2672|4009, http://www.facebook.com, 
2677|1, 2677|2919, 2678|3043, 2679|3072, 2679|3109, 2680|3152, 2680|3402, 2681|3466, 2682|3497, 2682|3526, 2684|3558, 2684|3632, 2685|3674, 2685|3956, 2687|3988, 2687|4008, http://www.google.com, 
2697|1, 2697|3181, 2698|3250, 2699|3314, 2702|3524, 2703|3551, 2703|4020, http://www.baidu.com, 
2714|1, 2714|3169, 2716|3228, 2717|3270, 2719|3316, 2720|3345, 2720|3387, 2721|3409, 2721|4059, http://www.baidu.com, 
2731|1, 2731|2746, 2733|2994, 2734|3061, 2734|3146, 2735|3240, 2736|3298, 2737|3331, 2737|3371, 2738|3398, 2738|3423, 2740|3450, 2742|3496, 2742|3560, 2743|3604, 2743|4112, http://www.wikipedia.org, 
2746|1, 2746|2874, 2748|3121, 2748|3172, 2749|3208, 2750|3260, 2752|3305, 2753|3507, 2753|4014, http://www.qq.com, 
2761|1, 2761|2710, 2763|3091, 2764|3116, 2764|3278, 2765|3327, 2769|3410, 2771|3447, 2771|3833, 2773|3876, 2774|4073, http://www.google.com, 
2783|1, 2783|2902, 2785|3069, 2785|3136, 2786|3163, 2786|3401, 2787|3454, 2787|3483, 2789|3509, 2789|3556, 2790|3580, 2790|4001, http://www.taobao.com, 
2800|1, 2800|2954, 2803|3154, 2803|3234, 2804|3289, 2804|3310, 2806|3408, 2806|3457, 2807|3491, 2808|3517, 2810|3579, 2810|3604, 2811|3631, 2811|4039, http://www.reddit.com, 
2816|1, 2816|2996, 2818|3073, 2818|3133, 2819|3162, 2819|3190, 2820|3220, 2822|3305, 2823|3417, 2824|3492, 2826|3518, 2826|3564, 2827|3587, 2827|4036, http://www.linkedin.com, 
2854|1, 2854|3118, 2855|3147, 2855|3188, 2856|3220, 2860|3619, 2860|4012, http://www.sina.com.cn, 
2869|1, 2869|2892, 2871|3022, 2872|3067, 2872|3285, 2874|3465, 2875|3495, 2875|4001, http://www.live.com, 
2879|1, 2879|2692, 2881|3017, 2881|3103, 2882|3129, 2882|3220, 2883|3298, 2885|3327, 2885|3391, 2886|3416, 2886|3958, 2887|3981, 2888|4002, http://www.vk.com, 
2898|1, 2898|2979, 2899|3031, 2900|3102, 2900|3290, 2901|3400, 2901|3433, 2902|3462, 2902|4018, http://www.live.com, 
2907|1, 2907|2790, 2909|3016, 2910|3059, 2910|3209, 2911|3261, 2913|3451, 2913|3510, 2915|3541, 2917|3581, 2917|4044, http://www.linkedin.com, 
2942|1, 2942|3092, 2944|3117, 2944|3169, 2945|3271, 2945|3358, 2946|3394, 2948|3426, 2948|3486, 2953|3542, 2953|3567, 2954|3589, 2954|4295, http://www.reddit.com, 
2960|1, 2960|2778, 2962|3058, 2962|3086, 2963|3109, 2963|3368, 2967|3922, 2967|4007, http://www.360.cn, 
2974|1, 2974|2926, 2976|3105, 2977|3161, 2977|3337, 2979|3405, 2979|3428, 2980|3451, 2980|4270, http://www.baidu.com, 
2988|1, 2988|3025, 2990|3076, 2990|3200, 2991|3241, 2991|3330, 2992|3379, 2992|3410, 2994|3437, 2994|3487, 2995|3513, 2996|3591, 2997|3655, 2997|4036, http://www.wikipedia.org, 
3001|1, 3001|2673, 3003|3051, 3004|3082, 3004|3245, 3008|3540, 3008|4029, http://www.jd.com, 
3012|1, 3012|2800, 3014|2999, 3015|3046, 3015|3216, 3018|3290, 3018|3354, 3020|3399, 3020|3775, 3022|3805, 3022|3932, 3023|3997, 3023|4023, http://www.google.com, 
3031|1, 3031|3063, 3034|3130, 3034|3240, 3035|3277, 3037|3309, 3037|3347, 3038|3391, 3038|3649, 3040|3687, 3040|4002, http://www.netflix.com, 
3058|1, 3058|2930, 3060|3109, 3061|3168, 3061|3318, 3062|3355, 3064|3383, 3065|3487, 3065|3609, 3067|3640, 3067|4002, http://www.netflix.com, 
3082|1, 3082|3619, 3083|3644, 3083|3679, 3085|3715, 3085|3765, 3089|3824, 3091|3850, 3093|3986, 3093|4048, http://www.wikipedia.org, 
3097|1, 3097|2821, 3099|3022, 3100|3060, 3100|3197, 3102|3414, 3102|3460, 3103|3490, 3103|4012, http://www.jd.com, 
3108|1, 3108|2717, 3110|3082, 3111|3138, 3111|3375, 3113|3415, 3113|3444, 3114|3471, 3114|3718, 3115|3744, 3115|4013, http://www.netflix.com, 
3129|1, 3129|3067, 3131|3135, 3131|3193, 3132|3218, 3132|3336, 3135|3474, 3135|3525, 3136|3552, 3136|3647, 3137|3673, 3137|3932, 3138|3960, 3138|4005, http://www.netflix.com, 
3150|1, 3150|2689, 3153|3077, 3153|3260, 3158|3491, 3158|3517, 3161|3541, 3161|3586, 3162|3609, 3162|4293, http://www.reddit.com, 
3166|1, 3166|2926, 3168|2979, 3168|3144, 3169|3169, 3169|3256, 3172|3382, 3173|3434, 3175|3457, 3175|4269, http://www.amazon.com, 
3189|1, 3189|2699, 3191|3108, 3192|3152, 3192|3268, 3194|3319, 3195|3410, 3195|4019, http://www.tmall.com, 
3203|1, 3203|2978, 3205|3105, 3206|3134, 3206|3266, 3208|3372, 3210|3415, 3210|3506, 3211|3533, 3213|4013, http://www.google.com, 
3222|1, 3222|2969, 3224|3005, 3224|3075, 3225|3100, 3225|3219, 3227|3352, 3229|3422, 3229|4014, http://www.tmall.com, 
3237|1, 3237|2778, 3239|2990, 3240|3153, 3240|3193, 3242|3251, 3242|3301, 3245|3409, 3246|3438, 3246|3876, 3248|3899, 3248|4007, http://www.google.com, 
3257|1, 3257|3050, 3259|3131, 3259|3176, 3260|3201, 3260|3319, 3267|3527, 3267|3934, 3269|3970, 3269|4014, http://www.google.com, 
3278|1, 3278|2665, 3281|2938, 3282|3092, 3283|3136, 3283|3186, 3284|3222, 3284|3336, 3292|3545, 3293|3613, 3295|3637, 3296|3665, 3297|3689, 3299|4065, http://www.facebook.com, 
3304|1, 3304|2833, 3308|3011, 3310|3262, 3310|3320, 3311|3345, 3311|3380, 3312|3443, 3317|3560, 3318|3587, 3320|3615, 3320|3674, 3324|3734, 3325|3899, 3325|4206, http://www.facebook.com, 
3329|1, 3329|2946, 3331|2974, 3331|3084, 3332|3172, 3332|3454, 3334|3490, 3334|3540, 3335|3586, 3336|3611, 3337|3634, 3337|3677, 3338|3718, 3338|4080, http://www.reddit.com, 
3341|1, 3341|2915, 3343|2959, 3344|3164, 3344|3274, 3347|3399, 3347|3467, 3348|3490, 3348|3722, 3350|3748, 3353|4347, http://www.imgur.com, 
3359|1, 3359|2821, 3361|2919, 3362|3039, 3362|3234, 3365|3326, 3365|3393, 3366|3417, 3366|3684, 3368|3719, 3368|4301, http://www.imgur.com, 
3376|1, 3376|172, 3377|194, 3377|2875, 3379|3007, 3379|3087, 3380|3112, 3380|3523, 3381|3555, 3381|3841, 3383|3877, 3383|4410, http://www.imgur.com, 
