1203|1, 1203|50, 1204|82, 1204|531, 1207|574, 1209|640, 1217|841, 1217|929, 1219|967, 1219|1020, 1223|1038, 1227|1058, 1227|1104, 1230|1131, 1233|1154, 1233|1251, 1237|1282, 1237|1416, 1241|1451, 1255|1539, 1255|1614, 1256|1638, 1263|1679, 1263|1708, 1278|1750, 1282|1809, 1282|1927, 1283|1958, 1283|1987, 1288|2015, 1295|2058, 1300|2082, 1301|2113, 1301|2312, 1321|2360, 1321|2389, 1322|2419, 1325|2458, 1327|2491, 1331|2518, 1335|2562, 1340|2587, 1340|2812, 1341|2837, 1341|2904, 1344|2928, 1344|2968, 1345|2997, 1345|3033, 1347|3058, 1347|4014, http://www.linkedin.com, 
1347|1, 1347|731, 1349|759, 1349|2474, 1351|2703, 1355|2777, 1355|3066, 1358|3092, 1358|3115, 1360|3153, 1360|3509, 1365|3540, 1365|4055, http://www.linkedin.com, 
1394|1, 1394|2657, 1398|2881, 1398|3289, 1403|3313, 1403|3397, 1406|3424, 1406|3578, 1408|3641, 1410|3710, 1416|3739, 1416|3762, 1429|3787, 1500|3977, 1523|4044, http://www.yahoo.com, 
1821|1, 1821|2300, 1826|2526, 1826|3050, 1828|3077, 1828|3614, 1835|3677, 1848|3706, 1854|3738, 1873|3817, 1874|4018, http://www.live.com, 
1879|1, 1879|2580, 1881|2885, 1884|2962, 1884|4002, http://www.360.cn, 
1925|1, 1925|2551, 1937|2806, 1943|3023, 1943|3197, 1971|3474, 1973|3503, 1974|3551, 1974|4035, http://www.facebook.com, 
1983|1, 1983|2507, 1984|2555, 1985|2748, 1986|2904, 1989|2999, 1989|3089, 2022|3288, 2022|3721, 2023|3746, 2024|3823, 2025|3853, 2032|4023, http://www.qq.com, 
2231|1, 2231|2471, 2233|2701, 2234|2745, 2237|2988, 2237|3930, 2238|3965, 2239|4010, http://www.qq.com, 
2362|1, 2362|2507, 2364|2805, 2366|2843, 2366|3244, 2371|3279, 2372|3325, 2374|3346, 2374|3517, 2377|3550, 2380|3631, 2380|3663, 2450|3952, 2494|4207, http://www.yahoo.com, 
2516|1, 2516|2142, 2518|2375, 2521|2450, 2521|3267, 2525|3289, 2525|3357, 2526|3379, 2526|3404, 2527|3441, 2537|3552, 2556|3627, 2629|3877, 2657|3916, 2699|3952, 2699|4011, http://www.vk.com, 
2708|1, 2708|1375, 2709|1407, 2709|1783, 2710|1818, 2710|2675, 2711|2856, 2713|3018, 2714|3173, 2714|3276, 2717|3437, 2719|3465, 2719|3919, 2720|3952, 2791|4075, http://www.instagram.com, 
2993|1, 2993|2543, 2995|2648, 2996|2809, 2997|2849, 2997|2986, 3015|3162, 3015|3532, 3016|3580, 3017|3615, 3017|3639, 3020|3667, 3020|3751, 3021|3778, 3021|4004, http://www.jd.com, 
3218|1, 3218|2643, 3221|2806, 3224|2846, 3224|3706, 3225|3728, 3225|4019, http://www.taobao.com, 
3345|1, 3345|2735, 3346|3024, 3346|4007, http://www.baidu.com, 
3466|1, 3466|2638, 3469|2881, 3469|3289, 3472|3316, 3472|3943, 3473|3979, 3473|4018, http://www.netflix.com, 
3591|1, 3591|2689, 3595|2931, 3595|4007, http://www.tmall.com, 
3666|1, 3666|2661, 3667|2769, 3667|3837, 3669|3858, 3669|4024, http://www.baidu.com, 
3750|1, 3750|2672, 3753|2812, 3753|3573, 3755|3642, 3761|3714, 3792|3775, 3828|3804, 3843|3845, 3874|4118, http://www.imgur.com, 
3912|1, 3912|2491, 3913|2736, 3914|2898, 3915|2938, 3915|3017, 3956|3098, 3988|3144, 4032|3534, 4032|3626, 4038|3672, 4038|3734, 4041|3756, 4041|3781, 4042|3811, 4044|4050, http://www.sina.com.cn, 
4812|1, 4812|2455, 4813|2760, 4814|2812, 4818|2846, 4818|3578, 4820|3605, 4820|3898, 4821|3992, 4821|4022, http://www.live.com, 
4889|1, 4889|2413, 4891|2744, 4893|2812, 4893|4004, http://www.sina.com.cn, 
4921|1, 4921|2513, 4922|2553, 4924|2824, 4926|2885, 4926|3225, 4931|3272, 4931|3594, 4934|3619, 4943|3730, 4944|3759, 4944|3783, 4951|3904, 4972|3938, 4972|4060, http://www.amazon.com, 
5365|1, 5365|2481, 5366|2517, 5366|2555, 5367|2780, 5371|2886, 5371|3237, 5374|3299, 5374|3539, 5379|3635, 5384|3675, 5432|3781, 5625|4091, http://www.reddit.com, 
5631|1, 5631|2570, 5633|2871, 5633|2930, 5634|3111, 5634|3940, 5635|3966, 5635|4023, http://www.360.cn, 
5908|1, 5908|2864, 5909|2920, 5910|3102, 5910|4014, http://www.taobao.com, 
5912|1, 5912|2527, 5914|2735, 5918|2896, 5918|3224, 5921|3263, 5923|3292, 5923|3919, 5924|3997, 5924|4034, http://www.instagram.com, 
5960|1, 5960|2416, 5961|2749, 5961|2910, 5963|2975, 5966|4030, http://www.baidu.com, 
6048|1, 6048|2682, 6050|2827, 6050|4001, http://www.sohu.com, 
6832|1, 6832|2672, 6834|2769, 6837|2915, 6837|3237, 6842|3295, 6842|3738, 6843|3761, 6843|3848, 6845|3940, 6845|4098, http://www.instagram.com, 
6876|1, 6876|2553, 6883|2967, 6883|3899, 6885|3925, 6886|3971, 6886|4020, http://www.vk.com, 
6900|1, 6900|2725, 6901|2865, 6901|2957, 6902|3070, 6902|3468, 6911|3509, 6912|3550, 6914|3589, 6914|3741, 6919|3814, 6920|3863, 6938|4115, http://www.yahoo.com, 
7045|1, 7045|2697, 7046|2845, 7047|3007, 7047|3076, 7049|3176, 7049|4009, http://www.vk.com, 
7063|1, 7063|2739, 7064|2869, 7066|2987, 7067|3064, 7067|3286, 7070|3437, 7077|4141, http://www.reddit.com, 
7083|1, 7083|2632, 7085|2791, 7087|2856, 7090|3035, 7090|3244, 7094|3489, 7094|3713, 7098|3740, 7100|4088, http://www.amazon.com, 
7179|1, 7179|2681, 7181|2910, 7182|2947, 7184|3014, 7184|3248, 7264|3665, 7268|4090, http://www.sina.com.cn, 
7308|1, 7308|2552, 7312|3064, 7312|4015, http://www.360.cn, 
7502|1, 7502|2204, 7504|2535, 7507|2626, 7507|3417, 7508|3442, 7511|3489, 7511|3512, 7512|3539, 7512|3563, 7513|3608, 7513|3815, 7516|3921, 7516|4142, http://www.vk.com, 
7525|1, 7525|2645, 7526|2960, 7529|3063, 7529|3483, 7534|3573, 7534|3602, 7537|3625, 7537|3811, 7542|3855, 7655|4453, http://www.yahoo.com, 
7699|1, 7699|2118, 7702|2404, 7702|2493, 7706|2526, 7706|3972, 7708|3997, 7708|4039, http://www.tmall.com, 
7717|1, 7717|2653, 7725|3047, 7725|3172, 7756|3219, 7758|3286, 7760|4035, http://www.qq.com, 
7777|1, 7777|2711, 7778|2842, 7782|3128, 7782|3237, 7800|3448, 7800|3761, 7834|3832, 7834|4040, http://www.jd.com, 
7896|1, 7896|2497, 7897|2825, 7898|2957, 7898|3106, 7899|3175, 7899|3588, 7902|3632, 7902|3910, 7908|3940, 7908|4011, http://www.amazon.com, 
7983|1, 7983|2675, 7986|2947, 7986|3122, 7987|3152, 7987|3376, 7990|3399, 7990|3448, 7991|3471, 7993|3495, 7993|3770, 7999|3798, 7999|3963, 8001|3990, 8001|4137, http://www.linkedin.com, 
8034|1, 8034|2655, 8035|2759, 8035|2865, 8037|3027, 8037|3053, 8039|3145, 8039|4003, http://www.sohu.com, 
8129|1, 8129|2639, 8131|2830, 8132|2941, 8135|3028, 8135|3438, 8139|3488, 8142|3528, 8142|3847, 8147|3874, 8147|4008, http://www.linkedin.com, 
8183|1, 8183|2738, 8185|3017, 8188|3222, 8188|3451, 8194|3610, 8194|3836, 8196|3995, 8196|4140, http://www.instagram.com, 
8234|1, 8234|2583, 8237|3034, 8241|3077, 8241|3675, 8245|3801, 8252|3835, 8254|4162, http://www.imgur.com, 
8266|1, 8266|3076, 8269|3157, 8269|3964, 8270|3987, 8270|4017, http://www.taobao.com, 
8279|1, 8279|178, 8282|210, 8282|249, 8284|276, 8285|307, 8285|646, 8287|686, 8287|1046, 8290|1107, 8290|2605, 8291|2784, 8291|2896, 8293|2951, 8294|3034, 8294|3127, 8298|3167, 8298|3534, 8328|3588, 8328|4096, http://www.qq.com, 
8340|1, 8340|2893, 8342|3064, 8345|3112, 8345|4002, http://www.sina.com.cn, 
8450|1, 8450|2767, 8454|3094, 8454|3803, 8459|3867, 8459|4007, http://www.live.com, 
8466|1, 8466|2661, 8468|3007, 8469|3092, 8469|4010, http://www.live.com, 
8476|1, 8476|2847, 8482|3012, 8482|4030, http://www.baidu.com, 
8579|1, 8579|2813, 8580|2909, 8583|3136, 8584|4047, http://www.qq.com, 
8606|1, 8606|2542, 8608|2974, 8608|3034, 8612|3095, 8612|3447, 8615|3517, 8615|4006, http://www.netflix.com, 
8694|1, 8694|2659, 8699|2897, 8700|2943, 8700|2975, 8703|3060, 8703|4144, http://www.360.cn, 
8715|1, 8715|2686, 8718|2903, 8719|3020, 8719|4012, http://www.tmall.com, 
8729|1, 8729|2508, 8731|2595, 8731|2724, 8733|3044, 8734|3117, 8734|3675, 8738|3704, 8738|4016, http://www.amazon.com, 
8877|1, 8877|2575, 8882|2988, 8882|3518, 8885|3548, 8885|3848, 8894|3953, 8896|3991, 8896|4044, http://www.amazon.com, 
8925|1, 8925|2279, 8931|2545, 8931|2833, 8935|2926, 8935|3382, 8937|3524, 8938|3832, 8938|4006, http://www.instagram.com, 
9022|1, 9022|3009, 9028|3142, 9028|3250, 9029|3453, 9031|3489, 9034|3526, 9034|3808, 9039|3854, 9039|3938, 9040|3986, 9043|4079, http://www.linkedin.com, 
9077|1, 9077|2915, 9080|3019, 9080|3314, 9083|3345, 9087|3397, 9087|3755, 9092|3797, 9092|4179, http://www.linkedin.com, 
9130|1, 9130|2679, 9133|3087, 9137|3161, 9137|4008, http://www.vk.com, 
9145|1, 9145|2790, 9146|2830, 9147|3062, 9150|3140, 9151|4067, http://www.360.cn, 
9166|1, 9166|2200, 9167|2507, 9169|2561, 9169|3149, 9170|3191, 9170|3580, 9171|3630, 9171|4034, http://www.live.com, 
9176|1, 9176|2772, 9177|3008, 9179|3145, 9179|4022, http://www.sohu.com, 
9204|1, 9204|2881, 9206|2923, 9207|3001, 9207|3423, 9221|3572, 9223|3609, 9225|3652, 9244|3773, 9244|3828, 9247|3867, 9250|4116, http://www.facebook.com, 
9258|1, 9258|2238, 9259|2554, 9260|2609, 9260|2806, 9267|3058, 9267|3106, 9284|3209, 9285|3344, 9285|3787, 9287|3836, 9287|3888, 9288|3935, 9291|4013, http://www.wikipedia.org, 
9304|1, 9304|2623, 9305|2697, 9307|3050, 9308|3153, 9308|3273, 9327|3378, 9327|4002, http://www.jd.com, 
9340|1, 9340|2593, 9341|2908, 9343|3043, 9343|3927, 9346|3962, 9346|4013, http://www.vk.com, 
9360|1, 9360|2776, 9361|2859, 9362|2915, 9364|4139, http://www.sohu.com, 
9394|1, 9394|2515, 9407|2956, 9407|3139, 9410|3228, 9410|3312, 9415|3480, 9428|3602, 9443|3704, 9443|4293, http://www.facebook.com, 
9451|1, 9451|2996, 9454|3120, 9454|3502, 9459|3560, 9462|3585, 9462|3786, 9465|3905, 9476|4011, http://www.yahoo.com, 
9600|1, 9600|2169, 9601|2432, 9601|2548, 9605|2577, 9605|3212, 9607|3284, 9614|3315, 9729|4025, http://www.imgur.com, 
9745|1, 9745|2791, 9747|2878, 9747|3020, 9748|3050, 9748|4004, http://www.baidu.com, 
9843|1, 9843|2790, 9844|3039, 9844|3207, 9880|3458, 9880|4030, http://www.qq.com, 
9903|1, 9903|2625, 9905|2687, 9905|2779, 9906|3054, 9909|3088, 9909|4010, http://www.taobao.com, 
9921|1, 9921|2783, 9924|2887, 9927|3056, 9927|3192, 9932|3298, 10002|3783, 10002|4046, http://www.sina.com.cn, 
10024|1, 10024|2818, 10025|2972, 10025|3047, 10028|3106, 10028|3424, 10035|3479, 10035|3502, 10038|3538, 10062|4012, http://www.yahoo.com, 
10175|1, 10175|2994, 10178|3173, 10178|3345, 10184|3428, 10184|3720, 10190|3755, 10194|3923, 10194|4004, http://www.amazon.com, 
10258|1, 10258|2174, 10260|2314, 10260|2457, 10264|2584, 10264|2820, 10266|2966, 10266|4015, http://www.reddit.com, 
10290|1, 10290|2755, 10291|2811, 10292|2922, 10295|3009, 10295|4015, http://www.tmall.com, 
10310|1, 10310|2176, 10312|2499, 10312|3598, 10315|3622, 10315|4004, http://www.taobao.com, 
10326|1, 10326|2655, 10329|3117, 10329|3305, 10334|3521, 10334|3553, 10337|3579, 10337|3744, 10343|3883, 10451|4592, http://www.yahoo.com, 
10459|1, 10459|2897, 10462|2989, 10464|3034, 10470|3179, 10470|3205, 10471|3247, 10471|3409, 10477|3469, 10480|3561, 10491|3613, 10494|3641, 10496|3671, 10497|3697, 10506|3855, 10506|4035, http://www.facebook.com, 
10511|1, 10511|2849, 10512|2980, 10514|3101, 10514|3453, 10517|3546, 10518|3574, 10518|4083, http://www.wikipedia.org, 
10532|1, 10532|2665, 10538|2847, 10541|3052, 10544|3157, 10544|3438, 10545|3471, 10545|3569, 10555|3599, 10587|3655, 10596|3718, 10603|3791, 10606|3821, 10606|3844, 10609|3891, 10609|4020, http://www.google.com, 
10630|1, 10630|2782, 10637|3054, 10637|3185, 10640|3254, 10640|3311, 10688|3764, 10706|3897, 10706|4006, http://www.google.com, 
10730|1, 10730|2619, 10731|2644, 10733|2851, 10733|2981, 10735|3061, 10735|4014, http://www.tmall.com, 
10744|1, 10744|2608, 10751|3219, 10751|4019, http://www.tmall.com, 
10763|1, 10763|2814, 10765|2948, 10765|3899, 10769|3949, 10770|4019, http://www.vk.com, 
10783|1, 10783|2651, 10797|3138, 10797|3196, 10801|3340, 10808|3414, 10810|3471, 10823|3535, 10836|3819, 10836|4129, http://www.facebook.com, 
10848|1, 10848|2673, 10851|2944, 10854|3035, 10854|3251, 10857|3463, 10857|3949, 10860|3972, 10860|4009, http://www.imgur.com, 
10879|1, 10879|2642, 10881|2731, 10881|2835, 10883|3033, 10883|3118, 10886|3202, 10886|3286, 10888|3407, 10894|3484, 10894|3633, 10896|3670, 10896|3787, 10897|3828, 10898|3962, 10898|4019, http://www.instagram.com, 
10940|1, 10940|2852, 10941|3036, 10941|3067, 10943|3201, 10943|3343, 10944|3428, 10947|3516, 10947|4015, http://www.jd.com, 
10960|1, 10960|2821, 10961|3015, 10965|3134, 10965|3181, 10966|3230, 10968|3299, 10971|4051, http://www.sohu.com, 
10983|1, 10983|2615, 10984|2966, 10985|3055, 10985|3324, 10988|3382, 10989|3472, 10989|3563, 10990|3596, 10994|3800, 10994|4074, http://www.instagram.com, 
11036|1, 11036|2621, 11038|2932, 11039|3051, 11039|3115, 11057|3164, 11058|3202, 11059|3236, 11061|3323, 11074|4032, http://www.jd.com, 
11094|1, 11094|2713, 11095|2777, 11096|3072, 11100|3113, 11100|3271, 11104|3518, 11104|3739, 11107|3785, 11107|3813, 11114|3847, 11115|4003, http://www.imgur.com, 
11127|1, 11127|2718, 11128|2923, 11132|3098, 11132|3314, 11136|3568, 11136|4006, http://www.sohu.com, 
11184|1, 11184|2903, 11185|3051, 11188|3110, 11188|3266, 11189|3297, 11190|3354, 11190|3563, 11195|3699, 11195|3767, 11196|3935, 11198|4229, http://www.instagram.com, 
11230|1, 11230|2767, 11231|2894, 11232|3101, 11232|3241, 11234|3338, 11235|3388, 11239|3549, 11239|4142, http://www.wikipedia.org, 
11245|1, 11245|2599, 11248|2914, 11249|3088, 11249|3147, 11252|3330, 11256|3362, 11257|3394, 11258|3431, 11258|4045, http://www.wikipedia.org, 
11265|1, 11265|2347, 11269|2670, 11269|2762, 11276|2938, 11276|3323, 11295|3425, 11295|3606, 11296|3844, 11297|3990, 11298|4096, http://www.amazon.com, 
11493|1, 11493|2661, 11495|3066, 11495|3107, 11497|3139, 11497|3199, 11499|3224, 11502|3346, 11502|3475, 11509|3549, 11510|3594, 11512|3625, 11512|3826, 11516|3961, 11535|4226, http://www.yahoo.com, 
11643|1, 11643|2882, 11644|2955, 11644|3047, 11646|3078, 11646|3257, 11666|3301, 11728|3416, 11728|4011, http://www.sina.com.cn, 
11742|1, 11742|2722, 11743|2956, 11743|3030, 11746|3064, 11746|3248, 11747|3322, 11747|3919, 11748|3941, 11749|3969, 11749|4026, http://www.sohu.com, 
11763|1, 11763|3028, 11764|3189, 11767|3237, 11767|3427, 11769|3595, 11770|3659, 11770|4041, http://www.taobao.com, 
11776|1, 11776|2839, 11778|3041, 11778|3084, 11780|3168, 11780|3284, 11782|3398, 11783|3489, 11783|4006, http://www.taobao.com, 
11791|1, 11791|2789, 11793|3030, 11796|3118, 11796|3232, 11799|3307, 11799|3570, 11802|3614, 11802|4005, http://www.netflix.com, 
11847|1, 11847|2569, 11848|2612, 11848|2742, 11849|2778, 11850|2822, 11853|3065, 11853|3256, 11861|3443, 11861|3654, 11867|3778, 11868|3854, 11868|4155, http://www.reddit.com, 
11874|1, 11874|2675, 11877|3029, 11877|3237, 11914|3548, 11914|4015, http://www.qq.com, 
11928|1, 11928|2483, 11930|2961, 11933|3164, 11935|3236, 11935|3289, 11936|3357, 11936|3929, 11938|3958, 11939|4024, http://www.sohu.com, 
11948|1, 11948|2610, 11950|2660, 11952|2894, 11955|3008, 11955|3244, 12043|3475, 12043|4002, http://www.sina.com.cn, 
12062|1, 12062|2624, 12063|2979, 12063|3008, 12065|3047, 12065|3209, 12066|3300, 12067|3456, 12067|4041, http://www.360.cn, 
12076|1, 12076|2946, 12077|3096, 12079|3214, 12079|3373, 12082|3567, 12084|3713, 12088|4486, http://www.360.cn, 
12097|1, 12097|2664, 12099|3067, 12100|3131, 12100|3156, 12120|3268, 12121|3454, 12121|4023, http://www.jd.com, 
12140|1, 12140|2736, 12141|2973, 12141|3031, 12145|3101, 12145|3419, 12146|3584, 12146|3689, 12149|3717, 12149|3822, 12151|3848, 12151|4019, http://www.netflix.com, 
12183|1, 12183|1976, 12185|2011, 12185|2630, 12186|2679, 12189|3095, 12189|3211, 12191|3339, 12191|3650, 12194|3723, 12194|4008, http://www.live.com, 
12202|1, 12202|2642, 12204|2900, 12207|3019, 12207|3225, 12210|3406, 12214|3511, 12214|4031, http://www.wikipedia.org, 
12218|1, 12218|2641, 12229|2882, 12230|2909, 12231|2943, 12231|3235, 12232|3345, 12232|3386, 12240|3537, 12241|3579, 12242|3621, 12269|3757, 12269|4008, http://www.facebook.com, 
12275|1, 12275|2758, 12282|2917, 12282|3042, 12285|3071, 12285|3150, 12286|3192, 12286|3400, 12289|3464, 12290|3495, 12290|3556, 12301|3593, 12329|3631, 12338|3672, 12340|3712, 12344|3763, 12352|3806, 12353|3831, 12353|4006, http://www.google.com, 
12374|1, 12374|2992, 12376|3178, 12378|3263, 12378|3312, 12380|3521, 12380|4018, http://www.baidu.com, 
12469|1, 12469|3068, 12470|3164, 12473|3224, 12476|3265, 12476|3311, 12477|3340, 12477|3689, 12502|3761, 12508|4055, http://www.baidu.com, 
12629|1, 12629|2743, 12632|2991, 12632|3143, 12634|3238, 12634|3368, 12637|3396, 12637|3420, 12639|3447, 12639|4110, http://www.wikipedia.org, 
12642|1, 12642|2801, 12643|2871, 12646|3118, 12646|3206, 12647|3258, 12681|3302, 12684|3504, 12684|4012, http://www.qq.com, 
12708|1, 12708|2708, 12716|3089, 12716|3246, 12717|3276, 12718|3326, 12719|3409, 12719|3445, 12766|3535, 12772|3635, 12782|3695, 12784|3719, 12784|3925, 12794|3954, 12798|4071, http://www.google.com, 
12811|1, 12811|2900, 12813|3067, 12816|3098, 12816|3399, 12818|3452, 12818|3481, 12819|3507, 12819|4018, http://www.taobao.com, 
12834|1, 12834|2864, 12835|2951, 12838|3151, 12838|3231, 12840|3286, 12840|3454, 12843|3488, 12843|3758, 12847|3854, 12847|4036, http://www.reddit.com, 
12853|1, 12853|2633, 12854|2923, 12854|2989, 12858|3067, 12858|3156, 12859|3183, 12860|3213, 12860|3410, 12864|3485, 12866|3512, 12866|3850, 12870|3881, 12870|4029, http://www.linkedin.com, 
12908|1, 12908|3022, 12911|3115, 12915|3144, 12915|3218, 13005|3617, 13005|4010, http://www.sina.com.cn, 
13031|1, 13031|2687, 13033|2889, 13035|3019, 13035|3282, 13036|3463, 13036|3699, 13037|3725, 13037|4040, http://www.live.com, 
13044|1, 13044|2690, 13046|3015, 13049|3101, 13049|3179, 13050|3218, 13051|3296, 13051|3858, 13055|3888, 13055|3957, 13056|3979, 13056|4020, http://www.vk.com, 
13070|1, 13070|2641, 13072|2888, 13072|2977, 13076|3028, 13076|3253, 13077|3288, 13078|3397, 13078|3903, 13079|3923, 13079|4016, http://www.live.com, 
13085|1, 13085|2789, 13089|3014, 13089|3207, 13090|3259, 13090|3449, 13093|3482, 13093|3508, 13097|3540, 13097|3926, 13101|3959, 13101|4043, http://www.linkedin.com, 
13138|1, 13138|2772, 13140|3026, 13140|3114, 13143|3140, 13143|3269, 13145|3355, 13146|3391, 13146|3423, 13150|3483, 13150|3739, 13153|3809, 13153|4292, http://www.reddit.com, 
13161|1, 13161|2774, 13166|3055, 13166|3190, 13167|3364, 13170|3918, 13170|4004, http://www.360.cn, 
13184|1, 13184|2637, 13187|2912, 13191|3092, 13191|3220, 13192|3323, 13192|3667, 13215|3697, 13216|3888, 13224|4255, http://www.baidu.com, 
13296|1, 13296|2742, 13297|2953, 13297|3103, 13298|3126, 13300|3151, 13300|3326, 13302|3376, 13302|3406, 13303|3433, 13305|3459, 13305|3484, 13306|3510, 13307|3587, 13307|4033, http://www.wikipedia.org, 
13319|1, 13319|2630, 13320|2671, 13324|3050, 13324|3243, 13326|3538, 13326|4029, http://www.jd.com, 
13345|1, 13345|2571, 13348|2798, 13355|2998, 13355|3130, 13356|3214, 13360|3288, 13360|3397, 13382|3425, 13406|3465, 13419|3593, 13423|3652, 13423|3873, 13435|3931, 13435|4021, http://www.google.com, 
13460|1, 13460|2606, 13461|2656, 13461|2751, 13463|2835, 13464|3051, 13466|3118, 13466|3200, 13468|3228, 13469|3265, 13469|3298, 13470|3335, 13470|3590, 13473|3637, 13473|4008, http://www.netflix.com, 
13511|1, 13511|2590, 13513|2826, 13514|2928, 13517|3107, 13517|3315, 13519|3353, 13519|3380, 13522|3484, 13522|3552, 13525|3579, 13525|4018, http://www.netflix.com, 
13558|1, 13558|3591, 13560|3616, 13561|3641, 13562|3676, 13562|3712, 13567|3739, 13567|3762, 13568|3821, 13572|3847, 13572|4046, http://www.wikipedia.org, 
13577|1, 13577|2649, 13578|2818, 13580|3019, 13580|3195, 13601|3411, 13601|4010, http://www.jd.com, 
13622|1, 13622|2715, 13624|3080, 13626|3135, 13626|3297, 13628|3345, 13628|3631, 13629|3657, 13629|4010, http://www.netflix.com, 
13653|1, 13653|2870, 13655|3064, 13655|3132, 13658|3170, 13658|3333, 13660|3474, 13660|3578, 13661|3618, 13661|4002, http://www.netflix.com, 
13687|1, 13687|2686, 13693|3075, 13693|3257, 13697|3488, 13697|3757, 13702|3787, 13705|3849, 13705|4290, http://www.reddit.com, 
13722|1, 13722|2801, 13723|2920, 13723|3020, 13726|3116, 13726|3250, 13728|3377, 13732|3429, 13732|3700, 13735|3795, 13741|3884, 13745|4263, http://www.amazon.com, 
13783|1, 13783|2694, 13788|3102, 13788|3262, 13789|3313, 13789|4014, http://www.tmall.com, 
13797|1, 13797|2642, 13798|2699, 13798|2782, 13804|2817, 13807|2973, 13810|3100, 13810|3260, 13813|3367, 13813|3528, 13814|3551, 13858|3582, 13860|3637, 13862|3675, 13865|3699, 13874|3816, 13876|3845, 13876|4008, http://www.google.com, 
13903|1, 13903|2700, 13905|2965, 13905|3002, 13906|3042, 13906|3216, 13908|3348, 13908|4010, http://www.tmall.com, 
13927|1, 13927|2670, 13929|2776, 13936|2999, 13939|3151, 13941|3191, 13942|3250, 13942|3300, 13943|3407, 13943|3461, 13949|3484, 13989|3527, 13994|3601, 13998|3655, 14005|3703, 14009|3741, 14019|4005, http://www.google.com, 
14038|1, 14038|2817, 14040|2890, 14045|3048, 14045|3129, 14046|3174, 14046|3317, 14050|3525, 14051|3568, 14098|3624, 14100|3653, 14103|3698, 14111|3818, 14111|3908, 14114|3932, 14114|4012, http://www.google.com, 
14136|1, 14136|2662, 14148|2936, 14149|3092, 14151|3133, 14151|3282, 14152|3333, 14161|3542, 14182|3610, 14184|3635, 14184|3662, 14186|3686, 14191|4063, http://www.facebook.com, 
14197|1, 14197|2756, 14198|2831, 14213|3008, 14217|3259, 14217|3342, 14218|3378, 14219|3440, 14226|3557, 14227|3585, 14229|3613, 14231|3638, 14240|3671, 14253|3732, 14254|3896, 14254|4203, http://www.facebook.com, 
14257|1, 14257|2808, 14258|2868, 14259|2895, 14259|3005, 14260|3044, 14260|3374, 14261|3406, 14261|3538, 14263|3585, 14263|3609, 14264|3632, 14264|3874, 14271|3936, 14271|4078, http://www.reddit.com, 
14276|1, 14276|2714, 14277|2907, 14278|2951, 14280|3156, 14280|3266, 14283|3391, 14283|3659, 14286|3687, 14286|3740, 14292|3817, 14304|4340, http://www.imgur.com, 
14316|1, 14316|2610, 14317|2819, 14319|2917, 14321|3038, 14321|3204, 14322|3237, 14323|3325, 14324|3361, 14324|3631, 14327|3656, 14327|3742, 14334|3795, 14334|4300, http://www.imgur.com, 
14354|1, 14354|2602, 14356|2873, 14357|3008, 14359|3053, 14359|3332, 14360|3424, 14360|3805, 14363|3840, 14363|3889, 14369|3920, 14369|4408, http://www.imgur.com, 
