174|1, 174|126, 175|182, 175|236, 176|284, 176|339, 177|364, 177|2279, 178|2299, 178|2682, 179|2724, 179|4001, http://www.linkedin.com, 
180|1, 180|2200, 181|2245, 181|2267, 182|2298, 182|4060, http://www.linkedin.com, 
182|1, 182|1643, 183|1666, 183|3618, 192|3723, 193|3752, 193|4054, http://www.yahoo.com, 
211|1, 211|1094, 212|1141, 212|2749, 213|2777, 213|3558, 214|3622, 214|4027, http://www.live.com, 
214|1, 214|1611, 215|1636, 215|4009, http://www.360.cn, 
218|1, 218|2808, 219|3030, 219|4042, http://www.facebook.com, 
220|1, 220|1626, 221|1651, 221|2384, 222|2429, 223|2509, 223|3095, 224|3294, 224|3327, 225|3490, 225|4028, http://www.qq.com, 
237|1, 237|1598, 238|1621, 238|4011, http://www.qq.com, 
240|1, 240|1562, 241|1591, 241|3546, 246|3632, 253|4213, http://www.yahoo.com, 
259|1, 259|1130, 260|1156, 260|2611, 261|2714, 261|2883, 262|2903, 262|3633, 263|3868, 263|4015, http://www.vk.com, 
264|1, 264|1228, 265|1251, 265|1619, 266|1649, 266|2774, 267|2999, 267|4082, http://www.instagram.com, 
269|1, 269|1555, 270|1584, 270|3168, 274|3207, 275|3348, 275|3807, 276|3831, 276|3859, 278|3886, 278|4009, http://www.jd.com, 
288|1, 288|1596, 289|1618, 289|2344, 290|2392, 291|2427, 291|3106, 292|3134, 292|4009, http://www.taobao.com, 
297|1, 297|1664, 298|1699, 298|3406, 299|3451, 299|4015, http://www.baidu.com, 
310|1, 310|1598, 311|1621, 311|4008, http://www.netflix.com, 
313|1, 313|4015, http://www.tmall.com, 
318|1, 318|4029, http://www.baidu.com, 
321|1, 321|1605, 322|1629, 322|3157, 323|3211, 323|3344, 324|3376, 325|4318, http://www.imgur.com, 
329|1, 329|1632, 330|1655, 330|2369, 331|2402, 335|2456, 335|3139, 337|3539, 337|3580, 339|3672, 339|4056, http://www.sina.com.cn, 
373|1, 373|1566, 374|1596, 374|2340, 375|2462, 375|3282, 376|3335, 376|3906, 377|3993, 377|4028, http://www.live.com, 
377|1, 377|1627, 378|1652, 378|4008, http://www.sina.com.cn, 
412|1, 412|1643, 413|1666, 413|2411, 414|2490, 414|3624, 415|3735, 415|3790, 418|3904, 418|4067, http://www.amazon.com, 
420|1, 420|1578, 421|1604, 421|2351, 422|2431, 422|3546, 423|3642, 423|4081, http://www.reddit.com, 
423|1, 423|3473, 424|3714, 424|4002, http://www.360.cn, 
452|1, 452|1735, 453|1762, 453|2521, 455|2669, 455|3497, 456|3570, 456|4020, http://www.taobao.com, 
457|1, 457|2744, 458|2904, 458|3789, 459|3863, 459|4003, http://www.instagram.com, 
460|1, 460|3407, 461|3431, 461|4003, http://www.baidu.com, 
465|1, 465|1590, 466|1612, 466|3485, 467|3537, 467|4007, http://www.sohu.com, 
483|1, 483|4086, http://www.instagram.com, 
484|1, 484|4008, http://www.vk.com, 
488|1, 488|1707, 489|1749, 489|2479, 490|2568, 491|2606, 491|3782, 501|3867, 503|4104, http://www.yahoo.com, 
517|1, 517|4019, http://www.vk.com, 
517|1, 517|1683, 518|1728, 518|4130, http://www.reddit.com, 
518|1, 518|1729, 519|1763, 523|4279, http://www.amazon.com, 
525|1, 525|1702, 526|1725, 526|3253, 528|3657, 528|3877, 529|3976, 530|4093, http://www.sina.com.cn, 
566|1, 566|1701, 567|1725, 567|2548, 569|3066, 569|3378, 570|3516, 579|4020, http://www.360.cn, 
590|1, 590|4150, http://www.vk.com, 
592|1, 592|1686, 593|1710, 593|3799, 596|3859, 609|4387, http://www.yahoo.com, 
613|1, 613|1206, 614|1232, 614|4004, http://www.tmall.com, 
618|1, 618|1701, 619|1723, 619|3587, 621|3740, 621|4038, http://www.qq.com, 
628|1, 628|1724, 629|1748, 629|3257, 634|3464, 634|3835, 635|3906, 636|4058, http://www.jd.com, 
654|1, 654|1687, 655|1717, 655|2505, 658|2823, 658|4187, http://www.amazon.com, 
664|1, 664|1680, 665|1708, 665|4144, http://www.linkedin.com, 
667|1, 667|1763, 668|1793, 668|3531, 669|3619, 669|4012, http://www.sohu.com, 
674|1, 674|4013, http://www.linkedin.com, 
674|1, 674|3028, 675|3232, 675|3763, 676|3820, 676|4004, http://www.instagram.com, 
678|1, 678|1690, 679|1711, 679|3335, 680|3526, 680|4168, http://www.imgur.com, 
683|1, 683|1728, 684|1752, 684|2523, 685|2555, 689|2875, 689|3299, 690|3331, 690|4024, http://www.taobao.com, 
693|1, 693|99, 694|122, 694|1673, 695|1702, 695|2471, 696|2498, 696|3603, 697|3633, 701|4112, http://www.qq.com, 
704|1, 704|1789, 705|1811, 705|4015, http://www.sina.com.cn, 
731|1, 731|1723, 732|1747, 732|2513, 733|2568, 733|3529, 734|3557, 734|4013, http://www.live.com, 
734|1, 734|2503, 735|2590, 735|4002, http://www.live.com, 
735|1, 735|1722, 736|1745, 736|2480, 738|2561, 738|3564, 739|3609, 739|4036, http://www.baidu.com, 
753|1, 753|1687, 754|1710, 754|2468, 756|2587, 756|4020, http://www.qq.com, 
759|1, 759|1706, 760|1729, 760|4012, http://www.netflix.com, 
765|1, 765|2665, 766|2902, 766|3349, 767|3616, 767|3885, 769|3917, 773|4149, http://www.360.cn, 
785|1, 785|1718, 786|1742, 786|4012, http://www.tmall.com, 
791|1, 791|1744, 792|1769, 792|4022, http://www.amazon.com, 
798|1, 798|2442, 800|2477, 800|4051, http://www.amazon.com, 
802|1, 802|2285, 803|2545, 803|3388, 804|3528, 804|4012, http://www.instagram.com, 
806|1, 806|4004, http://www.linkedin.com, 
808|1, 808|4184, http://www.linkedin.com, 
808|1, 808|3376, 809|3492, 809|3634, 810|3664, 810|4016, http://www.vk.com, 
810|1, 810|3285, 811|3596, 815|4074, http://www.360.cn, 
828|1, 828|1170, 829|1194, 829|1984, 831|2064, 831|4040, http://www.live.com, 
831|1, 831|3325, 832|3451, 832|4003, http://www.sohu.com, 
845|1, 845|2737, 846|2841, 846|4111, http://www.facebook.com, 
847|1, 847|1239, 848|1265, 848|4020, http://www.wikipedia.org, 
848|1, 848|1715, 849|1746, 849|3419, 853|3527, 853|4005, http://www.jd.com, 
874|1, 874|4009, http://www.vk.com, 
878|1, 878|2494, 879|2600, 880|2639, 880|4143, http://www.sohu.com, 
889|1, 889|2522, 890|2962, 890|4359, http://www.facebook.com, 
890|1, 890|1724, 891|1751, 891|3796, 900|3915, 900|4017, http://www.yahoo.com, 
917|1, 917|1178, 918|1205, 918|2806, 919|2842, 919|2941, 920|3021, 920|4025, http://www.imgur.com, 
922|1, 922|1694, 923|1719, 923|3526, 924|3557, 924|4011, http://www.baidu.com, 
939|1, 939|1717, 940|1741, 940|3211, 941|3465, 941|3786, 942|3824, 943|3966, 943|4029, http://www.qq.com, 
953|1, 953|1716, 954|1738, 954|2521, 960|2600, 960|3296, 961|3336, 961|4017, http://www.taobao.com, 
965|1, 965|1719, 966|1759, 966|2511, 967|2638, 967|3283, 969|3722, 969|4057, http://www.sina.com.cn, 
998|1, 998|1732, 999|1754, 999|2777, 1000|2980, 1000|3754, 1005|3820, 1005|4017, http://www.yahoo.com, 
1017|1, 1017|1699, 1018|1733, 1018|2478, 1020|2595, 1024|4007, http://www.amazon.com, 
1026|1, 1026|1174, 1027|1199, 1027|4021, http://www.reddit.com, 
1027|1, 1027|1680, 1028|1706, 1028|2495, 1029|2531, 1030|2686, 1030|4002, http://www.tmall.com, 
1034|1, 1034|1162, 1035|1204, 1035|2723, 1036|2801, 1036|4011, http://www.taobao.com, 
1036|1, 1036|3749, 1041|3889, 1041|4462, http://www.yahoo.com, 
1050|1, 1050|2617, 1051|2777, 1052|2904, 1052|4042, http://www.facebook.com, 
-1|1, -1|4076, http://www.wikipedia.org, 
-1|1, -1|4006, http://www.google.com, 
-1|1, -1|4012, http://www.google.com, 
-1|1, -1|4004, http://www.tmall.com, 
-1|1, -1|4007, http://www.tmall.com, 
-1|1, -1|4026, http://www.vk.com, 
-1|1, -1|4137, http://www.facebook.com, 
-1|1, -1|4013, http://www.imgur.com, 
-1|1, -1|4028, http://www.instagram.com, 
-1|1, -1|4025, http://www.jd.com, 
-1|1, -1|4058, http://www.sohu.com, 
-1|1, -1|4078, http://www.instagram.com, 
-1|1, -1|4035, http://www.jd.com, 
-1|1, -1|4003, http://www.imgur.com, 
-1|1, -1|4379, http://www.sohu.com, 
-1|1, -1|4221, http://www.instagram.com, 
-1|1, -1|4146, http://www.wikipedia.org, 
-1|1, -1|4021, http://www.wikipedia.org, 
-1|1, -1|4072, http://www.amazon.com, 
-1|1, -1|4086, http://www.yahoo.com, 
-1|1, -1|4021, http://www.sina.com.cn, 
-1|1, -1|4033, http://www.sohu.com, 
-1|1, -1|4049, http://www.taobao.com, 
-1|1, -1|4015, http://www.taobao.com, 
-1|1, -1|4017, http://www.netflix.com, 
-1|1, -1|4134, http://www.reddit.com, 
-1|1, -1|4026, http://www.qq.com, 
-1|1, -1|4043, http://www.sohu.com, 
-1|1, -1|4007, http://www.sina.com.cn, 
-1|1, -1|4026, http://www.360.cn, 
-1|1, -1|4496, http://www.360.cn, 
-1|1, -1|4023, http://www.jd.com, 
-1|1, -1|4030, http://www.netflix.com, 
-1|1, -1|4014, http://www.live.com, 
-1|1, -1|4040, http://www.wikipedia.org, 
-1|1, -1|4019, http://www.facebook.com, 
-1|1, -1|4013, http://www.google.com, 
-1|1, -1|4003, http://www.baidu.com, 
-1|1, -1|4039, http://www.baidu.com, 
-1|1, -1|4119, http://www.wikipedia.org, 
-1|1, -1|4019, http://www.qq.com, 
-1|1, -1|4066, http://www.google.com, 
-1|1, -1|4003, http://www.taobao.com, 
-1|1, -1|4043, http://www.reddit.com, 
-1|1, -1|4040, http://www.linkedin.com, 
-1|1, -1|4020, http://www.sina.com.cn, 
-1|1, -1|4006, http://www.live.com, 
-1|1, -1|4010, http://www.vk.com, 
-1|1, -1|4022, http://www.live.com, 
-1|1, -1|4050, http://www.linkedin.com, 
-1|1, -1|4301, http://www.reddit.com, 
-1|1, -1|4013, http://www.360.cn, 
-1|1, -1|4275, http://www.baidu.com, 
-1|1, -1|4039, http://www.wikipedia.org, 
-1|1, -1|4035, http://www.jd.com, 
-1|1, -1|4003, http://www.google.com, 
-1|1, -1|4015, http://www.netflix.com, 
-1|1, -1|4005, http://www.netflix.com, 
-1|1, -1|4053, http://www.wikipedia.org, 
-1|1, -1|4014, http://www.jd.com, 
-1|1, -1|4017, http://www.netflix.com, 
-1|1, -1|4010, http://www.netflix.com, 
-1|1, -1|4245, http://www.reddit.com, 
-1|1, -1|4285, http://www.amazon.com, 
-1|1, -1|4004, http://www.tmall.com, 
-1|1, -1|4019, http://www.google.com, 
-1|1, -1|4001, http://www.tmall.com, 
-1|1, -1|4038, http://www.google.com, 
-1|1, -1|4018, http://www.google.com, 
-1|1, -1|4072, http://www.facebook.com, 
-1|1, -1|4209, http://www.facebook.com, 
-1|1, -1|4083, http://www.reddit.com, 
-1|1, -1|4353, http://www.imgur.com, 
-1|1, -1|4305, http://www.imgur.com, 
-1|1, -1|4188, http://www.imgur.com, 
