78|1, 78|609, 82|791, 82|822, 84|1058, 83|1091, 83|1113, 82|1146, 82|1217, 84|1238, 84|1256, 85|1276, 86|1297, 86|1468, 85|1498, 85|1539, 84|1561, 84|1663, 83|1741, 83|1832, 87|1854, 87|1925, 86|1966, 86|2079, 87|2144, 87|2573, 88|2603, 88|2636, 90|2676, 90|2980, 91|3006, 91|4012, http://www.linkedin.com, 
29|1, 29|610, 30|638, 30|775, 29|798, 29|2353, 30|2391, 32|2718, 32|3009, 34|3051, 34|4068, http://www.linkedin.com, 
29|1, 29|2665, 32|2899, 32|3262, 34|3307, 34|3729, 35|3758, 37|3782, 40|3804, 43|3995, 43|4060, http://www.yahoo.com, 
29|1, 29|2084, 32|2491, 32|2928, 34|2978, 34|3159, 33|3184, 33|3495, 32|3565, 35|3629, 36|4007, http://www.live.com, 
28|1, 28|2596, 29|2728, 30|2978, 30|3417, 29|3468, 29|3755, 31|3776, 31|3890, 32|3913, 33|4018, http://www.360.cn, 
27|1, 27|2564, 28|2812, 32|3035, 32|3211, 41|3486, 41|4048, http://www.facebook.com, 
24|1, 24|2516, 25|2567, 27|2750, 27|3706, 30|3735, 30|3837, 31|3866, 31|4007, http://www.qq.com, 
24|1, 24|2514, 27|2759, 27|3565, 28|3846, 28|3910, 29|3944, 29|4018, http://www.qq.com, 
24|1, 24|2488, 25|2515, 27|2813, 27|3160, 29|3229, 29|3638, 30|3675, 38|3921, 38|4219, http://www.yahoo.com, 
25|1, 25|565, 24|586, 24|2022, 25|2130, 24|2162, 27|2394, 27|2775, 29|2798, 29|3003, 31|3030, 31|3205, 33|3240, 33|3645, 34|3880, 34|3934, 35|3966, 35|4024, http://www.vk.com, 
21|1, 21|1388, 22|1418, 22|1722, 23|1752, 23|2263, 22|2305, 22|2688, 23|2779, 22|3003, 24|3185, 24|3288, 26|3449, 27|4087, http://www.instagram.com, 
21|1, 21|2528, 24|2659, 24|3518, 25|3543, 25|4014, http://www.jd.com, 
21|1, 21|2431, 22|2487, 22|2604, 24|2817, 24|3168, 26|3229, 26|3446, 28|3475, 28|4016, http://www.taobao.com, 
21|1, 21|2497, 22|2593, 22|2646, 21|2741, 24|3013, 24|3720, 26|3743, 26|4001, http://www.baidu.com, 
21|1, 21|2471, 22|2507, 21|2587, 24|2648, 24|3254, 26|3281, 26|4015, http://www.netflix.com, 
21|1, 21|103, 20|123, 20|1031, 19|1053, 19|1728, 18|1772, 18|2545, 21|2712, 21|3240, 23|3262, 23|4006, http://www.tmall.com, 
15|1, 15|1963, 14|1990, 14|2259, 13|2333, 13|2398, 14|2434, 14|2785, 16|2839, 16|3498, 18|3555, 18|3853, 19|3873, 19|4009, http://www.baidu.com, 
12|1, 12|2495, 13|2526, 12|2573, 12|2622, 15|2666, 15|3162, 14|3216, 14|3288, 16|3318, 16|3348, 15|3381, 15|3442, 17|3464, 17|3486, 16|3514, 16|3557, 18|3583, 18|3816, 21|3841, 22|4309, http://www.imgur.com, 
12|1, 12|2512, 15|2756, 15|3154, 17|3554, 17|3722, 18|3755, 18|4071, http://www.sina.com.cn, 
12|1, 12|657, 11|682, 11|829, 10|850, 10|2468, 13|2674, 13|3448, 15|3484, 15|3912, 14|3999, 17|4035, http://www.live.com, 
10|1, 10|2621, 13|2828, 13|3799, 14|3840, 14|3917, 15|3963, 16|4019, http://www.sina.com.cn, 
9|1, 9|2490, 10|2525, 10|2565, 12|2835, 12|3194, 14|3238, 14|3771, 17|3795, 17|4053, http://www.amazon.com, 
9|1, 9|2441, 10|2471, 10|2571, 12|2749, 12|3082, 13|3253, 14|4092, http://www.reddit.com, 
8|1, 8|2580, 9|2877, 9|3478, 11|3719, 11|3794, 12|3859, 12|4005, http://www.360.cn, 
7|1, 7|2675, 8|2711, 7|2748, 7|2778, 10|2809, 10|3778, 12|3824, 12|3850, 13|3872, 15|4026, http://www.taobao.com, 
8|1, 8|2544, 9|2751, 11|2910, 11|3214, 13|3241, 13|3871, 14|3902, 14|4008, http://www.instagram.com, 
8|1, 8|2430, 9|2521, 10|2826, 11|2854, 11|3719, 13|3744, 13|4013, http://www.baidu.com, 
7|1, 7|2485, 8|2519, 7|2571, 8|2692, 8|2836, 10|2879, 10|3823, 11|3857, 12|3882, 12|4011, http://www.sohu.com, 
8|1, 8|2460, 7|2544, 8|2683, 8|2779, 10|2922, 10|3102, 12|3248, 12|3771, 13|3859, 13|4090, http://www.instagram.com, 
8|1, 8|2566, 11|2965, 11|3470, 13|3492, 13|3658, 15|3686, 15|3854, 17|3892, 17|4015, http://www.vk.com, 
8|1, 8|939, 7|960, 7|2612, 8|2640, 10|2878, 10|3286, 12|3481, 20|4105, http://www.yahoo.com, 
7|1, 7|2562, 8|2716, 8|2855, 10|2953, 10|3688, 12|3713, 12|3874, 14|3917, 14|4026, http://www.vk.com, 
7|1, 7|2733, 10|2833, 10|3291, 12|3446, 12|4136, http://www.reddit.com, 
6|1, 6|2570, 7|2645, 7|2804, 9|2855, 9|3257, 11|3501, 14|4285, http://www.amazon.com, 
7|1, 7|2465, 8|2615, 8|2652, 7|2694, 10|2922, 10|3260, 11|3663, 11|3883, 12|3981, 12|4099, http://www.sina.com.cn, 
6|1, 6|2556, 7|2928, 9|3121, 14|4028, http://www.360.cn, 
6|1, 6|2195, 7|2223, 9|2379, 9|2970, 11|2994, 11|3137, 13|3187, 13|3373, 15|3412, 15|3678, 16|3772, 17|4161, http://www.vk.com, 
6|1, 6|2672, 9|2970, 9|3478, 11|3511, 20|4392, http://www.yahoo.com, 
6|1, 6|2094, 9|2417, 9|3048, 11|3167, 11|4012, http://www.tmall.com, 
6|1, 6|2660, 9|3029, 9|3779, 10|3983, 11|4047, http://www.qq.com, 
6|1, 6|2654, 7|2706, 6|2736, 6|2838, 9|3002, 9|3680, 10|3789, 10|4066, http://www.jd.com, 
6|1, 6|2510, 7|2824, 9|2936, 9|3471, 11|3507, 11|4191, http://www.amazon.com, 
4|1, 4|2689, 7|2915, 7|3340, 9|3367, 9|3811, 10|3919, 10|4001, http://www.linkedin.com, 
5|1, 5|2838, 6|3044, 6|3075, 7|3161, 8|3215, 10|4020, http://www.sohu.com, 
5|1, 5|2640, 8|2841, 8|3372, 10|3449, 10|4020, http://www.linkedin.com, 
5|1, 5|2627, 6|2756, 5|3035, 8|3239, 8|3470, 10|3627, 10|3827, 11|3997, 11|4139, http://www.instagram.com, 
5|1, 5|2572, 8|2881, 8|3311, 7|3342, 8|3533, 8|3573, 10|3623, 9|3661, 9|3690, 11|3774, 11|4175, http://www.imgur.com, 
5|1, 5|2561, 8|2881, 8|3523, 10|3548, 10|3711, 12|3751, 12|4001, http://www.taobao.com, 
5|1, 5|176, 6|199, 6|643, 7|668, 7|1015, 8|1040, 8|2576, 9|2619, 9|2803, 11|2902, 13|4117, http://www.qq.com, 
8|1, 8|2801, 11|3084, 11|4002, http://www.sina.com.cn, 
8|1, 8|2683, 9|2719, 8|2777, 11|3094, 11|3677, 12|3719, 13|3752, 13|4018, http://www.live.com, 
7|1, 7|2599, 8|2682, 10|3024, 10|3664, 12|3711, 12|4010, http://www.live.com, 
7|1, 7|2617, 8|2650, 8|3024, 10|3103, 10|3856, 12|3927, 12|4004, http://www.baidu.com, 
7|1, 7|2652, 8|2690, 7|2736, 7|2827, 10|2919, 10|3687, 11|3799, 12|4006, http://www.qq.com, 
7|1, 7|2985, 10|3040, 10|3425, 12|3460, 14|4017, http://www.netflix.com, 
7|1, 7|2672, 9|2908, 9|3068, 11|3161, 11|3674, 13|3750, 14|4155, http://www.360.cn, 
8|1, 8|2631, 9|2657, 11|2911, 11|3439, 13|3465, 13|4018, http://www.tmall.com, 
8|1, 8|2403, 9|2428, 9|2586, 8|2684, 9|2737, 11|2975, 11|3582, 13|3632, 13|4007, http://www.amazon.com, 
8|1, 8|2571, 9|2597, 11|3007, 11|3403, 13|3440, 13|4010, http://www.amazon.com, 
8|1, 8|2292, 11|2551, 11|2753, 13|2843, 13|3395, 14|3534, 14|4018, http://www.instagram.com, 
8|1, 8|2687, 9|2732, 11|3165, 11|3394, 13|3511, 14|4012, http://www.linkedin.com, 
8|1, 8|2630, 11|3042, 11|3278, 13|3304, 13|4203, http://www.linkedin.com, 
7|1, 7|2691, 10|3008, 10|3551, 12|3587, 12|3775, 14|3810, 14|3967, 16|3991, 16|4027, http://www.vk.com, 
7|1, 7|2648, 8|2803, 8|3042, 9|3151, 14|4078, http://www.360.cn, 
7|1, 7|2217, 10|2482, 10|3053, 12|3082, 11|4008, http://www.live.com, 
7|1, 7|2669, 8|2783, 8|3014, 10|3150, 10|3682, 9|3713, 10|4010, http://www.sohu.com, 
4|1, 4|2705, 5|2743, 5|2847, 9|2934, 9|3436, 18|3584, 18|4117, http://www.facebook.com, 
5|1, 5|2220, 6|2258, 8|2473, 8|2802, 10|3073, 10|3746, 11|3779, 11|4032, http://www.wikipedia.org, 
5|1, 5|2708, 8|3053, 8|3954, 9|3983, 9|4010, http://www.jd.com, 
5|1, 5|2773, 8|3065, 8|3503, 10|3529, 10|3689, 12|3711, 12|3891, 14|3916, 14|4015, http://www.vk.com, 
5|1, 5|2610, 6|2648, 5|2788, 6|2867, 6|2998, 8|3071, 8|3548, 10|3828, 11|4152, http://www.sohu.com, 
5|1, 5|2528, 10|2967, 10|3324, 19|3493, 20|4364, http://www.facebook.com, 
5|1, 5|2648, 6|2685, 8|2884, 8|3356, 10|3469, 10|3806, 11|3919, 17|4027, http://www.yahoo.com, 
5|1, 5|1777, 4|1810, 4|2271, 7|2552, 7|2731, 6|2787, 6|2897, 8|2925, 8|2948, 7|3027, 7|3053, 9|3082, 8|3113, 10|3198, 10|4032, http://www.imgur.com, 
3|1, 3|2562, 4|2606, 4|2891, 6|2989, 6|3844, 8|3869, 8|4016, http://www.baidu.com, 
4|1, 4|2576, 5|2686, 4|2746, 7|2797, 7|3470, 9|3791, 9|4034, http://www.qq.com, 
4|1, 4|2651, 5|2680, 4|2805, 7|3030, 7|3524, 9|3652, 9|3680, 11|3707, 11|4015, http://www.taobao.com, 
4|1, 4|2644, 7|2904, 8|4063, http://www.sina.com.cn, 
3|1, 3|2784, 6|2986, 6|3386, 8|3409, 8|3827, 11|3872, 17|4005, http://www.yahoo.com, 
4|1, 4|2716, 7|2892, 7|3366, 9|3448, 9|4020, http://www.amazon.com, 
4|1, 4|2185, 7|2325, 7|2824, 9|2976, 9|4003, http://www.reddit.com, 
4|1, 4|2535, 5|2690, 4|2766, 5|2820, 7|2905, 7|3584, 9|3616, 9|4006, http://www.tmall.com, 
4|1, 4|2137, 5|2171, 7|2509, 7|3060, 9|3086, 10|3119, 12|3205, 12|4016, http://www.taobao.com, 
4|1, 4|2666, 7|3120, 7|3316, 9|3533, 9|3894, 15|3964, 19|4704, http://www.yahoo.com, 
3|1, 3|2596, 4|2623, 3|2783, 3|2910, 6|3001, 7|3038, 8|3191, 8|3333, 11|3480, 17|3575, 17|3711, 18|3752, 18|4048, http://www.facebook.com, 
