816|1, 816|451, 817|482, 819|521, 820|577, 818|603, 818|632, 826|678, 825|705, 827|732, 828|758, 831|794, 826|964, 826|1009, 830|1244, 832|1280, 832|1328, 834|1361, 833|1398, 833|1657, 832|1684, 832|1849, 833|1905, 834|1996, 834|2144, 833|2214, 833|2239, 835|2267, 834|2317, 834|2674, 837|2693, 836|2715, 835|2748, 835|2792, 823|2824, 822|2860, 822|3078, 825|3117, 823|3143, 823|3907, 825|3926, 823|3956, 823|4006, http://www.linkedin.com, 
698|1, 697|75, 697|486, 698|510, 698|723, 699|749, 699|796, 698|820, 698|1074, 691|1094, 691|1112, 690|1136, 691|1155, 691|1568, 693|1590, 693|1616, 692|1638, 696|1665, 696|1784, 698|1805, 700|1828, 700|1935, 701|1962, 701|1982, 702|2010, 704|2030, 704|2111, 706|2130, 704|2157, 704|2188, 708|2208, 710|2232, 713|2277, 713|2322, 712|2372, 712|2399, 726|2734, 728|2810, 728|2979, 730|3068, 730|3662, 732|3981, 735|4121, http://www.linkedin.com, 
697|1, 695|67, 695|796, 696|815, 696|862, 697|893, 696|916, 696|1152, 689|1176, 689|1219, 690|1242, 690|1669, 694|1689, 695|1716, 692|1750, 696|1791, 696|1937, 700|1958, 700|1983, 702|2005, 700|2028, 702|2049, 700|2071, 700|2110, 701|2129, 701|2182, 704|2207, 704|2342, 708|2366, 710|2393, 710|2422, 715|2477, 712|2563, 716|2722, 726|2963, 728|3015, 728|3086, 730|3109, 731|3233, 730|3280, 730|3638, 750|3736, 744|3775, 742|3799, 742|4070, http://www.yahoo.com, 
700|1, 699|70, 698|93, 698|647, 700|675, 698|699, 698|785, 699|803, 699|1120, 695|1166, 697|1190, 694|1210, 694|1252, 698|1279, 698|1386, 700|1407, 702|1427, 702|1551, 703|1570, 703|1635, 706|1656, 706|1806, 708|1827, 710|1853, 712|1894, 716|1929, 714|1989, 714|2038, 718|2063, 717|2092, 728|2501, 728|2749, 730|2801, 730|3178, 729|3200, 729|3513, 731|3568, 733|3617, 733|3671, 735|3738, 735|3767, 737|3811, 735|3878, 735|3918, 736|3995, 736|4024, http://www.live.com, 
696|1, 694|89, 694|425, 695|446, 694|471, 694|514, 696|538, 694|569, 694|794, 695|817, 695|1164, 688|1189, 688|1210, 689|1232, 689|1662, 692|1685, 694|1711, 698|1763, 698|1852, 695|1886, 695|1908, 697|1929, 699|1951, 699|2063, 700|2081, 700|2166, 703|2191, 703|2337, 707|2359, 709|2382, 709|2431, 713|2471, 712|2628, 717|2753, 727|3016, 727|3459, 728|3508, 728|3687, 729|3773, 729|3819, 733|3839, 733|3955, 735|3993, 733|4020, http://www.360.cn, 
696|1, 694|76, 694|802, 695|826, 695|1153, 688|1178, 688|1205, 689|1225, 689|1648, 693|1671, 689|1695, 691|1719, 691|1771, 695|1795, 695|1931, 699|1962, 699|2072, 700|2099, 700|2160, 702|2187, 703|2216, 703|2395, 707|2417, 709|2451, 710|2552, 711|2595, 711|2617, 727|3053, 729|3098, 729|3207, 738|3461, 738|4077, http://www.facebook.com, 
697|1, 694|85, 694|594, 695|618, 694|639, 694|809, 695|828, 695|1182, 688|1206, 688|1226, 689|1246, 689|1669, 692|1692, 691|1724, 691|1792, 695|1814, 695|1932, 697|1954, 699|1978, 699|2089, 700|2113, 700|2149, 702|2170, 703|2193, 703|2233, 704|2252, 703|2282, 703|2345, 705|2376, 709|2406, 709|2453, 717|2505, 711|2597, 717|2771, 725|2911, 725|3079, 727|3108, 727|3138, 730|3318, 730|3371, 733|3527, 733|3659, 734|3707, 734|3768, 732|3795, 732|3927, 733|3951, 733|4019, http://www.qq.com, 
696|1, 696|273, 698|293, 696|331, 696|775, 697|799, 697|1139, 690|1162, 690|1206, 691|1235, 691|1633, 694|1655, 693|1691, 693|1744, 697|1769, 697|1831, 699|1855, 697|1877, 697|1902, 701|1922, 701|1964, 703|1985, 701|2006, 701|2050, 702|2082, 702|2124, 705|2147, 705|2320, 709|2347, 711|2370, 713|2393, 711|2417, 717|2495, 713|2542, 721|2775, 727|3006, 729|3056, 729|3310, 730|3377, 730|3827, 731|3912, 731|4003, http://www.qq.com, 
696|1, 696|779, 697|803, 697|1129, 690|1151, 690|1172, 691|1193, 691|1328, 693|1348, 691|1382, 691|1592, 694|1619, 696|1643, 693|1664, 693|1713, 697|1739, 697|1866, 701|1887, 701|2011, 702|2030, 702|2120, 705|2142, 705|2267, 707|2293, 711|2320, 711|2426, 715|2480, 715|2538, 721|2831, 727|2876, 727|2906, 729|2949, 729|3050, 731|3243, 731|3574, 746|3650, 740|3694, 746|4148, http://www.yahoo.com, 
699|1, 698|68, 698|677, 700|701, 698|725, 698|805, 699|825, 699|1137, 694|1162, 697|1189, 697|1231, 700|1257, 701|1281, 698|1302, 698|1404, 702|1427, 702|1541, 703|1560, 703|1641, 706|1675, 706|1842, 710|1878, 712|1932, 712|1981, 713|2015, 713|2042, 714|2067, 718|2178, 722|2291, 728|2462, 730|2520, 730|2608, 731|2645, 732|2741, 732|2878, 734|2915, 735|2937, 734|2973, 734|3120, 736|3159, 736|3622, 737|3804, 738|3951, 738|4017, http://www.vk.com, 
699|1, 697|67, 697|678, 698|699, 697|721, 699|743, 699|1166, 692|1216, 692|1256, 694|1278, 694|1319, 692|1361, 694|1383, 694|1540, 696|1561, 694|1586, 694|1637, 697|1676, 696|1697, 695|1721, 695|1819, 697|1845, 697|1902, 701|1928, 701|2077, 705|2097, 705|2118, 707|2141, 705|2166, 707|2186, 705|2208, 705|2227, 706|2247, 706|2317, 709|2355, 709|2462, 711|2483, 713|2507, 715|2529, 715|2626, 716|2652, 716|2683, 717|2706, 717|2735, 728|3015, 733|3198, 733|3304, 735|3353, 735|3759, 739|3804, 739|3955, 741|3975, 740|4058, http://www.instagram.com, 
700|1, 700|736, 701|756, 701|1090, 694|1112, 694|1153, 695|1175, 695|1581, 698|1602, 700|1636, 700|1677, 704|1706, 704|1840, 708|1865, 708|2007, 709|2027, 709|2049, 706|2072, 709|2094, 709|2245, 713|2268, 715|2302, 717|2403, 717|2442, 722|2536, 721|2648, 731|2839, 731|2876, 733|2903, 733|3101, 745|3227, 748|3261, 748|3468, 750|3490, 749|3518, 749|3855, 747|3882, 748|4013, http://www.jd.com, 
699|1, 697|70, 697|367, 698|385, 697|411, 697|771, 698|790, 698|1132, 691|1159, 691|1200, 692|1223, 692|1502, 694|1533, 692|1562, 692|1646, 697|1669, 694|1703, 694|1727, 698|1763, 698|1889, 702|1909, 702|2040, 703|2062, 703|2124, 706|2151, 706|2296, 710|2316, 710|2337, 712|2367, 719|2417, 715|2446, 714|2505, 714|2535, 726|2830, 728|2882, 730|2948, 730|2984, 732|3158, 732|3299, 736|3328, 734|3351, 734|3634, 735|3657, 733|3680, 733|3788, 735|3811, 733|3840, 735|3861, 733|3882, 733|4011, http://www.taobao.com, 
690|1, 694|75, 694|829, 695|864, 695|1187, 688|1212, 688|1240, 689|1260, 689|1698, 694|1722, 691|1765, 691|1788, 695|1810, 695|1972, 699|1992, 699|2115, 700|2133, 700|2220, 703|2245, 703|2418, 707|2445, 711|2492, 710|2616, 711|2646, 715|2757, 725|3039, 727|3121, 727|3441, 729|3475, 729|3708, 730|3747, 730|4007, http://www.baidu.com, 
696|1, 694|83, 694|803, 695|823, 695|1164, 688|1186, 688|1208, 689|1229, 689|1666, 692|1694, 691|1720, 691|1753, 695|1778, 695|1917, 697|1940, 699|1962, 699|2061, 700|2083, 700|2140, 703|2181, 703|2321, 705|2343, 707|2367, 714|2451, 719|2475, 714|2505, 711|2539, 710|2582, 715|2660, 721|2829, 725|3007, 727|3033, 727|3133, 729|3279, 729|3427, 731|3456, 729|3530, 729|3661, 731|3687, 729|3709, 729|3954, 731|3974, 733|3997, 735|4022, http://www.netflix.com, 
694|1, 692|88, 692|775, 693|797, 693|1054, 692|1074, 692|1125, 689|1147, 685|1177, 685|1200, 686|1222, 686|1626, 687|1648, 686|1669, 688|1694, 688|1744, 692|1792, 692|1896, 694|1916, 696|1945, 696|2056, 697|2078, 697|2098, 699|2121, 700|2159, 700|2320, 702|2346, 706|2398, 706|2486, 707|2506, 708|2530, 710|2566, 712|2636, 722|2984, 724|3013, 724|3069, 726|3194, 726|3375, 727|3400, 725|3439, 727|3464, 725|3487, 725|3688, 727|3706, 729|3731, 729|4007, http://www.tmall.com, 
689|1, 688|64, 688|740, 689|776, 689|1096, 682|1124, 681|1148, 682|1169, 682|1492, 684|1516, 682|1543, 682|1608, 684|1627, 684|1672, 688|1696, 688|1853, 692|1873, 691|1902, 693|1926, 691|1962, 691|1983, 692|2007, 692|2034, 694|2055, 695|2088, 695|2229, 701|2277, 701|2327, 703|2412, 703|2448, 709|2626, 717|2789, 719|2848, 719|3274, 720|3302, 721|3338, 721|3468, 723|3493, 723|3516, 726|3569, 726|4008, http://www.baidu.com, 
686|1, 686|146, 688|167, 686|191, 686|683, 688|707, 686|736, 686|755, 687|779, 687|1121, 681|1145, 680|1166, 680|1188, 681|1212, 681|1635, 684|1656, 686|1681, 683|1713, 683|1738, 687|1759, 687|1877, 689|1896, 691|1916, 691|2029, 692|2048, 692|2087, 694|2108, 695|2134, 695|2309, 699|2344, 701|2442, 701|2468, 702|2514, 703|2541, 704|2579, 707|2633, 707|2670, 709|2758, 713|2914, 715|2941, 716|2962, 715|3020, 715|3072, 717|3146, 717|3233, 720|3283, 720|3371, 722|3403, 721|3437, 721|3509, 722|3535, 722|3702, 725|3808, 726|4226, http://www.imgur.com, 
687|1, 686|78, 686|815, 687|837, 687|1161, 680|1186, 680|1229, 681|1250, 681|1465, 683|1483, 681|1505, 681|1668, 684|1689, 686|1719, 683|1750, 687|1777, 687|1905, 691|1933, 691|2054, 692|2081, 692|2120, 694|2142, 695|2164, 695|2317, 699|2349, 701|2400, 704|2438, 708|2486, 703|2527, 711|2761, 717|2930, 719|2971, 719|3174, 722|3568, 722|3615, 728|3699, 726|3741, 726|4011, http://www.sina.com.cn, 
687|1, 686|72, 686|762, 687|787, 687|1024, 688|1046, 687|1069, 687|1116, 680|1139, 680|1162, 681|1181, 681|1590, 684|1629, 686|1658, 683|1678, 687|1726, 687|1854, 691|1877, 691|2017, 692|2036, 692|2111, 695|2136, 695|2299, 699|2323, 701|2348, 701|2370, 703|2480, 709|2683, 713|2836, 717|2884, 717|2910, 719|2964, 719|3313, 724|3365, 721|3398, 721|3878, 723|3898, 721|3919, 723|3941, 722|3988, 725|4061, http://www.live.com, 
688|1, 686|67, 686|257, 687|284, 686|309, 686|780, 687|803, 687|1156, 682|1177, 680|1202, 681|1226, 681|1658, 684|1682, 686|1715, 683|1734, 683|1764, 687|1795, 687|1924, 691|1944, 691|2076, 692|2097, 692|2165, 695|2189, 695|2312, 699|2338, 701|2376, 703|2446, 703|2525, 715|2832, 719|2955, 719|3290, 721|3314, 719|3336, 719|3494, 721|3700, 720|3768, 721|3811, 721|3934, 722|3978, 723|4015, http://www.sina.com.cn, 
683|1, 683|766, 684|791, 684|1128, 677|1164, 677|1202, 678|1221, 678|1674, 681|1695, 683|1723, 683|1746, 684|1784, 684|1934, 688|1962, 688|2094, 689|2114, 689|2162, 692|2184, 692|2343, 696|2370, 698|2409, 698|2439, 702|2499, 700|2548, 704|2583, 710|2809, 712|2911, 712|2945, 714|2997, 716|3042, 716|3169, 718|3194, 718|3652, 721|3763, 721|3851, 724|3971, 725|4000, 722|4073, http://www.amazon.com, 
684|1, 684|758, 685|781, 685|1075, 684|1101, 686|1135, 677|1161, 678|1181, 678|1617, 681|1640, 680|1667, 684|1737, 684|1868, 688|1888, 688|2053, 689|2077, 692|2123, 692|2271, 694|2311, 698|2339, 698|2390, 699|2468, 699|2499, 700|2523, 700|2595, 708|2773, 712|2879, 714|2962, 714|2994, 716|3042, 716|3111, 717|3248, 717|3367, 721|3391, 721|3458, 723|3481, 721|3502, 721|3580, 724|3670, 721|3715, 722|4116, http://www.reddit.com, 
683|1, 683|824, 684|854, 684|1197, 677|1221, 677|1255, 678|1276, 678|1591, 680|1613, 678|1642, 678|1764, 680|1787, 680|1847, 685|1874, 684|1898, 684|2002, 688|2030, 688|2151, 689|2172, 689|2215, 691|2249, 692|2275, 692|2415, 694|2471, 698|2582, 706|2892, 712|2945, 716|3147, 716|3281, 718|3312, 723|3693, 722|3807, 724|3884, 723|3940, 723|4003, http://www.360.cn, 
680|1, 679|81, 679|246, 681|270, 679|293, 679|812, 681|842, 679|867, 680|893, 680|1207, 673|1250, 673|1297, 674|1318, 674|1779, 679|1805, 676|1829, 676|1883, 680|1910, 680|1934, 682|1956, 680|1983, 680|2048, 682|2069, 684|2094, 684|2198, 685|2220, 685|2313, 688|2335, 688|2498, 694|2525, 694|2565, 700|2635, 698|2744, 700|2779, 700|2816, 702|2846, 702|2884, 704|2956, 704|3048, 708|3196, 710|3231, 712|3262, 712|3541, 715|3614, 715|3748, 714|3771, 714|3794, 715|3815, 715|3958, 717|3984, 717|4009, http://www.taobao.com, 
685|1, 683|66, 683|542, 685|569, 683|599, 683|801, 684|828, 684|1172, 677|1192, 677|1232, 678|1253, 678|1695, 680|1721, 680|1747, 684|1772, 684|1903, 686|1923, 688|1944, 688|2069, 689|2109, 692|2145, 692|2341, 696|2366, 698|2392, 704|2464, 700|2515, 702|2561, 702|2628, 712|2913, 714|2997, 716|3024, 716|3116, 718|3197, 718|3593, 722|3640, 722|3808, 723|3879, 723|4025, http://www.instagram.com, 
685|1, 683|67, 683|781, 684|804, 684|1133, 677|1154, 677|1173, 678|1192, 678|1643, 680|1664, 680|1738, 684|1766, 684|1873, 686|1898, 688|1919, 688|2036, 689|2058, 689|2095, 691|2117, 692|2144, 692|2314, 702|2395, 700|2443, 699|2521, 710|2823, 710|2870, 714|2946, 714|3434, 717|3459, 716|3481, 716|3683, 717|3723, 717|3850, 719|3870, 717|3890, 721|4008, http://www.baidu.com, 
679|1, 679|719, 680|738, 680|1090, 673|1115, 673|1171, 674|1191, 674|1631, 677|1653, 678|1693, 680|1724, 680|1861, 684|1882, 684|2009, 685|2035, 685|2098, 688|2125, 688|2292, 692|2325, 694|2385, 694|2438, 696|2495, 696|2524, 700|2582, 702|2695, 706|2850, 710|2892, 710|2915, 712|3007, 712|3444, 714|3465, 712|3498, 715|3546, 714|3580, 714|3767, 715|3793, 719|4022, http://www.sohu.com, 
680|1, 680|735, 681|756, 681|831, 683|849, 681|891, 681|1095, 674|1124, 674|1182, 675|1203, 675|1347, 677|1367, 675|1392, 675|1646, 677|1673, 677|1697, 681|1736, 681|1890, 684|1911, 685|1945, 685|2058, 686|2113, 686|2137, 690|2157, 690|2175, 689|2195, 689|2346, 693|2370, 695|2393, 695|2478, 699|2557, 701|2700, 707|2796, 707|2891, 711|2974, 711|3040, 713|3070, 713|3120, 715|3243, 715|3788, 716|3870, 716|4084, http://www.instagram.com, 
682|1, 681|72, 680|175, 680|328, 682|349, 680|373, 680|884, 681|920, 681|1258, 674|1284, 674|1306, 675|1332, 675|1784, 677|1805, 677|1868, 681|1910, 681|2019, 683|2040, 683|2066, 685|2091, 685|2209, 686|2231, 686|2278, 689|2305, 689|2404, 691|2437, 689|2462, 689|2489, 695|2518, 695|2543, 701|2580, 707|2940, 709|3066, 711|3150, 713|3186, 713|3336, 715|3462, 715|3582, 717|3648, 717|3803, 719|3859, 721|3907, 719|3933, 719|4031, http://www.vk.com, 
680|1, 680|528, 682|553, 680|581, 680|833, 681|855, 681|1199, 674|1224, 674|1274, 675|1296, 675|1729, 680|1770, 677|1794, 677|1820, 681|1843, 681|1976, 685|2001, 685|2128, 686|2149, 686|2204, 688|2230, 689|2271, 689|2427, 695|2482, 700|2524, 697|2623, 697|2654, 705|2855, 707|2970, 711|3083, 713|3166, 713|3301, 715|3476, 717|3520, 715|3566, 715|3798, 737|3881, 727|3919, 733|4586, http://www.yahoo.com, 
682|1, 682|313, 683|338, 682|367, 682|832, 683|856, 683|1213, 676|1237, 676|1285, 677|1307, 677|1787, 679|1810, 677|1837, 681|1886, 681|2019, 685|2061, 685|2187, 686|2212, 686|2292, 689|2319, 689|2371, 691|2397, 689|2429, 689|2481, 693|2518, 695|2550, 695|2584, 697|2734, 703|2870, 705|2958, 709|3087, 713|3205, 713|3521, 717|3620, 715|3651, 715|3733, 717|3782, 719|3812, 721|3846, 721|4046, http://www.vk.com, 
680|1, 680|846, 681|881, 681|1188, 674|1218, 674|1288, 675|1310, 675|1336, 677|1355, 675|1380, 675|1713, 678|1757, 678|1783, 677|1808, 677|1831, 681|1859, 681|2013, 685|2035, 685|2183, 686|2205, 686|2256, 689|2284, 689|2440, 693|2465, 695|2489, 697|2666, 701|2737, 703|2820, 709|3020, 711|3088, 711|3164, 713|3191, 713|3299, 715|3360, 715|3696, 717|3718, 719|3877, 719|4343, http://www.reddit.com, 
678|1, 676|76, 676|853, 677|874, 677|1098, 678|1119, 677|1143, 677|1221, 670|1242, 670|1291, 671|1312, 671|1571, 673|1593, 671|1620, 671|1724, 673|1746, 671|1768, 674|1791, 676|1840, 673|1870, 677|1903, 677|2062, 681|2087, 681|2207, 682|2229, 682|2278, 685|2319, 685|2473, 689|2497, 691|2533, 691|2600, 693|2673, 699|2830, 701|2886, 705|3076, 707|3107, 707|3134, 709|3171, 709|3280, 711|3474, 714|4308, http://www.amazon.com, 
680|1, 682|67, 680|88, 680|753, 682|779, 680|804, 680|852, 681|875, 681|1203, 674|1239, 674|1261, 675|1286, 675|1732, 679|1754, 677|1782, 677|1822, 681|1859, 681|1881, 683|1902, 681|1932, 681|1981, 685|2004, 685|2152, 686|2177, 686|2200, 688|2223, 689|2262, 689|2336, 691|2361, 689|2383, 689|2412, 693|2437, 695|2486, 697|2629, 699|2674, 698|2714, 705|2872, 709|2978, 711|3026, 711|3099, 713|3138, 713|3282, 714|3545, 718|3724, 718|3809, 717|3873, 721|3997, 724|4116, http://www.sina.com.cn, 
680|1, 679|67, 679|89, 681|122, 679|142, 679|841, 680|867, 680|1211, 673|1235, 673|1257, 674|1281, 674|1472, 676|1494, 674|1520, 674|1605, 672|1625, 671|1652, 671|1732, 674|1754, 676|1784, 676|1805, 680|1837, 680|1973, 679|2001, 681|2023, 681|2150, 682|2183, 682|2272, 685|2304, 685|2482, 689|2506, 691|2531, 691|2575, 701|2862, 709|3142, 709|3199, 711|3223, 709|3260, 709|3407, 714|3543, 714|3595, 712|3650, 734|4040, http://www.360.cn, 
679|1, 676|81, 676|897, 677|930, 677|1263, 670|1297, 672|1322, 672|1372, 676|1395, 676|1539, 680|1567, 680|1702, 681|1723, 681|1800, 684|1825, 684|1979, 694|2094, 690|2126, 692|2176, 692|2211, 694|2244, 698|2371, 706|2611, 708|2709, 708|2853, 710|2981, 710|3071, 711|3111, 712|3139, 712|3258, 714|3280, 714|3641, 715|3691, 716|4182, http://www.vk.com, 
677|1, 675|83, 675|824, 676|848, 676|1185, 669|1217, 669|1261, 670|1291, 670|1513, 672|1533, 670|1565, 670|1727, 673|1751, 672|1776, 672|1833, 676|1856, 676|1990, 678|2013, 680|2035, 680|2169, 681|2190, 681|2253, 684|2285, 684|2472, 688|2500, 690|2536, 690|2586, 692|2691, 702|2913, 706|3106, 708|3144, 708|3423, 710|3463, 710|3530, 711|3556, 710|3650, 710|3834, 718|3887, 720|4411, http://www.yahoo.com, 
679|1, 676|73, 676|862, 677|889, 677|1234, 674|1261, 675|1286, 672|1314, 672|1342, 674|1366, 676|1389, 676|1506, 678|1529, 680|1562, 680|1682, 681|1713, 681|1784, 684|1813, 684|1946, 690|1984, 690|2067, 704|2430, 704|2490, 706|2526, 706|2597, 708|2636, 708|2659, 710|2682, 708|2722, 708|2932, 710|3068, 710|3225, 712|3249, 710|3302, 710|3565, 712|3593, 714|3623, 714|3806, 716|3827, 715|3846, 714|3871, 714|4004, http://www.tmall.com, 
671|1, 675|81, 675|147, 677|179, 675|201, 675|851, 676|871, 676|1229, 669|1254, 669|1278, 670|1302, 670|1764, 675|1788, 675|1814, 672|1847, 676|1875, 676|2008, 680|2037, 680|2187, 681|2207, 681|2307, 684|2370, 684|2497, 688|2524, 690|2568, 690|2593, 696|2640, 694|2669, 692|2692, 692|2733, 706|3174, 706|3211, 708|3245, 708|3409, 707|3569, 707|3628, 711|3778, 712|4011, http://www.qq.com, 
676|1, 674|163, 674|231, 676|255, 674|283, 674|883, 675|904, 675|1260, 670|1283, 668|1305, 668|1327, 669|1350, 669|1682, 671|1704, 669|1730, 669|1776, 673|1797, 674|1821, 671|1846, 671|1877, 675|1900, 675|2030, 677|2052, 679|2075, 679|2180, 680|2202, 680|2288, 683|2333, 683|2488, 687|2513, 693|2613, 693|2747, 692|2776, 695|2815, 701|2990, 707|3229, 707|3349, 722|3558, 722|3753, 720|3883, 723|3955, 721|4098, http://www.jd.com, 
674|1, 674|813, 675|837, 675|984, 677|1005, 675|1031, 675|1121, 676|1153, 675|1178, 675|1203, 668|1230, 668|1251, 669|1272, 669|1605, 671|1632, 669|1671, 669|1715, 672|1744, 674|1770, 671|1796, 671|1820, 675|1851, 675|1967, 679|1988, 679|2123, 680|2152, 680|2242, 683|2274, 683|2422, 687|2450, 689|2504, 689|2531, 692|2557, 699|2887, 705|3107, 707|3139, 707|3275, 709|3457, 709|4010, http://www.amazon.com, 
671|1, 672|73, 669|104, 669|235, 671|256, 669|281, 669|835, 670|872, 670|1180, 663|1210, 663|1262, 664|1283, 664|1714, 667|1741, 669|1771, 669|1799, 670|1844, 670|1972, 674|1996, 674|2146, 675|2168, 675|2213, 678|2248, 678|2402, 680|2428, 684|2457, 684|2571, 686|2611, 688|2662, 687|2713, 692|2849, 699|3013, 700|3062, 702|3088, 700|3114, 700|3161, 702|3191, 702|3304, 704|3343, 704|3656, 706|3677, 704|3700, 704|3833, 705|3936, 705|4002, http://www.linkedin.com, 
675|1, 673|75, 673|260, 675|280, 673|303, 673|869, 674|890, 674|1236, 667|1275, 667|1307, 668|1329, 668|1795, 673|1824, 670|1852, 674|1886, 674|2033, 678|2059, 678|2226, 679|2253, 679|2285, 682|2317, 682|2480, 686|2505, 688|2532, 688|2641, 690|2698, 690|2751, 695|2845, 698|3058, 698|3098, 700|3172, 702|3226, 704|3270, 704|3306, 706|3356, 706|3395, 710|3431, 710|3561, 712|3649, 712|3795, 713|3858, 713|4020, http://www.sohu.com, 
674|1, 673|72, 673|311, 675|339, 673|365, 673|830, 674|857, 674|885, 676|910, 674|932, 674|1208, 667|1232, 667|1255, 668|1277, 668|1753, 670|1775, 670|1819, 674|1849, 674|1956, 676|1980, 678|2003, 678|2163, 679|2197, 681|2219, 683|2253, 683|2280, 682|2302, 682|2440, 686|2477, 688|2512, 694|2565, 692|2598, 690|2665, 698|2867, 700|2901, 704|3066, 704|3107, 706|3135, 706|3197, 708|3231, 706|3262, 706|3345, 708|3398, 708|4010, http://www.linkedin.com, 
675|1, 673|72, 673|867, 674|887, 674|1249, 667|1275, 667|1324, 668|1354, 668|1827, 670|1868, 670|1917, 674|1939, 674|2092, 678|2115, 679|2138, 678|2163, 678|2270, 679|2302, 679|2324, 682|2357, 682|2550, 686|2583, 688|2626, 690|2776, 691|2814, 704|3255, 704|3287, 706|3360, 706|3481, 708|3645, 708|3829, 710|3911, 709|4067, http://www.instagram.com, 
675|1, 673|77, 673|851, 674|876, 674|928, 676|957, 674|980, 674|1215, 667|1237, 667|1284, 668|1306, 668|1507, 670|1535, 668|1559, 668|1729, 671|1751, 671|1774, 673|1795, 673|1846, 674|1871, 674|2000, 678|2025, 678|2174, 679|2200, 679|2222, 682|2252, 682|2414, 686|2437, 688|2469, 688|2516, 690|2553, 689|2579, 697|2840, 705|3117, 707|3150, 707|3372, 710|3561, 709|3604, 709|3688, 710|3720, 710|3804, 712|3878, 714|4145, http://www.imgur.com, 
674|1, 673|70, 673|529, 675|553, 673|577, 673|858, 674|877, 674|1228, 667|1254, 667|1302, 668|1323, 668|1754, 671|1783, 673|1812, 673|1835, 677|1864, 677|1905, 674|1927, 674|2025, 678|2049, 678|2177, 679|2199, 679|2249, 682|2290, 682|2479, 688|2510, 688|2553, 691|2583, 690|2713, 706|3175, 706|3305, 708|3360, 709|3390, 709|3446, 711|3471, 708|3499, 710|3526, 708|3549, 708|3652, 710|3687, 710|4004, http://www.taobao.com, 
674|1, 677|96, 675|122, 675|145, 678|167, 678|188, 676|215, 676|394, 679|417, 676|443, 676|518, 678|542, 676|571, 676|635, 677|660, 677|773, 678|813, 678|995, 679|1042, 679|1107, 680|1136, 673|1212, 674|1247, 674|1294, 673|1337, 673|1714, 678|1747, 675|1771, 675|1825, 679|1856, 679|1995, 685|2019, 683|2053, 683|2159, 684|2181, 684|2203, 686|2225, 687|2260, 687|2415, 691|2443, 693|2497, 698|2543, 701|2575, 695|2614, 695|2653, 697|2693, 703|2930, 707|3008, 707|3094, 709|3141, 711|3226, 711|3638, 714|3678, 712|3722, 713|4127, http://www.qq.com, 
679|1, 677|76, 677|879, 678|908, 678|1117, 679|1139, 678|1165, 678|1253, 671|1298, 671|1341, 672|1364, 672|1819, 676|1840, 677|1862, 677|1903, 681|1926, 681|2075, 685|2100, 685|2188, 682|2210, 683|2236, 683|2264, 686|2288, 686|2505, 692|2545, 695|2804, 706|3058, 708|3153, 710|3189, 710|4004, http://www.sina.com.cn, 
679|1, 677|73, 677|737, 679|775, 677|818, 677|861, 678|883, 678|1217, 671|1244, 671|1276, 670|1301, 671|1326, 671|1757, 674|1781, 673|1817, 673|1864, 677|1900, 677|2038, 681|2060, 681|2175, 682|2196, 682|2238, 684|2269, 682|2300, 685|2328, 685|2457, 687|2487, 691|2517, 695|2602, 694|2636, 693|2682, 693|2743, 698|2799, 705|3122, 707|3168, 707|3202, 709|3245, 709|3561, 712|3590, 711|3621, 711|3933, 713|3967, 715|4017, http://www.live.com, 
678|1, 676|77, 676|873, 677|894, 677|1248, 674|1270, 670|1293, 671|1315, 671|1784, 673|1809, 673|1862, 677|1894, 677|2025, 681|2049, 681|2174, 682|2196, 682|2219, 684|2252, 685|2288, 685|2461, 690|2501, 691|2537, 697|2610, 693|2702, 705|3018, 705|3128, 707|3162, 709|3187, 709|3501, 711|3529, 709|3573, 711|3601, 711|3805, 713|3834, 715|3876, 715|4013, http://www.live.com, 
676|1, 676|835, 677|859, 677|1214, 670|1242, 670|1289, 671|1311, 671|1747, 674|1769, 673|1801, 673|1850, 677|1879, 677|2011, 681|2050, 681|2162, 682|2186, 682|2230, 684|2268, 685|2316, 685|2436, 687|2462, 691|2505, 699|2567, 693|2632, 693|2668, 695|2699, 705|3015, 707|3100, 709|3168, 709|3589, 712|3631, 711|3659, 711|3853, 712|3873, 714|4022, http://www.baidu.com, 
678|1, 676|65, 676|226, 678|249, 676|272, 676|762, 678|785, 676|811, 678|831, 677|860, 677|1203, 670|1227, 670|1248, 671|1269, 671|1718, 674|1740, 676|1769, 673|1795, 673|1826, 677|1854, 677|1947, 678|1971, 679|1998, 681|2022, 681|2129, 682|2166, 682|2257, 685|2281, 685|2449, 689|2471, 691|2499, 697|2614, 693|2647, 693|2708, 694|2751, 697|2804, 701|2928, 705|3093, 709|3223, 709|3414, 710|3505, 711|3537, 711|3637, 713|3801, 713|3927, 714|3959, 714|4014, http://www.qq.com, 
677|1, 676|69, 676|303, 678|328, 676|363, 676|627, 678|649, 676|680, 676|821, 677|849, 677|1193, 670|1237, 670|1259, 671|1279, 671|1739, 674|1759, 675|1786, 673|1811, 673|1843, 677|1865, 677|1998, 679|2020, 681|2044, 681|2212, 682|2233, 682|2254, 684|2277, 685|2318, 685|2487, 689|2517, 691|2569, 693|2696, 705|3058, 707|3130, 707|3158, 709|3196, 711|3268, 709|3356, 711|3428, 711|3950, 713|3997, 713|4019, http://www.netflix.com, 
676|1, 676|815, 677|839, 677|918, 678|942, 677|970, 677|1160, 670|1189, 670|1257, 671|1286, 671|1742, 673|1769, 673|1794, 677|1833, 677|1974, 681|1997, 681|2143, 682|2183, 682|2249, 685|2280, 685|2444, 691|2479, 691|2507, 695|2545, 697|2572, 693|2603, 694|2635, 698|2682, 702|2883, 704|2966, 704|3000, 706|3065, 708|3155, 710|3220, 710|3369, 715|3596, 716|3673, 725|4159, http://www.360.cn, 
679|1, 677|58, 677|517, 679|537, 677|560, 677|793, 678|832, 678|1205, 671|1228, 671|1253, 672|1274, 672|1741, 675|1763, 677|1792, 677|1816, 681|1840, 681|1896, 678|1918, 678|2018, 682|2043, 682|2188, 683|2225, 683|2250, 686|2288, 686|2418, 690|2445, 694|2620, 694|2672, 702|2875, 706|3027, 710|3101, 710|3347, 712|3417, 712|3818, 714|3848, 716|3869, 716|4012, http://www.tmall.com, 
679|1, 676|77, 676|876, 677|907, 677|1271, 670|1293, 670|1321, 671|1342, 671|1771, 674|1795, 676|1824, 673|1846, 677|1890, 677|2036, 679|2059, 681|2083, 681|2205, 682|2245, 682|2271, 683|2303, 686|2352, 687|2377, 686|2400, 686|2495, 690|2517, 690|2539, 692|2578, 693|2699, 695|2752, 699|2973, 705|3146, 707|3187, 709|3234, 709|3417, 711|3470, 711|3963, 715|4000, 715|4024, http://www.amazon.com, 
676|1, 676|598, 678|620, 676|644, 676|796, 677|818, 677|1188, 670|1223, 672|1245, 671|1270, 671|1732, 674|1755, 673|1778, 677|1819, 677|1944, 681|1987, 681|2101, 682|2124, 682|2202, 685|2233, 685|2397, 691|2455, 697|2511, 691|2543, 693|2590, 693|2616, 705|3003, 707|3060, 709|3175, 711|3256, 711|3507, 713|3530, 713|3553, 711|3589, 711|4026, http://www.amazon.com, 
677|1, 677|830, 678|854, 678|1171, 671|1217, 671|1261, 673|1283, 673|1349, 677|1384, 677|1539, 681|1561, 681|1698, 682|1719, 682|1791, 685|1828, 685|1973, 689|1996, 689|2022, 694|2160, 693|2199, 707|2600, 707|2645, 709|2688, 709|2805, 712|2878, 711|2971, 711|3448, 712|3583, 713|4046, http://www.instagram.com, 
678|1, 676|80, 676|850, 677|875, 677|1246, 670|1270, 672|1299, 671|1321, 671|1792, 673|1814, 673|1861, 677|1894, 677|2033, 681|2063, 681|2180, 682|2207, 682|2266, 684|2298, 685|2336, 685|2432, 687|2461, 687|2500, 691|2531, 691|2653, 693|2702, 695|2753, 707|3091, 707|3227, 709|3287, 711|3414, 711|3632, 713|3690, 711|3714, 711|3890, 712|3975, 712|4032, http://www.linkedin.com, 
676|1, 676|187, 678|210, 676|236, 676|752, 678|772, 676|796, 676|817, 677|841, 677|889, 679|909, 677|935, 677|1188, 670|1218, 670|1240, 671|1262, 671|1716, 673|1740, 673|1836, 677|1861, 677|1993, 681|2024, 681|2168, 682|2192, 685|2234, 685|2386, 689|2432, 696|2654, 707|2998, 709|3129, 711|3301, 715|4228, http://www.linkedin.com, 
678|1, 675|75, 675|877, 676|900, 676|1015, 678|1037, 676|1061, 676|1255, 669|1290, 669|1312, 670|1332, 670|1580, 672|1600, 670|1625, 670|1770, 672|1811, 672|1833, 676|1874, 676|2031, 680|2053, 680|2180, 681|2228, 681|2272, 683|2304, 684|2329, 684|2500, 686|2522, 688|2546, 690|2609, 691|2709, 702|2999, 706|3197, 708|3268, 708|3329, 710|3358, 708|3407, 710|3519, 710|3665, 712|3693, 712|3887, 714|3937, 714|3968, 716|3988, 718|4010, http://www.vk.com, 
670|1, 675|70, 675|876, 676|904, 676|1019, 678|1041, 676|1078, 676|1251, 669|1282, 669|1305, 670|1327, 670|1782, 672|1808, 672|1830, 674|1861, 676|1901, 676|2030, 680|2053, 680|2195, 681|2218, 681|2270, 684|2296, 684|2453, 688|2477, 690|2501, 694|2569, 692|2665, 696|2824, 696|2855, 704|3044, 708|3174, 708|3305, 712|3602, 721|3938, 723|4151, http://www.360.cn, 
678|1, 676|80, 676|507, 678|544, 676|566, 676|859, 677|881, 677|1210, 675|1235, 675|1289, 676|1320, 676|1479, 678|1501, 680|1529, 680|1644, 681|1665, 683|1688, 681|1711, 682|1736, 684|1762, 684|1939, 688|1964, 690|1991, 690|2018, 698|2079, 694|2183, 704|2506, 708|2596, 708|2902, 710|2951, 712|2977, 710|3000, 710|3498, 711|3520, 710|3555, 710|3668, 709|3818, 709|4073, http://www.live.com, 
677|1, 675|66, 675|687, 677|710, 677|747, 675|770, 675|862, 676|906, 676|1248, 669|1273, 669|1295, 670|1322, 670|1786, 672|1812, 672|1861, 676|1892, 676|2027, 678|2052, 680|2076, 680|2183, 681|2204, 681|2267, 684|2315, 684|2481, 690|2557, 690|2584, 692|2685, 696|2794, 704|3030, 706|3161, 706|3209, 708|3248, 708|3350, 711|3410, 711|3618, 713|3641, 711|3676, 711|3701, 710|3727, 710|3853, 711|3875, 711|4004, http://www.sohu.com, 
675|1, 675|686, 677|706, 675|733, 675|835, 676|856, 676|1194, 669|1220, 669|1276, 670|1302, 670|1756, 672|1780, 672|1801, 676|1839, 676|1865, 678|1886, 676|1914, 676|2010, 680|2033, 680|2157, 681|2187, 681|2306, 684|2332, 684|2422, 686|2459, 684|2482, 688|2505, 690|2529, 690|2582, 692|2613, 690|2643, 691|2674, 692|2723, 692|2756, 698|2848, 702|2946, 702|2990, 708|3186, 710|3261, 710|3459, 719|3601, 720|3630, 721|3667, 719|3804, 719|4128, http://www.facebook.com, 
673|1, 677|71, 677|851, 678|875, 678|1242, 671|1268, 676|1291, 676|1319, 673|1349, 677|1374, 677|1516, 681|1538, 681|1676, 682|1698, 682|1741, 684|1766, 685|1833, 685|1968, 687|1990, 689|2023, 691|2061, 697|2105, 693|2161, 693|2234, 695|2267, 703|2487, 707|2636, 707|2720, 711|2751, 709|2791, 711|3086, 711|3241, 713|3379, 711|3442, 711|3673, 712|3718, 712|4033, http://www.wikipedia.org, 
676|1, 676|843, 677|864, 677|1084, 679|1105, 679|1140, 677|1166, 677|1214, 670|1241, 670|1265, 671|1286, 671|1696, 673|1718, 671|1742, 674|1773, 676|1797, 676|1845, 680|1877, 680|2013, 684|2036, 684|2121, 683|2149, 682|2172, 682|2223, 684|2244, 682|2270, 687|2296, 687|2344, 685|2366, 685|2444, 689|2466, 691|2505, 695|2543, 692|2586, 692|2617, 693|2641, 695|2709, 705|3025, 709|3183, 709|3441, 718|3499, 721|3756, 721|3854, 722|3950, 722|4002, http://www.jd.com, 
678|1, 676|77, 676|863, 677|888, 677|1231, 670|1267, 670|1292, 671|1324, 671|1776, 673|1802, 677|1872, 677|2026, 681|2048, 681|2169, 683|2190, 682|2215, 682|2269, 685|2301, 685|2485, 689|2509, 691|2570, 692|2636, 693|2664, 705|3078, 707|3114, 709|3174, 709|3244, 711|3464, 711|3546, 713|3571, 711|3596, 713|3640, 713|3785, 714|3828, 715|3866, 715|4006, http://www.vk.com, 
676|1, 676|842, 677|865, 677|1232, 670|1262, 670|1285, 671|1308, 671|1748, 673|1771, 673|1851, 677|1876, 677|2021, 681|2048, 681|2176, 682|2197, 682|2244, 685|2270, 685|2442, 689|2465, 693|2523, 696|2551, 693|2668, 699|2808, 701|2855, 703|2940, 705|2982, 705|3071, 710|3147, 709|3200, 709|3325, 712|3457, 711|3480, 711|3541, 712|3846, 712|4097, http://www.sohu.com, 
676|1, 678|68, 676|93, 676|590, 678|619, 676|642, 676|777, 677|812, 677|1187, 670|1217, 670|1260, 671|1282, 671|1749, 673|1783, 673|1834, 677|1857, 677|1987, 681|2012, 681|2154, 682|2176, 682|2265, 685|2320, 685|2467, 689|2491, 691|2543, 707|2979, 709|3154, 709|3194, 711|3326, 720|3506, 721|4377, http://www.facebook.com, 
678|1, 676|100, 676|518, 678|541, 676|564, 676|865, 677|886, 677|1244, 670|1270, 670|1299, 671|1321, 671|1654, 673|1680, 671|1704, 671|1752, 674|1780, 676|1804, 673|1834, 673|1861, 677|1896, 677|2038, 681|2062, 681|2185, 682|2205, 682|2289, 685|2323, 685|2453, 689|2494, 695|2585, 693|2611, 693|2691, 697|2775, 703|2929, 707|3129, 709|3190, 709|3360, 711|3486, 711|3819, 720|3936, 722|3986, 721|4083, http://www.yahoo.com, 
678|1, 677|85, 679|105, 677|127, 677|833, 678|859, 678|914, 679|942, 678|968, 678|1226, 674|1251, 676|1277, 673|1303, 673|1327, 677|1350, 677|1485, 681|1512, 681|1638, 682|1658, 682|1727, 684|1753, 685|1787, 686|1816, 684|1849, 684|1928, 686|1950, 688|1976, 690|1999, 690|2024, 694|2071, 696|2096, 692|2168, 694|2204, 695|2288, 706|2588, 708|2629, 708|2854, 710|2888, 709|2931, 709|3063, 710|3093, 710|3149, 711|3237, 711|4025, http://www.imgur.com, 
671|1, 671|562, 673|583, 671|617, 671|850, 672|873, 672|1221, 665|1252, 665|1273, 666|1295, 666|1732, 669|1757, 671|1783, 671|1841, 672|1875, 672|2001, 674|2025, 676|2055, 676|2178, 677|2200, 677|2252, 680|2280, 680|2420, 684|2442, 691|2517, 690|2571, 688|2639, 690|2679, 700|2921, 702|3017, 702|3049, 704|3095, 704|3561, 707|3596, 706|3619, 706|3826, 707|3856, 707|3878, 709|3901, 707|3926, 707|4002, http://www.baidu.com, 
675|1, 675|852, 676|890, 676|1207, 671|1233, 669|1259, 669|1283, 670|1306, 670|1743, 673|1765, 672|1799, 672|1851, 676|1886, 676|1997, 680|2019, 680|2191, 681|2215, 681|2261, 684|2291, 684|2450, 688|2476, 690|2501, 690|2593, 692|2675, 696|2756, 698|2815, 704|3058, 706|3120, 708|3232, 711|3462, 715|3806, 718|3846, 717|4041, http://www.qq.com, 
677|1, 675|82, 675|878, 676|901, 676|1252, 669|1282, 670|1305, 670|1761, 673|1782, 675|1805, 675|1870, 679|1893, 679|1915, 676|1942, 676|2029, 680|2052, 680|2191, 681|2212, 681|2232, 683|2261, 684|2291, 684|2449, 690|2475, 690|2564, 698|2595, 692|2672, 694|2703, 698|2824, 700|2914, 708|3137, 708|3376, 711|3408, 711|3498, 710|3522, 710|3549, 712|3665, 712|4038, http://www.taobao.com, 
674|1, 672|77, 672|727, 674|748, 672|774, 672|847, 673|870, 673|1156, 674|1182, 673|1219, 666|1244, 666|1290, 667|1312, 667|1750, 670|1773, 669|1817, 669|1842, 673|1864, 673|1997, 675|2020, 677|2042, 677|2152, 678|2173, 678|2267, 681|2312, 681|2479, 687|2527, 689|2664, 699|2926, 701|3084, 703|3156, 705|3182, 705|3278, 709|3726, 709|3854, 710|3946, 710|4002, http://www.sina.com.cn, 
671|1, 668|73, 668|869, 669|891, 669|1233, 662|1256, 662|1304, 663|1330, 663|1763, 666|1785, 668|1811, 665|1834, 665|1858, 669|1889, 669|2046, 673|2068, 673|2198, 674|2233, 674|2277, 675|2307, 677|2333, 677|2476, 681|2500, 683|2526, 683|2570, 690|2619, 685|2689, 695|2918, 697|3036, 699|3083, 699|3116, 703|3171, 701|3225, 703|3380, 703|3724, 705|3748, 703|3782, 718|3837, 712|3878, 713|4308, http://www.yahoo.com, 
672|1, 670|76, 670|213, 671|233, 670|256, 670|869, 671|893, 671|1232, 664|1263, 664|1287, 665|1310, 665|1374, 667|1416, 665|1442, 665|1738, 668|1771, 670|1796, 667|1822, 667|1855, 671|1896, 671|1965, 673|1988, 671|2011, 671|2036, 675|2071, 675|2212, 676|2237, 679|2294, 679|2484, 683|2511, 687|2563, 685|2663, 687|2703, 687|2740, 688|2781, 701|3193, 703|3246, 703|3356, 705|3444, 705|3601, 707|3645, 709|3676, 713|4040, http://www.amazon.com, 
673|1, 671|70, 671|177, 672|200, 671|236, 671|397, 673|423, 671|450, 671|817, 672|840, 672|1202, 666|1231, 668|1255, 667|1284, 667|1312, 671|1341, 671|1481, 675|1515, 675|1637, 676|1659, 678|1696, 679|1755, 679|1883, 685|1925, 685|1975, 687|2013, 685|2038, 687|2085, 687|2134, 691|2210, 691|2245, 699|2479, 703|2612, 703|2725, 705|2992, 705|3152, 707|3174, 705|3209, 705|3556, 707|3594, 709|3617, 709|4002, http://www.reddit.com, 
670|1, 670|785, 671|814, 671|1176, 664|1204, 664|1246, 665|1280, 665|1621, 667|1647, 665|1674, 665|1733, 668|1755, 670|1778, 670|1803, 674|1830, 674|1936, 671|1960, 675|1984, 675|2113, 676|2138, 676|2245, 679|2280, 679|2428, 683|2456, 685|2521, 688|2555, 687|2668, 691|2782, 693|2812, 695|2873, 697|3025, 697|3108, 701|3178, 703|3220, 703|3489, 705|3586, 705|3881, 707|3914, 709|3939, 709|4025, http://www.tmall.com, 
673|1, 671|94, 671|286, 673|311, 671|335, 671|847, 672|871, 672|1218, 668|1261, 667|1286, 667|1309, 671|1336, 671|1463, 673|1484, 671|1515, 675|1541, 675|1665, 676|1697, 676|1769, 679|1803, 679|1952, 683|1975, 685|2020, 687|2183, 687|2215, 699|2502, 701|2602, 703|2637, 703|2844, 706|2887, 706|3007, 705|3079, 706|3110, 706|3169, 710|3203, 708|3296, 708|3614, 712|3639, 712|3767, 714|3795, 712|3845, 712|4024, http://www.taobao.com, 
667|1, 670|81, 670|209, 672|240, 670|277, 670|829, 671|851, 671|1219, 664|1244, 664|1268, 665|1289, 665|1553, 667|1574, 665|1603, 665|1773, 667|1798, 667|1844, 671|1877, 671|2031, 675|2055, 675|2178, 676|2203, 676|2271, 679|2298, 679|2475, 685|2511, 687|2665, 687|2702, 701|3144, 703|3197, 703|3353, 705|3535, 705|3834, 717|3986, 722|4735, http://www.yahoo.com, 
672|1, 670|91, 668|113, 668|842, 669|868, 669|1215, 662|1239, 662|1261, 663|1285, 663|1733, 665|1755, 663|1778, 669|1864, 667|1892, 667|2001, 671|2025, 671|2158, 672|2179, 672|2220, 674|2245, 675|2294, 675|2432, 679|2456, 681|2482, 681|2579, 683|2620, 683|2669, 693|2808, 695|2940, 701|3044, 701|3084, 705|3238, 705|3381, 714|3526, 714|4064, http://www.facebook.com, 
670|1, 670|850, 671|872, 671|1199, 664|1225, 664|1257, 665|1277, 665|1424, 667|1455, 665|1481, 665|1765, 667|1802, 667|1829, 671|1857, 671|1966, 673|1988, 677|2018, 675|2079, 675|2148, 676|2176, 676|2228, 679|2252, 679|2431, 683|2469, 685|2507, 685|2535, 686|2595, 687|2652, 689|2738, 695|2910, 699|3036, 705|3167, 705|3238, 703|3296, 703|3343, 706|3412, 705|3443, 705|4202, http://www.wikipedia.org, 
675|1, 673|69, 673|404, 674|426, 673|450, 673|701, 675|729, 673|755, 673|863, 674|892, 674|988, 675|1009, 674|1033, 674|1224, 667|1247, 667|1295, 668|1318, 668|1794, 670|1818, 670|1860, 674|1884, 674|2009, 676|2029, 678|2052, 678|2103, 680|2130, 678|2165, 679|2187, 679|2285, 682|2340, 682|2445, 686|2471, 688|2526, 692|2560, 689|2589, 691|2628, 690|2682, 694|2769, 702|2988, 704|3178, 706|3223, 706|3371, 708|3416, 708|3452, 709|3490, 726|3529, 726|4021, http://www.google.com, 
675|1, 673|69, 673|485, 675|506, 673|529, 673|855, 674|875, 674|1259, 667|1282, 667|1303, 668|1323, 668|1793, 670|1818, 670|1870, 674|1895, 674|2035, 678|2057, 678|2110, 680|2136, 678|2166, 678|2209, 679|2229, 679|2305, 682|2341, 682|2501, 686|2528, 688|2565, 688|2609, 694|2654, 691|2688, 690|2718, 691|2781, 691|2807, 699|2847, 704|3148, 708|3277, 706|3338, 726|3684, 726|4021, http://www.google.com, 
673|1, 673|854, 674|885, 674|1245, 667|1272, 668|1294, 668|1754, 673|1780, 673|1832, 677|1859, 677|1883, 674|1909, 674|1992, 676|2016, 678|2039, 678|2177, 679|2199, 681|2227, 679|2250, 682|2288, 682|2397, 684|2425, 688|2463, 688|2489, 690|2536, 689|2577, 690|2621, 690|2669, 696|2858, 700|2911, 702|3053, 706|3150, 706|3403, 708|3498, 710|3525, 708|3559, 708|4019, http://www.tmall.com, 
673|1, 673|828, 674|850, 674|1217, 667|1247, 667|1271, 668|1297, 668|1558, 670|1584, 668|1615, 668|1751, 670|1780, 670|1807, 672|1830, 670|1861, 674|1888, 674|2011, 678|2036, 678|2180, 679|2200, 679|2223, 681|2251, 683|2275, 683|2316, 682|2338, 682|2521, 686|2543, 688|2573, 688|2616, 702|3143, 708|3274, 706|3310, 706|3369, 708|3456, 708|3539, 710|3585, 708|3608, 708|3818, 710|3843, 708|3869, 708|4002, http://www.tmall.com, 
672|1, 672|821, 673|845, 673|1199, 666|1220, 666|1244, 667|1271, 667|1332, 669|1356, 667|1381, 667|1750, 669|1775, 669|1823, 673|1860, 673|1969, 675|1993, 677|2015, 677|2139, 678|2160, 678|2208, 681|2258, 681|2415, 687|2470, 689|2618, 691|2667, 690|2718, 692|2748, 697|2821, 699|2957, 701|3045, 705|3227, 705|3330, 707|3404, 707|3572, 709|3615, 709|3763, 711|3842, 711|4054, http://www.vk.com, 
674|1, 674|71, 672|95, 672|138, 674|161, 672|202, 672|702, 674|727, 672|754, 672|883, 673|906, 673|1262, 666|1285, 666|1307, 667|1328, 667|1803, 669|1828, 671|1850, 673|1888, 673|2027, 675|2049, 679|2073, 678|2112, 677|2134, 677|2206, 678|2228, 678|2255, 682|2282, 681|2317, 681|2461, 685|2484, 687|2508, 689|2572, 691|2614, 697|2743, 708|3199, 708|3282, 717|3418, 717|4140, http://www.facebook.com, 
664|1, 668|60, 668|888, 669|910, 669|1276, 662|1298, 663|1319, 663|1793, 666|1820, 668|1845, 665|1870, 669|1900, 669|2057, 673|2079, 673|2206, 674|2229, 674|2300, 677|2333, 677|2488, 681|2511, 683|2554, 686|2577, 684|2657, 685|2690, 686|2763, 697|3044, 699|3112, 699|3149, 701|3188, 701|3253, 704|3275, 702|3362, 702|3534, 703|3592, 703|3736, 705|3761, 704|3802, 704|3874, 705|3901, 705|4023, http://www.imgur.com, 
673|1, 672|69, 672|338, 674|358, 672|389, 672|830, 673|863, 673|908, 674|929, 673|954, 673|1230, 666|1254, 666|1320, 667|1349, 667|1830, 669|1851, 669|1882, 673|1914, 673|2013, 675|2036, 677|2059, 677|2222, 678|2248, 680|2270, 681|2298, 681|2325, 682|2378, 681|2399, 681|2479, 685|2506, 687|2559, 687|2583, 691|2613, 689|2720, 693|2873, 697|2985, 703|3118, 705|3180, 705|3275, 706|3307, 706|3354, 708|3513, 712|3592, 712|3738, 713|3852, 713|4046, http://www.instagram.com, 
674|1, 672|70, 672|875, 673|898, 673|1249, 666|1274, 666|1321, 667|1342, 667|1778, 670|1799, 672|1823, 672|1847, 673|1900, 673|2051, 677|2075, 677|2210, 678|2231, 678|2274, 680|2297, 681|2328, 681|2426, 682|2453, 681|2482, 681|2506, 685|2534, 687|2574, 687|2667, 697|2920, 699|3092, 705|3227, 705|3326, 706|3360, 706|3593, 708|3621, 718|3814, 718|4034, http://www.jd.com, 
672|1, 672|153, 674|173, 672|198, 672|723, 674|746, 672|775, 672|849, 673|873, 673|1202, 666|1242, 666|1267, 668|1288, 667|1310, 667|1740, 669|1761, 669|1835, 673|1870, 673|1979, 677|2000, 677|2157, 678|2183, 678|2231, 681|2270, 681|2431, 685|2456, 689|2504, 689|2664, 701|3026, 704|3154, 706|3212, 706|3318, 708|3364, 708|3574, 709|3608, 713|4078, http://www.sohu.com, 
672|1, 672|202, 673|222, 672|246, 672|565, 674|587, 672|612, 672|804, 673|825, 673|1199, 666|1222, 666|1282, 667|1315, 667|1757, 669|1780, 669|1824, 673|1848, 673|1958, 675|1979, 675|2001, 677|2022, 677|2182, 678|2205, 678|2233, 682|2259, 681|2295, 681|2415, 685|2450, 687|2488, 693|2565, 692|2590, 689|2644, 701|2996, 703|3062, 703|3133, 706|3155, 706|3264, 708|3342, 708|3627, 709|3770, 709|4099, http://www.instagram.com, 
672|1, 672|250, 673|275, 672|307, 672|789, 674|815, 673|844, 673|1175, 666|1203, 666|1246, 667|1272, 667|1737, 669|1759, 669|1806, 673|1830, 673|1940, 675|1960, 675|1984, 677|2006, 677|2149, 678|2173, 678|2211, 681|2234, 681|2401, 685|2424, 687|2569, 693|2606, 689|2637, 701|2951, 703|3067, 706|3132, 708|3185, 706|3220, 706|3318, 716|3617, 716|3679, 717|3750, 715|3822, 715|4042, http://www.jd.com, 
669|1, 668|59, 668|302, 669|323, 668|348, 668|832, 669|860, 669|912, 671|934, 669|965, 669|1187, 662|1223, 662|1291, 663|1314, 663|1744, 666|1772, 668|1803, 668|1847, 669|1879, 669|2009, 671|2031, 673|2055, 673|2195, 674|2216, 674|2299, 677|2330, 677|2479, 679|2500, 681|2525, 683|2550, 683|2608, 689|2631, 685|2685, 685|2715, 687|2785, 693|2995, 697|3136, 697|3169, 699|3192, 699|3264, 702|3350, 705|3571, 704|3630, 704|3683, 705|3721, 705|4106, http://www.imgur.com, 
672|1, 672|834, 673|861, 673|1196, 666|1222, 666|1267, 667|1294, 667|1718, 669|1740, 672|1766, 669|1787, 669|1816, 673|1846, 673|1994, 677|2026, 677|2149, 678|2184, 678|2234, 681|2267, 681|2448, 683|2478, 690|2590, 691|2624, 689|2661, 689|2776, 703|3119, 703|3200, 707|3235, 709|3292, 710|3338, 712|3518, 712|3652, 713|3838, 713|4373, http://www.sohu.com, 
672|1, 672|795, 673|816, 673|1051, 674|1081, 673|1105, 673|1169, 666|1194, 666|1281, 667|1309, 667|1793, 669|1821, 669|1848, 673|1871, 673|2017, 677|2040, 677|2186, 678|2207, 678|2275, 681|2299, 681|2451, 685|2476, 693|2559, 689|2640, 689|2691, 701|3071, 703|3102, 703|3198, 706|3234, 706|3315, 707|3347, 708|3412, 709|4221, http://www.instagram.com, 
674|1, 672|100, 672|784, 674|804, 672|830, 672|861, 673|883, 673|1253, 666|1277, 667|1304, 667|1747, 669|1770, 667|1793, 669|1818, 669|1864, 673|1887, 673|2000, 675|2026, 677|2047, 677|2184, 678|2207, 678|2228, 680|2250, 681|2273, 681|2453, 683|2473, 685|2497, 687|2559, 693|2774, 695|2859, 703|3132, 703|3185, 706|3248, 706|3375, 708|3420, 709|4291, http://www.wikipedia.org, 
674|1, 673|83, 673|759, 675|779, 673|805, 673|825, 674|851, 674|1198, 667|1225, 667|1251, 668|1272, 668|1731, 670|1760, 670|1781, 674|1823, 674|1982, 678|2003, 678|2132, 679|2155, 679|2229, 682|2261, 682|2414, 690|2523, 688|2575, 690|2649, 700|2860, 704|3128, 707|3182, 709|3379, 709|4172, http://www.wikipedia.org, 
670|1, 674|63, 674|870, 675|895, 675|1238, 668|1270, 671|1293, 673|1316, 673|1364, 674|1391, 674|1542, 678|1563, 678|1738, 679|1761, 679|1802, 682|1860, 682|2042, 690|2070, 688|2096, 688|2139, 696|2190, 689|2220, 689|2243, 695|2336, 694|2374, 698|2524, 707|2770, 709|2963, 709|3394, 712|3481, 710|3553, 711|4013, http://www.amazon.com, 
674|1, 673|59, 673|78, 675|99, 673|120, 673|234, 675|255, 673|278, 673|803, 675|825, 674|854, 674|1186, 668|1213, 667|1241, 667|1263, 668|1283, 668|1739, 671|1760, 670|1785, 670|1830, 674|1853, 674|2008, 678|2030, 678|2175, 679|2204, 679|2252, 682|2275, 682|2459, 686|2482, 688|2522, 692|2555, 697|2582, 698|2614, 702|3020, 704|3122, 707|3164, 707|3194, 709|3227, 707|3253, 707|3363, 709|3435, 709|3503, 711|3532, 709|3615, 709|3803, 711|3837, 718|3987, 718|4089, http://www.yahoo.com, 
669|1, 669|807, 670|832, 670|1186, 663|1215, 663|1242, 664|1266, 664|1707, 667|1747, 666|1777, 666|1802, 670|1825, 670|1960, 674|1982, 674|2101, 675|2136, 675|2174, 677|2196, 675|2223, 678|2246, 678|2433, 682|2458, 684|2484, 684|2506, 686|2530, 686|2655, 688|2717, 692|2850, 696|2948, 698|3026, 698|3054, 700|3101, 700|3141, 703|3177, 702|3221, 703|3251, 703|3556, 704|3645, 707|3700, 707|3828, 708|3872, 708|4023, http://www.sina.com.cn, 
669|1, 668|61, 668|314, 670|341, 668|374, 668|831, 669|858, 669|1198, 662|1221, 662|1247, 663|1268, 663|1760, 665|1782, 665|1828, 669|1854, 669|2007, 674|2036, 673|2062, 673|2151, 674|2172, 674|2215, 676|2238, 677|2270, 677|2440, 681|2466, 683|2500, 683|2529, 685|2657, 690|2736, 697|2984, 697|3056, 699|3090, 699|3156, 703|3182, 702|3220, 702|3326, 704|3384, 704|3591, 705|3619, 705|4022, http://www.sohu.com, 
674|1, 672|84, 672|350, 674|371, 672|397, 672|851, 673|874, 673|997, 675|1017, 673|1041, 673|1231, 666|1253, 666|1296, 667|1318, 667|1757, 670|1783, 672|1839, 672|1876, 676|1900, 673|1926, 673|2021, 675|2059, 677|2083, 677|2153, 679|2185, 677|2223, 678|2246, 678|2306, 681|2343, 681|2522, 689|2558, 691|2608, 691|2704, 693|2752, 693|2799, 695|2836, 698|2937, 701|3020, 703|3145, 707|3258, 709|3306, 709|3356, 711|3452, 710|3528, 712|3683, 712|3786, 714|3821, 714|3947, 716|3971, 714|4010, http://www.taobao.com, 
673|1, 671|70, 671|485, 673|513, 671|540, 671|832, 672|856, 672|1200, 671|1223, 665|1245, 665|1287, 666|1316, 666|1617, 667|1641, 666|1672, 666|1771, 668|1794, 668|1814, 672|1842, 672|2001, 676|2022, 676|2073, 678|2098, 676|2120, 676|2151, 677|2172, 677|2242, 680|2263, 680|2411, 684|2448, 686|2498, 686|2528, 689|2559, 691|2585, 692|2616, 690|2666, 689|2718, 692|2745, 702|3063, 702|3103, 704|3164, 705|3281, 705|3371, 707|3521, 707|3553, 709|3578, 709|3777, 711|3799, 709|3820, 709|3931, 711|3952, 709|3981, 709|4041, http://www.taobao.com, 
672|1, 671|66, 671|816, 672|840, 672|868, 674|892, 672|916, 672|1175, 665|1203, 665|1243, 666|1265, 666|1717, 669|1739, 668|1765, 670|1814, 672|1840, 672|1992, 676|2020, 676|2182, 677|2211, 677|2233, 680|2254, 680|2424, 684|2449, 686|2496, 692|2633, 690|2699, 698|2930, 704|3124, 705|3174, 707|3201, 705|3238, 705|3372, 707|3493, 707|4013, http://www.netflix.com, 
671|1, 671|798, 672|820, 672|1160, 665|1185, 665|1212, 666|1234, 666|1682, 669|1710, 671|1737, 668|1769, 672|1812, 672|1942, 676|1969, 676|2100, 677|2122, 677|2163, 680|2205, 680|2360, 686|2410, 694|2504, 688|2574, 690|2622, 694|2714, 696|2796, 696|2893, 704|3120, 704|3185, 705|3217, 705|3254, 707|3440, 707|3530, 709|3566, 707|3612, 707|4031, http://www.reddit.com, 
668|1, 667|61, 667|399, 669|422, 667|446, 667|842, 668|865, 668|1206, 661|1232, 661|1279, 662|1301, 662|1755, 667|1789, 664|1813, 664|1852, 668|1876, 668|2031, 672|2064, 672|2171, 674|2198, 672|2228, 673|2251, 673|2279, 676|2322, 676|2479, 682|2509, 682|2615, 684|2666, 684|2702, 696|3044, 700|3113, 700|3228, 702|3264, 704|3551, 704|3704, 707|3762, 707|3907, 705|3936, 704|3973, 705|3999, 705|4028, http://www.qq.com, 
671|1, 671|860, 672|891, 674|914, 672|939, 672|1209, 665|1240, 665|1288, 666|1310, 666|1786, 668|1813, 668|1838, 672|1863, 672|2013, 676|2038, 676|2214, 677|2241, 677|2275, 680|2299, 680|2439, 686|2466, 686|2530, 694|2886, 709|3201, 709|3336, 711|3402, 711|3597, 712|3638, 712|3786, 714|3810, 712|3833, 712|4044, http://www.sohu.com, 
673|1, 671|72, 671|92, 673|111, 671|135, 671|811, 672|833, 672|1176, 665|1205, 665|1256, 666|1282, 666|1736, 669|1760, 672|1862, 672|2013, 676|2039, 676|2179, 677|2201, 677|2222, 679|2245, 680|2272, 680|2447, 684|2473, 686|2514, 686|2579, 688|2617, 690|2690, 690|2734, 700|3004, 702|3108, 704|3193, 705|3242, 705|3306, 706|3631, 708|3942, 708|4029, http://www.sina.com.cn, 
669|1, 667|62, 667|845, 668|872, 668|1218, 661|1242, 662|1271, 662|1727, 665|1755, 667|1785, 667|1817, 671|1840, 671|1996, 675|2018, 675|2063, 672|2100, 672|2180, 673|2202, 675|2234, 673|2259, 676|2295, 676|2416, 680|2452, 682|2477, 682|2559, 683|2592, 684|2654, 686|2683, 696|3036, 698|3075, 700|3127, 700|3179, 701|3203, 701|3325, 703|3371, 714|3765, 716|3814, 714|4026, http://www.360.cn, 
673|1, 673|69, 671|127, 671|660, 672|681, 671|704, 671|863, 672|884, 672|1230, 665|1261, 665|1313, 666|1335, 666|1797, 668|1822, 668|1845, 672|1879, 672|1998, 674|2022, 676|2062, 676|2182, 677|2216, 677|2276, 681|2299, 681|2323, 680|2347, 680|2491, 682|2522, 686|2552, 686|2670, 688|2758, 694|2958, 701|3100, 702|3222, 708|3267, 708|3401, 709|3431, 711|3737, 712|3881, 717|4251, http://www.360.cn, 
673|1, 671|63, 671|121, 672|140, 671|165, 671|311, 673|333, 671|360, 671|824, 672|848, 672|1203, 665|1225, 665|1252, 666|1274, 666|1731, 668|1756, 671|1781, 671|1831, 675|1860, 675|1995, 677|2018, 679|2041, 679|2174, 677|2197, 677|2245, 679|2276, 680|2308, 680|2439, 682|2462, 684|2487, 689|2567, 689|2656, 688|2684, 690|2721, 703|3155, 705|3188, 705|3513, 717|3693, 717|4040, http://www.jd.com, 
673|1, 671|67, 671|834, 672|868, 672|1181, 669|1218, 665|1243, 665|1275, 666|1296, 666|1755, 669|1785, 668|1823, 668|1871, 672|1898, 672|2025, 676|2052, 676|2216, 677|2239, 677|2296, 680|2324, 680|2481, 682|2510, 684|2539, 686|2569, 686|2596, 688|2621, 688|2765, 690|2797, 696|3030, 700|3126, 702|3172, 702|3196, 704|3247, 704|3375, 705|3402, 705|3450, 708|3608, 708|3878, 707|3912, 707|4001, http://www.netflix.com, 
672|1, 671|123, 671|478, 673|500, 671|524, 671|762, 673|784, 671|812, 671|884, 672|909, 672|1254, 665|1285, 665|1308, 666|1329, 666|1645, 668|1666, 666|1689, 666|1781, 669|1802, 672|1830, 669|1860, 669|1882, 673|1903, 673|2044, 677|2067, 677|2129, 676|2158, 676|2185, 677|2208, 677|2288, 680|2310, 680|2438, 682|2470, 686|2516, 686|2569, 688|2690, 688|2750, 702|3151, 704|3211, 704|3236, 705|3260, 705|3487, 708|3517, 707|3548, 709|3572, 707|3634, 707|3910, 708|3986, 707|4017, http://www.live.com, 
672|1, 671|65, 671|626, 673|646, 671|672, 671|805, 672|832, 672|1195, 665|1226, 665|1268, 666|1290, 666|1724, 669|1746, 671|1769, 672|1843, 672|1995, 676|2024, 676|2187, 679|2213, 680|2266, 680|2361, 682|2384, 680|2422, 686|2472, 686|2560, 688|2651, 700|2915, 702|3032, 704|3086, 704|3219, 705|3244, 708|3391, 707|3513, 707|3611, 711|3668, 711|4054, http://www.wikipedia.org, 
673|1, 671|65, 671|888, 672|912, 672|1265, 665|1289, 665|1338, 666|1360, 666|1789, 668|1811, 668|1885, 672|1909, 672|2042, 674|2068, 676|2094, 676|2230, 677|2260, 679|2287, 680|2314, 680|2456, 684|2493, 686|2542, 688|2588, 687|2657, 700|2911, 700|3004, 704|3118, 704|3161, 706|3202, 704|3226, 706|3254, 707|3344, 707|3417, 716|3545, 716|4040, http://www.facebook.com, 
667|1, 667|825, 668|853, 668|1191, 663|1216, 661|1237, 661|1260, 662|1282, 662|1548, 664|1569, 662|1592, 662|1744, 664|1766, 664|1834, 668|1857, 668|2006, 672|2031, 672|2132, 673|2162, 673|2206, 675|2232, 676|2264, 676|2355, 678|2376, 676|2397, 676|2459, 682|2506, 682|2550, 684|2577, 686|2609, 684|2689, 687|2748, 688|2779, 692|2928, 696|3068, 696|3125, 698|3159, 698|3216, 700|3259, 700|3313, 703|3350, 701|3398, 703|3425, 703|3450, 712|3517, 721|3548, 721|3857, 723|3881, 721|3920, 721|4010, http://www.google.com, 
667|1, 671|64, 671|424, 673|452, 671|481, 671|859, 672|882, 672|1035, 674|1067, 672|1097, 672|1227, 665|1279, 665|1323, 666|1345, 666|1781, 669|1803, 669|1826, 668|1850, 668|1900, 672|1922, 672|2067, 676|2104, 676|2127, 678|2168, 676|2211, 676|2276, 677|2302, 678|2335, 680|2362, 680|2522, 684|2555, 686|2582, 694|2636, 687|2688, 687|2715, 688|2748, 688|2792, 689|2837, 698|3017, 698|3130, 702|3260, 709|3330, 709|3695, 711|3720, 711|3929, 712|3952, 712|4002, http://www.baidu.com, 
670|1, 668|65, 668|360, 670|382, 668|407, 668|887, 669|910, 669|1241, 662|1274, 662|1323, 663|1353, 663|1441, 665|1461, 663|1483, 663|1819, 665|1841, 665|1862, 669|1892, 669|2032, 671|2055, 673|2078, 673|2218, 674|2241, 678|2265, 677|2309, 677|2492, 681|2521, 683|2557, 685|2683, 697|3025, 697|3062, 699|3089, 700|3183, 702|3250, 702|3368, 704|3407, 702|3433, 702|3776, 703|3837, 703|3889, 705|3934, 704|3962, 704|4052, http://www.baidu.com, 
670|1, 668|66, 668|844, 669|874, 669|1031, 671|1054, 669|1083, 669|1173, 671|1196, 662|1238, 662|1260, 663|1285, 663|1760, 665|1788, 665|1833, 669|1864, 669|2001, 673|2022, 673|2204, 674|2231, 674|2255, 677|2278, 677|2407, 681|2441, 684|2589, 685|2639, 689|2735, 697|2971, 699|3073, 702|3116, 702|3222, 704|3316, 704|3474, 706|3501, 704|3558, 705|4132, http://www.wikipedia.org, 
668|1, 668|675, 669|695, 668|727, 668|835, 669|868, 669|1200, 662|1229, 662|1272, 663|1295, 663|1742, 666|1764, 668|1787, 668|1830, 669|1875, 669|2009, 671|2031, 673|2056, 673|2206, 674|2230, 674|2251, 676|2273, 677|2299, 677|2472, 681|2494, 683|2529, 683|2591, 685|2649, 685|2708, 689|2760, 691|2860, 699|3128, 700|3170, 702|3193, 702|3475, 704|3693, 704|3789, 705|3814, 705|3865, 706|3901, 706|4001, http://www.qq.com, 
668|1, 669|56, 668|77, 670|98, 668|131, 668|628, 670|666, 668|692, 668|844, 669|872, 669|1224, 662|1252, 662|1278, 663|1302, 663|1769, 665|1790, 665|1819, 669|1857, 669|1998, 673|2021, 673|2143, 674|2169, 674|2262, 677|2289, 677|2416, 681|2442, 683|2469, 689|2589, 684|2631, 687|2709, 699|3109, 699|3161, 701|3185, 702|3213, 702|3299, 704|3338, 722|3424, 722|4067, http://www.google.com, 
668|1, 668|808, 669|832, 669|1166, 662|1201, 662|1233, 663|1253, 663|1733, 665|1756, 665|1799, 669|1826, 669|1912, 671|1932, 669|1953, 671|1971, 669|1993, 673|2015, 673|2155, 674|2176, 674|2216, 676|2243, 678|2277, 678|2300, 677|2324, 677|2494, 681|2515, 683|2540, 683|2606, 690|2630, 692|2666, 685|2743, 697|3043, 699|3117, 699|3183, 701|3213, 701|3292, 702|3325, 702|3374, 704|3472, 704|3530, 706|3555, 706|4019, http://www.taobao.com, 
668|1, 668|854, 670|877, 669|902, 669|1225, 662|1250, 662|1278, 665|1301, 663|1324, 663|1774, 668|1802, 665|1828, 665|1853, 669|1879, 669|2016, 671|2039, 673|2062, 673|2182, 674|2205, 674|2263, 677|2312, 677|2500, 681|2520, 683|2543, 685|2602, 689|2625, 683|2666, 685|2707, 691|2880, 695|2972, 699|3125, 702|3228, 702|3425, 705|3456, 704|3480, 704|3741, 706|3760, 704|3784, 704|4060, http://www.reddit.com, 
670|1, 668|64, 668|849, 669|871, 669|1035, 671|1057, 669|1085, 669|1224, 662|1254, 662|1275, 663|1296, 663|1744, 666|1766, 668|1789, 665|1825, 669|1858, 669|1969, 671|1995, 669|2020, 673|2044, 673|2170, 674|2192, 674|2260, 677|2290, 677|2450, 681|2477, 683|2538, 683|2600, 684|2624, 697|2938, 697|3014, 699|3091, 702|3134, 702|3184, 704|3213, 702|3244, 702|3293, 704|3441, 704|3757, 705|3777, 704|3798, 704|4139, http://www.linkedin.com, 
669|1, 668|61, 668|717, 670|737, 668|763, 668|833, 669|855, 669|1162, 670|1184, 669|1209, 669|1233, 662|1261, 662|1280, 663|1301, 663|1767, 666|1790, 665|1819, 665|1867, 669|1896, 669|2015, 671|2037, 673|2066, 673|2184, 674|2211, 674|2271, 677|2304, 677|2445, 681|2476, 683|2515, 683|2547, 689|2575, 686|2628, 685|2663, 689|2784, 691|2829, 699|3124, 701|3172, 701|3214, 702|3244, 702|3472, 706|3769, 706|3813, 707|3839, 707|4011, http://www.sina.com.cn, 
670|1, 668|79, 668|856, 669|879, 669|1225, 662|1247, 662|1267, 663|1287, 663|1739, 665|1768, 668|1793, 665|1816, 665|1870, 669|1891, 669|2030, 673|2058, 673|2190, 674|2211, 674|2264, 677|2290, 679|2313, 677|2342, 677|2480, 681|2502, 683|2530, 683|2654, 687|2719, 691|2880, 697|3053, 697|3089, 699|3134, 701|3161, 701|3232, 702|3255, 702|3453, 706|3524, 704|3551, 704|3963, 706|3984, 704|4010, http://www.live.com, 
669|1, 668|67, 668|854, 669|880, 669|1221, 662|1257, 662|1278, 663|1304, 663|1742, 665|1767, 668|1793, 668|1838, 669|1869, 669|2028, 673|2061, 673|2200, 674|2223, 676|2252, 674|2280, 677|2305, 677|2459, 683|2496, 683|2551, 685|2645, 687|2686, 686|2716, 691|2821, 702|3133, 702|3277, 704|3358, 704|3518, 707|3542, 706|3569, 706|3733, 708|3767, 708|4011, http://www.vk.com, 
668|1, 668|204, 670|225, 668|250, 668|787, 669|808, 671|835, 669|864, 669|1152, 662|1176, 662|1221, 663|1247, 663|1702, 666|1723, 665|1750, 665|1798, 669|1826, 669|1997, 673|2020, 673|2154, 674|2176, 674|2242, 677|2271, 677|2456, 681|2486, 683|2514, 685|2563, 696|2637, 685|2667, 693|2901, 695|2951, 695|2995, 699|3052, 699|3127, 701|3154, 701|3202, 702|3223, 702|3513, 705|3551, 704|3581, 704|3727, 706|3750, 704|3788, 704|4018, http://www.live.com, 
668|1, 668|478, 670|501, 668|524, 668|848, 669|867, 669|1244, 662|1274, 663|1296, 663|1506, 665|1528, 665|1562, 663|1585, 663|1782, 665|1804, 665|1846, 669|1870, 669|2026, 673|2046, 673|2070, 674|2105, 675|2139, 673|2186, 674|2210, 674|2251, 676|2272, 677|2299, 677|2453, 681|2474, 683|2507, 683|2530, 688|2569, 684|2637, 687|2729, 689|2862, 699|3078, 701|3134, 702|3162, 702|3266, 704|3479, 704|3894, 706|3915, 706|3942, 704|3986, 704|4067, http://www.linkedin.com, 
670|1, 668|64, 668|886, 669|912, 669|1260, 662|1284, 662|1306, 663|1330, 663|1418, 664|1440, 663|1464, 663|1692, 665|1724, 663|1746, 663|1770, 666|1791, 668|1815, 665|1839, 665|1864, 669|1903, 669|2032, 671|2057, 673|2082, 673|2206, 674|2229, 674|2316, 677|2339, 677|2520, 681|2553, 683|2602, 688|2631, 689|2663, 691|2895, 697|3088, 697|3197, 701|3256, 702|3339, 704|3414, 706|4319, http://www.reddit.com, 
670|1, 668|69, 668|691, 670|721, 668|744, 668|839, 669|861, 669|1231, 662|1260, 662|1283, 663|1308, 663|1763, 666|1788, 665|1830, 665|1852, 669|1884, 669|2020, 673|2044, 673|2173, 674|2195, 674|2248, 677|2278, 677|2434, 681|2458, 683|2494, 689|2539, 684|2596, 684|2621, 685|2650, 689|2745, 691|2782, 691|2808, 701|3092, 701|3168, 702|3189, 702|3282, 704|3435, 715|3989, 715|4021, http://www.360.cn, 
670|1, 668|84, 668|840, 669|862, 669|1213, 662|1245, 662|1290, 663|1313, 663|1555, 665|1573, 663|1596, 663|1758, 667|1779, 668|1804, 668|1829, 665|1856, 669|1884, 669|2016, 673|2038, 673|2100, 675|2135, 673|2178, 673|2198, 674|2222, 674|2252, 677|2276, 677|2455, 681|2477, 683|2509, 683|2539, 687|2640, 685|2677, 695|2951, 699|3085, 701|3175, 702|3215, 712|4147, http://www.baidu.com, 
668|1, 668|309, 670|330, 668|355, 668|847, 669|867, 669|1249, 662|1277, 663|1299, 663|1426, 665|1447, 663|1477, 663|1745, 665|1767, 663|1788, 665|1812, 665|1833, 669|1871, 669|1999, 670|2021, 673|2051, 673|2182, 674|2202, 674|2299, 677|2327, 677|2459, 681|2481, 683|2530, 683|2586, 689|2615, 684|2640, 687|2722, 690|2771, 693|2936, 697|3018, 699|3101, 701|3139, 701|3271, 702|3303, 702|3360, 704|3412, 704|4157, http://www.wikipedia.org, 
666|1, 668|110, 668|520, 670|546, 668|572, 668|897, 669|919, 669|1243, 662|1272, 662|1314, 663|1334, 663|1790, 667|1815, 668|1839, 668|1882, 670|1906, 672|1929, 672|2059, 676|2081, 676|2193, 675|2225, 674|2251, 674|2271, 676|2302, 677|2326, 677|2511, 681|2535, 683|2584, 688|2626, 685|2701, 685|2733, 699|3118, 701|3157, 701|3231, 702|3253, 702|3504, 714|3731, 714|3927, 717|3972, 717|4026, http://www.jd.com, 
670|1, 668|67, 668|234, 670|256, 668|290, 668|598, 670|623, 668|648, 668|841, 669|871, 669|1179, 662|1211, 662|1255, 663|1277, 663|1703, 665|1725, 665|1747, 667|1773, 671|1818, 669|1844, 669|1973, 673|1995, 673|2128, 674|2149, 674|2200, 677|2224, 677|2390, 681|2413, 683|2437, 683|2471, 685|2597, 691|2795, 699|3025, 701|3066, 701|3112, 702|3138, 702|3191, 704|3318, 722|3376, 722|4027, http://www.google.com, 
668|1, 668|824, 669|844, 669|1198, 662|1222, 662|1264, 663|1285, 663|1727, 666|1764, 668|1791, 665|1819, 669|1849, 669|2007, 673|2032, 673|2162, 674|2183, 674|2212, 675|2238, 677|2266, 677|2437, 681|2459, 683|2527, 684|2594, 685|2652, 687|2696, 686|2743, 691|2840, 697|2992, 699|3160, 702|3198, 702|3492, 704|3523, 704|4017, http://www.netflix.com, 
668|1, 668|410, 669|430, 668|457, 668|819, 669|849, 669|1208, 662|1230, 662|1283, 663|1306, 663|1530, 665|1551, 663|1575, 663|1787, 665|1812, 665|1857, 669|1900, 669|2023, 673|2046, 673|2173, 674|2196, 674|2291, 677|2316, 677|2483, 681|2503, 681|2529, 683|2573, 688|2610, 689|2829, 691|2893, 697|3048, 701|3163, 699|3216, 702|3241, 702|3406, 704|3510, 704|4022, http://www.netflix.com, 
670|1, 668|63, 668|132, 670|153, 668|180, 668|850, 669|874, 669|1227, 662|1262, 663|1285, 663|1774, 665|1797, 665|1866, 669|1893, 669|1968, 671|1988, 669|2010, 671|2033, 673|2055, 673|2193, 674|2217, 674|2290, 677|2320, 677|2486, 681|2514, 683|2557, 683|2601, 685|2631, 684|2655, 685|2688, 685|2713, 690|2806, 697|3001, 699|3076, 699|3111, 701|3141, 701|3290, 702|3323, 702|3383, 704|3409, 704|3538, 705|3566, 705|3647, 706|3672, 706|3770, 708|3795, 706|3852, 706|4073, http://www.wikipedia.org, 
670|1, 668|118, 668|845, 669|869, 669|1076, 670|1098, 669|1126, 669|1228, 662|1254, 662|1276, 663|1297, 663|1632, 665|1658, 663|1695, 663|1761, 665|1791, 665|1839, 669|1865, 669|2006, 673|2034, 673|2082, 675|2106, 673|2140, 673|2187, 674|2209, 674|2278, 677|2307, 677|2470, 681|2493, 681|2517, 683|2547, 683|2575, 688|2597, 688|2639, 687|2679, 685|2702, 685|2731, 689|2839, 697|3101, 699|3142, 699|3166, 701|3195, 701|3222, 702|3249, 702|3305, 708|3535, 705|3573, 706|3600, 709|3811, 711|3838, 710|3863, 710|3901, 707|3936, 707|4068, http://www.jd.com, 
670|1, 668|62, 668|858, 669|881, 669|1046, 670|1068, 669|1093, 669|1227, 662|1251, 663|1281, 663|1751, 666|1773, 665|1800, 665|1845, 669|1885, 669|2019, 673|2041, 673|2166, 674|2186, 674|2264, 677|2290, 677|2490, 683|2519, 683|2542, 684|2645, 685|2676, 685|2737, 697|3021, 701|3137, 701|3229, 702|3254, 702|3439, 703|3469, 702|3496, 702|3551, 704|3583, 704|4017, http://www.netflix.com, 
669|1, 668|62, 670|89, 668|125, 668|656, 670|684, 668|711, 668|849, 669|876, 669|1211, 662|1234, 662|1283, 663|1305, 663|1767, 665|1794, 665|1846, 669|1873, 669|2026, 673|2046, 673|2176, 674|2195, 674|2268, 678|2299, 677|2323, 677|2490, 681|2521, 683|2558, 683|2597, 690|2632, 685|2660, 685|2738, 687|2778, 695|3007, 699|3155, 699|3218, 701|3239, 701|3267, 702|3305, 702|3480, 704|3526, 704|3721, 705|3755, 705|4007, http://www.netflix.com, 
670|1, 668|56, 668|188, 670|208, 668|232, 668|829, 669|849, 669|1216, 662|1243, 662|1265, 663|1288, 663|1734, 666|1757, 665|1788, 665|1845, 669|1866, 669|2017, 673|2042, 673|2169, 674|2190, 674|2263, 677|2290, 677|2478, 681|2502, 685|2577, 688|2621, 685|2671, 685|2701, 699|3087, 701|3124, 701|3194, 702|3215, 702|3274, 704|3463, 704|4200, http://www.reddit.com, 
670|1, 668|103, 668|852, 669|882, 669|1202, 668|1226, 662|1255, 662|1284, 663|1305, 663|1731, 666|1757, 668|1783, 665|1818, 665|1839, 669|1862, 669|1887, 671|1910, 669|1940, 669|2008, 673|2031, 673|2055, 675|2076, 673|2107, 673|2176, 674|2196, 674|2263, 677|2287, 677|2448, 681|2477, 681|2514, 683|2541, 683|2586, 685|2702, 691|2732, 689|2800, 695|2960, 697|3004, 697|3061, 701|3151, 701|3183, 703|3203, 702|3232, 702|3286, 704|3378, 704|3590, 706|3619, 704|3643, 704|3767, 705|3926, 705|4141, http://www.amazon.com, 
672|1, 668|76, 668|587, 670|610, 668|633, 668|889, 669|914, 669|1165, 671|1187, 669|1225, 669|1266, 662|1290, 662|1310, 663|1330, 663|1789, 668|1824, 665|1850, 665|1882, 669|1904, 669|2057, 673|2079, 673|2206, 674|2230, 674|2286, 677|2313, 679|2335, 679|2357, 677|2379, 677|2514, 683|2544, 683|2587, 684|2675, 685|2714, 693|2978, 702|3178, 702|3334, 704|3434, 704|3572, 706|3596, 704|3631, 704|4008, http://www.tmall.com, 
670|1, 668|66, 668|635, 670|657, 668|680, 668|859, 669|879, 669|1244, 662|1273, 663|1295, 663|1761, 665|1782, 665|1849, 669|1875, 669|2008, 673|2031, 673|2179, 674|2202, 674|2248, 677|2270, 677|2425, 679|2446, 681|2470, 683|2506, 683|2581, 684|2603, 685|2638, 685|2676, 687|2709, 689|2773, 689|2849, 695|2969, 699|3131, 699|3204, 702|3248, 702|3284, 704|3397, 704|3469, 717|3506, 722|3533, 722|3584, 724|3614, 722|3667, 722|4035, http://www.google.com, 
670|1, 668|62, 668|145, 669|167, 668|188, 668|675, 669|696, 668|723, 668|826, 669|849, 669|1164, 662|1190, 662|1237, 663|1265, 665|1288, 665|1310, 663|1342, 663|1721, 666|1742, 668|1766, 668|1789, 672|1817, 672|1877, 669|1909, 669|1981, 673|2002, 673|2146, 674|2168, 674|2188, 676|2211, 677|2237, 677|2429, 681|2459, 683|2486, 683|2529, 685|2653, 686|2686, 689|2729, 693|2885, 697|3026, 697|3068, 699|3099, 699|3150, 702|3175, 702|3337, 704|3448, 704|3634, 706|3655, 704|3677, 704|4019, http://www.tmall.com, 
668|1, 668|219, 670|249, 668|270, 668|801, 669|838, 669|1179, 662|1201, 662|1228, 663|1249, 663|1625, 665|1647, 663|1673, 663|1717, 665|1742, 669|1808, 669|1963, 671|1985, 673|2007, 673|2125, 674|2147, 674|2246, 677|2269, 677|2419, 681|2447, 683|2479, 689|2535, 684|2602, 685|2636, 689|2726, 695|2903, 700|3156, 702|3215, 702|3251, 705|3319, 722|3428, 722|3704, 724|3752, 722|3789, 722|4017, http://www.google.com, 
668|1, 668|851, 669|873, 669|901, 671|922, 669|947, 669|1202, 662|1239, 662|1265, 663|1289, 663|1508, 665|1531, 663|1556, 663|1758, 665|1792, 665|1838, 669|1862, 669|1994, 671|2016, 673|2041, 673|2066, 675|2107, 673|2133, 673|2175, 674|2198, 674|2270, 677|2296, 677|2476, 681|2503, 683|2544, 685|2580, 685|2604, 683|2627, 685|2707, 689|2835, 691|2898, 693|2958, 699|3139, 701|3196, 701|3257, 702|3285, 702|3389, 722|3581, 722|4024, http://www.google.com, 
669|1, 668|62, 668|758, 670|781, 668|806, 668|850, 669|877, 669|1082, 671|1106, 669|1131, 669|1225, 662|1248, 662|1294, 663|1317, 665|1344, 663|1365, 663|1780, 665|1813, 665|1854, 669|1881, 671|1904, 669|1927, 669|2015, 673|2038, 673|2180, 674|2201, 676|2224, 676|2249, 677|2282, 677|2438, 681|2465, 683|2500, 687|2575, 685|2622, 685|2668, 695|2859, 699|3091, 701|3161, 701|3188, 703|3213, 704|3243, 704|3342, 713|3570, 713|4046, http://www.facebook.com, 
664|1, 668|77, 668|882, 669|902, 669|1262, 662|1293, 663|1313, 663|1789, 665|1824, 665|1883, 669|1909, 669|2036, 673|2058, 673|2192, 674|2214, 674|2253, 676|2277, 677|2301, 678|2323, 677|2348, 677|2537, 681|2561, 683|2590, 683|2658, 690|2686, 685|2727, 685|2786, 687|2814, 695|3009, 701|3287, 704|3348, 704|3473, 713|3581, 713|4214, http://www.facebook.com, 
668|1, 668|835, 671|860, 669|885, 669|1170, 662|1193, 662|1266, 663|1288, 663|1729, 666|1753, 668|1777, 668|1837, 671|1862, 669|1888, 669|2000, 673|2024, 673|2165, 674|2187, 674|2231, 676|2253, 677|2291, 677|2437, 681|2468, 683|2492, 683|2604, 687|2706, 691|2790, 691|2822, 693|2880, 693|2958, 695|2998, 695|3071, 697|3106, 701|3185, 701|3280, 702|3310, 702|3472, 704|3516, 704|3541, 705|3565, 704|3590, 704|4100, http://www.reddit.com, 
670|1, 668|69, 668|844, 669|868, 669|1213, 662|1253, 662|1294, 663|1316, 663|1585, 665|1607, 663|1636, 663|1776, 666|1802, 665|1832, 665|1860, 669|1883, 669|2031, 671|2052, 673|2076, 673|2168, 674|2210, 674|2253, 676|2277, 677|2308, 677|2485, 681|2507, 683|2532, 690|2602, 689|2629, 685|2673, 685|2751, 689|2823, 695|2986, 701|3182, 701|3243, 702|3294, 705|3363, 704|3461, 703|3497, 705|3520, 704|3548, 704|3618, 705|3643, 705|3671, 707|3697, 705|3723, 706|4280, http://www.imgur.com, 
668|1, 668|846, 669|868, 669|1225, 662|1251, 662|1294, 663|1315, 663|1652, 665|1680, 663|1703, 663|1774, 665|1794, 665|1861, 669|1892, 669|2008, 673|2031, 673|2175, 674|2197, 674|2245, 678|2274, 677|2303, 677|2424, 679|2444, 683|2476, 687|2544, 685|2643, 685|2676, 695|2929, 699|3070, 699|3113, 701|3157, 702|3182, 702|3270, 703|3363, 703|3455, 704|3480, 704|3593, 705|3617, 705|4286, http://www.imgur.com, 
670|1, 668|63, 668|866, 669|893, 669|1228, 662|1249, 662|1290, 663|1318, 663|1714, 664|1742, 663|1765, 668|1791, 665|1813, 665|1864, 669|1889, 669|2022, 673|2047, 673|2170, 674|2195, 674|2254, 675|2280, 674|2308, 677|2336, 677|2504, 683|2603, 683|2634, 686|2789, 695|3028, 697|3083, 697|3139, 699|3167, 699|3212, 701|3236, 701|3286, 702|3315, 702|3361, 703|3452, 705|3484, 703|3522, 703|3581, 705|3611, 704|3639, 704|3744, 705|3781, 705|4172, http://www.imgur.com, 
