370|1, 370|56, 372|86, 372|307, 373|333, 373|537, 374|580, 374|619, 378|847, 378|903, 379|935, 379|972, 380|1005, 381|1026, 382|1044, 385|1064, 386|1085, 386|1257, 387|1286, 388|1328, 388|1422, 390|1457, 393|1545, 393|1620, 395|1643, 397|1685, 397|1755, 398|1815, 398|1933, 400|1963, 400|2318, 402|2366, 402|2391, 403|2425, 405|2464, 406|2497, 406|2817, 408|2842, 408|2884, 409|2910, 409|2953, 410|2973, 410|3022, 411|3039, 411|3127, 412|3154, 412|4020, http://www.linkedin.com, 
452|1, 452|735, 453|763, 453|2341, 454|2477, 457|2706, 457|3070, 459|3096, 459|4058, http://www.linkedin.com, 
480|1, 480|2456, 481|2661, 484|2886, 484|3055, 485|3176, 485|3295, 487|3318, 487|3430, 488|3458, 488|3647, 490|3716, 490|3768, 492|3793, 498|3983, 498|4049, http://www.yahoo.com, 
512|1, 512|2037, 513|2305, 516|2530, 517|2562, 517|2598, 518|2744, 518|3619, 522|3681, 524|4023, http://www.live.com, 
531|1, 531|2420, 532|2585, 534|2889, 535|2966, 535|3420, 536|3456, 536|3720, 537|3743, 537|4006, http://www.360.cn, 
549|1, 549|2554, 556|2809, 557|3027, 557|3201, 566|3478, 566|4039, http://www.facebook.com, 
573|1, 573|2509, 574|2558, 575|2750, 575|2907, 576|3002, 576|3091, 577|3291, 577|3724, 579|3748, 579|3826, 580|3855, 580|3879, 581|3906, 583|4025, http://www.qq.com, 
619|1, 619|2475, 621|2705, 621|2749, 622|2991, 622|3933, 624|3968, 624|4010, http://www.qq.com, 
650|1, 650|2511, 654|2808, 654|2978, 655|3152, 655|3248, 657|3282, 657|3350, 658|3375, 658|3667, 667|3956, 669|4210, http://www.yahoo.com, 
687|1, 687|2007, 688|2114, 688|2145, 690|2378, 690|2679, 691|2710, 691|2821, 693|2842, 693|3060, 694|3084, 694|3270, 696|3292, 696|3381, 697|3406, 697|3444, 698|3551, 699|4014, http://www.vk.com, 
711|1, 711|1378, 712|1409, 712|1507, 713|1530, 713|1786, 714|1821, 714|2678, 715|2859, 716|3008, 717|3176, 717|3210, 718|3279, 721|3440, 723|4078, http://www.instagram.com, 
734|1, 734|2436, 735|2546, 736|2651, 736|2812, 737|2851, 737|2989, 738|3165, 738|3535, 740|3583, 740|3642, 741|3669, 741|3692, 742|3727, 742|4006, http://www.jd.com, 
777|1, 777|2472, 778|2646, 780|2808, 780|2922, 781|3099, 781|3241, 783|3269, 783|3492, 785|3520, 785|3827, 786|3848, 786|4002, http://www.taobao.com, 
805|1, 805|2584, 806|2661, 806|2731, 808|3029, 808|3381, 809|3401, 809|4011, http://www.baidu.com, 
856|1, 856|2642, 858|2884, 858|3016, 859|3139, 859|3293, 862|3320, 862|3526, 863|3547, 863|4004, http://www.netflix.com, 
876|1, 876|2550, 877|2709, 878|2951, 878|3007, 879|3111, 879|3292, 881|3339, 881|4009, http://www.tmall.com, 
896|1, 896|2422, 898|2662, 898|2772, 899|2827, 899|3219, 900|3245, 900|3840, 902|3860, 902|4026, http://www.baidu.com, 
931|1, 931|2525, 933|2572, 933|2616, 934|2675, 934|2816, 935|2887, 935|3155, 936|3210, 936|3254, 937|3280, 937|3318, 939|3341, 939|3381, 940|3410, 940|3457, 941|3478, 941|3509, 942|3549, 946|4122, http://www.imgur.com, 
958|1, 958|2494, 960|2738, 961|2901, 961|3020, 962|3101, 962|3147, 964|3536, 964|3736, 965|3758, 965|3814, 966|3836, 966|3885, 967|3907, 967|4052, http://www.sina.com.cn, 
1024|1, 1024|2459, 1026|2762, 1027|2816, 1027|3110, 1028|3159, 1028|3252, 1029|3278, 1029|3582, 1032|3609, 1032|4025, http://www.live.com, 
1047|1, 1047|2416, 1048|2746, 1049|2814, 1049|3064, 1050|3213, 1050|3785, 1051|3831, 1051|4006, http://www.sina.com.cn, 
1088|1, 1088|2518, 1089|2558, 1091|2829, 1091|3085, 1092|3109, 1092|3230, 1094|3276, 1094|3388, 1095|3408, 1095|3788, 1099|3909, 1099|4065, http://www.amazon.com, 
1139|1, 1139|2456, 1140|2483, 1140|2557, 1141|2782, 1142|2889, 1142|3067, 1144|3240, 1144|3324, 1145|3368, 1145|3638, 1146|3678, 1148|4094, http://www.reddit.com, 
1155|1, 1155|2572, 1158|2874, 1159|2932, 1159|3943, 1160|3968, 1160|4026, http://www.360.cn, 
1246|1, 1246|2705, 1247|2740, 1247|2800, 1249|2867, 1249|2923, 1250|3099, 1250|3394, 1251|3413, 1251|3862, 1252|3887, 1252|4017, http://www.taobao.com, 
1260|1, 1260|2532, 1262|2741, 1263|2901, 1263|3230, 1265|3269, 1265|3896, 1266|3925, 1266|4003, http://www.instagram.com, 
1281|1, 1281|2421, 1283|2730, 1283|2847, 1284|2914, 1284|3381, 1285|3403, 1288|4034, http://www.baidu.com, 
1314|1, 1314|2515, 1315|2568, 1317|2685, 1318|2830, 1318|3444, 1319|3482, 1319|4004, http://www.sohu.com, 
1372|1, 1372|2535, 1373|2675, 1375|2771, 1376|2917, 1376|3240, 1378|3298, 1378|3851, 1379|3942, 1379|4100, http://www.instagram.com, 
1395|1, 1395|2558, 1398|2967, 1398|3389, 1399|3436, 1399|3532, 1401|3594, 1401|3724, 1402|3779, 1402|3904, 1403|3929, 1404|3976, 1404|4004, http://www.vk.com, 
1414|1, 1414|2729, 1416|2869, 1416|2961, 1417|3074, 1417|3287, 1418|3472, 1421|3513, 1421|3592, 1422|3620, 1428|4118, http://www.yahoo.com, 
1441|1, 1441|2705, 1443|2847, 1444|3015, 1444|3083, 1445|3184, 1445|3386, 1446|3540, 1446|3748, 1447|3782, 1448|4016, http://www.vk.com, 
1461|1, 1461|2742, 1463|2827, 1464|2990, 1464|3439, 1465|3477, 1465|4144, http://www.reddit.com, 
1471|1, 1471|2636, 1472|2794, 1473|2853, 1474|3039, 1474|3247, 1476|3493, 1476|3540, 1477|3562, 1477|4042, http://www.amazon.com, 
1503|1, 1503|2605, 1505|2643, 1505|2684, 1506|2913, 1507|2950, 1507|3251, 1509|3668, 1509|3819, 1510|3876, 1512|3978, 1513|4093, http://www.sina.com.cn, 
1572|1, 1572|2555, 1575|3067, 1575|4017, http://www.360.cn, 
1614|1, 1614|2208, 1616|2397, 1617|2629, 1617|2770, 1618|2815, 1618|3002, 1619|3037, 1619|3218, 1621|3243, 1621|3421, 1623|3446, 1623|4146, http://www.vk.com, 
1635|1, 1635|2649, 1636|2963, 1637|3066, 1637|3325, 1638|3383, 1638|3487, 1641|3577, 1641|3629, 1642|3658, 1651|4452, http://www.yahoo.com, 
1663|1, 1663|2121, 1664|2407, 1664|2497, 1665|2529, 1665|2825, 1666|2982, 1666|3036, 1669|3155, 1669|4001, http://www.tmall.com, 
1683|1, 1683|2657, 1687|3021, 1687|3171, 1688|3222, 1689|4039, http://www.qq.com, 
1703|1, 1703|2629, 1704|2682, 1704|2714, 1706|2844, 1707|3131, 1707|3240, 1708|3451, 1708|3764, 1709|3835, 1709|4042, http://www.jd.com, 
1729|1, 1729|2501, 1731|2828, 1731|3083, 1732|3109, 1732|3565, 1735|3591, 1736|3636, 1736|3796, 1737|3819, 1737|4015, http://www.amazon.com, 
1765|1, 1765|2590, 1766|2649, 1766|2678, 1767|2949, 1767|3084, 1768|3125, 1768|3379, 1770|3402, 1770|3908, 1772|3937, 1772|4139, http://www.linkedin.com, 
1787|1, 1787|2659, 1788|2762, 1788|2869, 1789|3028, 1790|3057, 1790|4006, http://www.sohu.com, 
1823|1, 1823|2642, 1825|2833, 1825|2944, 1826|3030, 1826|3441, 1829|3490, 1829|4011, http://www.linkedin.com, 
1846|1, 1846|2745, 1849|3024, 1850|3228, 1850|3457, 1852|3616, 1854|4002, http://www.instagram.com, 
1870|1, 1870|2586, 1872|3036, 1873|3079, 1873|3301, 1874|3332, 1876|3523, 1877|3564, 1877|3615, 1878|3652, 1879|3677, 1879|4164, http://www.imgur.com, 
1889|1, 1889|2551, 1890|3079, 1892|3161, 1892|3240, 1893|3295, 1893|3585, 1894|3625, 1894|3741, 1896|3819, 1896|4020, http://www.taobao.com, 
1907|1, 1907|182, 1908|213, 1908|650, 1909|690, 1909|759, 1910|784, 1910|1050, 1911|1111, 1911|1189, 1912|1212, 1912|2609, 1913|2788, 1913|2899, 1914|2954, 1914|3038, 1915|3130, 1915|3424, 1916|3592, 1916|4100, http://www.qq.com, 
1929|1, 1929|2675, 1930|2898, 1931|3069, 1932|3117, 1932|3265, 1933|3323, 1933|4007, http://www.sina.com.cn, 
1965|1, 1965|2712, 1966|2769, 1969|3095, 1969|3399, 1971|3527, 1971|4010, http://www.live.com, 
1982|1, 1982|2666, 1986|3012, 1986|3284, 1987|3338, 1987|3428, 1988|3459, 1988|4014, http://www.live.com, 
1997|1, 1997|2641, 1998|2849, 2001|3015, 2001|3560, 2002|3605, 2002|4032, http://www.baidu.com, 
2030|1, 2030|2688, 2031|2740, 2031|2816, 2032|2912, 2033|3138, 2035|4050, http://www.qq.com, 
2047|1, 2047|2545, 2049|2976, 2049|3037, 2050|3097, 2050|3196, 2051|3293, 2051|3450, 2054|3518, 2054|3706, 2055|3731, 2056|4008, http://www.netflix.com, 
2103|1, 2103|2662, 2106|2900, 2106|2978, 2107|3062, 2107|4147, http://www.360.cn, 
2123|1, 2123|2622, 2124|2687, 2125|2905, 2126|3020, 2126|3163, 2127|3357, 2127|3504, 2130|3534, 2130|4015, http://www.tmall.com, 
2141|1, 2141|2511, 2142|2599, 2142|2727, 2144|3048, 2145|3121, 2145|3679, 2149|3708, 2149|3898, 2150|3936, 2150|4019, http://www.amazon.com, 
2179|1, 2179|2579, 2182|2991, 2182|3522, 2186|3552, 2186|3761, 2187|3783, 2187|4047, http://www.amazon.com, 
2218|1, 2218|2100, 2219|2282, 2221|2548, 2221|2836, 2224|2930, 2224|3385, 2225|3528, 2225|4009, http://www.instagram.com, 
2244|1, 2244|3012, 2248|3145, 2248|3254, 2249|3456, 2250|3493, 2250|3942, 2251|3989, 2251|4079, http://www.linkedin.com, 
2271|1, 2271|2392, 2272|2739, 2275|3022, 2275|3318, 2277|3344, 2277|4182, http://www.linkedin.com, 
2295|1, 2295|2683, 2298|3076, 2299|3165, 2299|3327, 2300|3445, 2300|3603, 2301|3630, 2301|3818, 2303|3866, 2303|4012, http://www.vk.com, 
2311|1, 2311|2647, 2312|2793, 2313|2833, 2314|3065, 2315|4071, http://www.360.cn, 
2329|1, 2329|2060, 2330|2204, 2331|2511, 2332|2565, 2332|2691, 2333|2741, 2333|2822, 2334|2860, 2334|3152, 2335|3195, 2335|3634, 2336|3991, 2336|4037, http://www.live.com, 
2345|1, 2345|2654, 2346|2773, 2348|3007, 2349|3149, 2349|4025, http://www.sohu.com, 
2366|1, 2366|2734, 2367|2884, 2369|2925, 2370|3004, 2370|3426, 2375|3574, 2375|3612, 2377|3655, 2382|3775, 2382|4118, http://www.facebook.com, 
2391|1, 2391|2242, 2394|2559, 2395|2613, 2395|2727, 2396|2811, 2398|3063, 2398|3767, 2400|3791, 2400|3866, 2401|3892, 2402|4017, http://www.wikipedia.org, 
2405|1, 2405|2620, 2406|2701, 2408|3049, 2408|3276, 2409|3310, 2411|4006, http://www.jd.com, 
2418|1, 2418|2597, 2421|2911, 2422|3047, 2422|3214, 2423|3434, 2423|3528, 2425|3556, 2425|3687, 2426|3750, 2426|3931, 2428|3966, 2428|4013, http://www.vk.com, 
2438|1, 2438|2598, 2439|2709, 2439|2779, 2440|2861, 2440|2988, 2441|3061, 2443|4142, http://www.sohu.com, 
2470|1, 2470|2519, 2476|2960, 2476|3143, 2477|3229, 2477|3315, 2481|3484, 2487|3605, 2487|4297, http://www.facebook.com, 
2493|1, 2493|2672, 2495|2871, 2495|3002, 2497|3125, 2497|3196, 2498|3297, 2498|3481, 2500|3507, 2501|3566, 2501|3618, 2502|3678, 2506|4016, http://www.yahoo.com, 
2526|1, 2526|2172, 2528|2435, 2529|2548, 2529|2726, 2530|2778, 2530|2839, 2531|2890, 2531|2938, 2533|3018, 2534|3044, 2534|3072, 2535|3104, 2536|3189, 2536|4027, http://www.imgur.com, 
2548|1, 2548|2599, 2549|2790, 2551|2881, 2551|2979, 2552|3023, 2552|3493, 2553|3522, 2553|4007, http://www.baidu.com, 
2589|1, 2589|2678, 2590|2741, 2590|2794, 2591|3042, 2591|3122, 2592|3210, 2593|3462, 2593|4034, http://www.qq.com, 
2628|1, 2628|2629, 2629|2690, 2629|2782, 2630|3051, 2631|3091, 2631|3293, 2632|3333, 2632|3509, 2633|3628, 2633|3684, 2635|3709, 2635|4014, http://www.taobao.com, 
2649|1, 2649|2505, 2651|2788, 2651|2892, 2652|3061, 2652|3197, 2653|3303, 2654|3787, 2654|4003, http://www.sina.com.cn, 
2697|1, 2697|2624, 2699|2821, 2700|2976, 2700|3012, 2701|3050, 2701|3191, 2702|3350, 2702|3428, 2705|3482, 2705|3570, 2706|3595, 2713|4015, http://www.yahoo.com, 
2725|1, 2725|2702, 2727|2979, 2728|3177, 2728|3348, 2730|3431, 2730|3558, 2731|3609, 2731|4008, http://www.amazon.com, 
2760|1, 2760|2076, 2762|2129, 2762|2178, 2763|2317, 2763|2461, 2764|2588, 2764|2824, 2765|2969, 2765|4018, http://www.reddit.com, 
2774|1, 2774|2538, 2775|2707, 2775|2759, 2776|2814, 2777|2925, 2777|3469, 2778|3577, 2778|3655, 2781|3679, 2781|4018, http://www.tmall.com, 
2791|1, 2791|2180, 2793|2503, 2794|2547, 2794|2726, 2795|2799, 2795|3078, 2797|3117, 2797|3197, 2799|3246, 2799|3706, 2800|3737, 2800|4008, http://www.taobao.com, 
2815|1, 2815|2657, 2819|3119, 2819|3307, 2823|3523, 2823|3582, 2824|3620, 2836|4458, http://www.yahoo.com, 
2843|1, 2843|2613, 2844|2785, 2844|2900, 2846|2992, 2846|3038, 2848|3182, 2848|3209, 2849|3251, 2849|3346, 2852|3469, 2852|3565, 2858|3617, 2858|4038, http://www.facebook.com, 
2864|1, 2864|2652, 2866|2854, 2866|2985, 2867|3105, 2867|3458, 2870|3551, 2870|4087, http://www.wikipedia.org, 
2878|1, 2878|2669, 2882|2851, 2882|3056, 2883|3160, 2883|3475, 2884|3507, 2885|3537, 2888|3573, 2903|3602, 2903|4002, http://www.google.com, 
2913|1, 2913|2701, 2914|2760, 2914|2787, 2917|3059, 2917|3190, 2918|3259, 2918|3316, 2938|3768, 2938|4010, http://www.google.com, 
2949|1, 2949|2622, 2950|2648, 2951|2855, 2952|2985, 2952|3346, 2953|3444, 2953|3505, 2956|3541, 2956|4018, http://www.tmall.com, 
2966|1, 2966|2611, 2970|3223, 2970|3290, 2971|3355, 2971|3482, 2974|3517, 2974|4001, http://www.tmall.com, 
2983|1, 2983|2592, 2984|2657, 2984|2818, 2985|2951, 2986|3086, 2986|3293, 2987|3378, 2987|3478, 2989|3503, 2989|3681, 2990|3703, 2990|3903, 2992|3953, 2992|4022, http://www.vk.com, 
3005|1, 3005|2655, 3012|3141, 3013|3198, 3014|3344, 3018|3418, 3018|3475, 3025|3538, 3025|4133, http://www.facebook.com, 
3030|1, 3030|2677, 3033|2948, 3034|3037, 3034|3255, 3037|3467, 3037|3573, 3038|3615, 3038|3639, 3040|3664, 3040|3750, 3041|3783, 3041|3832, 3042|3855, 3042|3880, 3043|3902, 3043|4013, http://www.imgur.com, 
3053|1, 3053|2647, 3054|2736, 3054|2840, 3055|3038, 3055|3122, 3056|3206, 3056|3290, 3057|3412, 3060|3489, 3060|3792, 3062|3833, 3062|4024, http://www.instagram.com, 
3079|1, 3079|2623, 3080|2859, 3081|3043, 3082|3073, 3082|3349, 3084|3435, 3084|4022, http://www.jd.com, 
3093|1, 3093|2607, 3095|2825, 3095|3019, 3096|3137, 3096|3185, 3097|3233, 3097|3917, 3098|3938, 3099|4054, http://www.sohu.com, 
3108|1, 3108|2619, 3111|2969, 3112|3056, 3112|3163, 3114|3245, 3114|3327, 3116|3386, 3116|3600, 3118|3804, 3118|4077, http://www.instagram.com, 
3138|1, 3138|2619, 3141|2935, 3142|3053, 3142|3118, 3143|3167, 3144|3204, 3144|3325, 3145|3626, 3145|3745, 3147|3826, 3147|4035, http://www.jd.com, 
3168|1, 3168|2716, 3169|2780, 3171|3009, 3172|3115, 3172|3274, 3176|3520, 3176|3549, 3177|3615, 3178|3671, 3179|3697, 3179|4006, http://www.imgur.com, 
3188|1, 3188|2680, 3189|2722, 3189|2926, 3191|3101, 3191|3317, 3192|3571, 3192|4009, http://www.sohu.com, 
3221|1, 3221|2648, 3223|2901, 3224|3054, 3224|3236, 3226|3269, 3226|3531, 3227|3565, 3228|3702, 3230|4231, http://www.instagram.com, 
3244|1, 3244|2531, 3245|2764, 3246|2897, 3247|3103, 3247|3211, 3249|3244, 3249|3340, 3250|3391, 3252|3552, 3252|3580, 3253|3608, 3253|4144, http://www.wikipedia.org, 
3262|1, 3262|2605, 3264|2912, 3265|3094, 3265|3153, 3266|3336, 3268|3368, 3268|4017, http://www.wikipedia.org, 
3275|1, 3275|2234, 3277|2318, 3277|2352, 3279|2675, 3279|2767, 3284|2943, 3284|3051, 3285|3074, 3285|3611, 3287|3849, 3288|3995, 3290|4100, http://www.amazon.com, 
3327|1, 3327|2665, 3329|3069, 3330|3110, 3330|3203, 3331|3228, 3332|3349, 3332|3479, 3334|3552, 3334|3629, 3335|3654, 3335|3829, 3336|3965, 3342|4229, http://www.yahoo.com, 
3351|1, 3351|2660, 3352|2770, 3353|2864, 3353|3054, 3354|3085, 3354|3264, 3357|3308, 3357|3575, 3358|3642, 3358|4017, http://www.sina.com.cn, 
3410|1, 3410|2632, 3411|2725, 3413|2960, 3414|3033, 3414|3225, 3415|3251, 3415|3923, 3416|3945, 3418|3973, 3418|4030, http://www.sohu.com, 
3430|1, 3430|2782, 3431|2868, 3431|2921, 3433|3032, 3434|3194, 3434|3431, 3436|3600, 3437|3663, 3437|3725, 3438|3775, 3438|3849, 3440|3898, 3440|4045, http://www.taobao.com, 
3451|1, 3451|2637, 3452|2686, 3452|2844, 3453|3045, 3453|3088, 3454|3173, 3454|3289, 3457|3341, 3458|3491, 3459|3521, 3459|3604, 3461|3631, 3461|4011, http://www.taobao.com, 
3472|1, 3472|2618, 3475|2794, 3475|3035, 3476|3122, 3476|3237, 3478|3311, 3478|3574, 3481|3619, 3481|3781, 3482|3817, 3482|4009, http://www.netflix.com, 
3532|1, 3532|2573, 3533|2615, 3533|2746, 3534|2781, 3534|2826, 3535|3068, 3535|3200, 3537|3259, 3537|3447, 3538|3486, 3538|4159, http://www.reddit.com, 
3544|1, 3544|2680, 3547|3033, 3547|3242, 3549|3553, 3549|4019, http://www.qq.com, 
3569|1, 3569|2486, 3572|2964, 3573|3166, 3574|3239, 3574|3932, 3576|3961, 3577|4027, http://www.sohu.com, 
3588|1, 3588|2616, 3589|2666, 3590|2900, 3591|3013, 3591|3250, 3594|3480, 3594|3938, 3595|3967, 3595|4003, http://www.sina.com.cn, 
3613|1, 3613|2630, 3616|2984, 3616|3012, 3617|3052, 3617|3215, 3618|3306, 3619|4047, http://www.360.cn, 
3632|1, 3632|2710, 3633|2750, 3635|2954, 3635|3104, 3636|3222, 3636|3381, 3637|3574, 3637|3721, 3638|3981, 3639|4493, http://www.360.cn, 
3652|1, 3652|2667, 3656|3070, 3656|3160, 3658|3271, 3658|4024, http://www.jd.com, 
3670|1, 3670|2741, 3673|2976, 3673|3036, 3674|3106, 3674|3424, 3676|3588, 3676|3694, 3678|3722, 3678|3767, 3679|3852, 3679|3932, 3680|3952, 3680|4023, http://www.netflix.com, 
3725|1, 3725|1980, 3726|2014, 3726|2634, 3727|2682, 3729|3098, 3729|3215, 3732|3341, 3733|3403, 3733|4011, http://www.live.com, 
3744|1, 3744|2647, 3746|2906, 3747|3025, 3747|3231, 3751|3411, 3751|4037, http://www.wikipedia.org, 
3757|1, 3757|2647, 3765|2888, 3765|3241, 3766|3351, 3768|3392, 3772|3543, 3772|3625, 3778|3763, 3778|4013, http://www.facebook.com, 
3785|1, 3785|2668, 3786|2728, 3786|2762, 3790|2921, 3791|3045, 3791|3404, 3793|3468, 3793|3499, 3795|3528, 3796|3560, 3807|3597, 3813|3634, 3814|3676, 3814|4010, http://www.google.com, 
3822|1, 3822|2821, 3823|2997, 3824|3183, 3825|3252, 3825|3316, 3826|3526, 3826|3599, 3827|3622, 3827|4022, http://www.baidu.com, 
3852|1, 3852|3009, 3853|3038, 3853|3170, 3855|3229, 3855|3455, 3856|3478, 3856|4060, http://www.baidu.com, 
3897|1, 3897|2618, 3898|2745, 3901|2996, 3901|3119, 3902|3148, 3902|3373, 3905|3400, 3905|4114, http://www.wikipedia.org, 
3909|1, 3909|2688, 3910|2804, 3911|2875, 3912|3117, 3912|3209, 3913|3261, 3914|3305, 3914|4015, http://www.qq.com, 
3929|1, 3929|2711, 3935|3092, 3935|3219, 3936|3248, 3936|3328, 3938|3411, 3938|3448, 3956|3538, 3956|3902, 3957|3926, 3957|4074, http://www.google.com, 
3963|1, 3963|2694, 3964|2903, 3966|3070, 3966|3314, 3968|3398, 3968|3484, 3969|3510, 3969|3609, 3970|3633, 3971|3656, 3971|4001, http://www.taobao.com, 
3979|1, 3979|2688, 3981|2868, 3981|2955, 3982|3154, 3982|3210, 3983|3234, 3983|3518, 3984|3579, 3984|4039, http://www.reddit.com, 
3989|1, 3989|2641, 3991|2930, 3991|2997, 3992|3068, 3992|3163, 3994|3190, 3994|3418, 3996|3492, 3996|4037, http://www.linkedin.com, 
4014|1, 4014|3026, 4015|3118, 4016|3148, 4016|3221, 4019|3620, 4019|4013, http://www.sina.com.cn, 
4053|1, 4053|2692, 4056|2893, 4057|3024, 4057|3287, 4060|3467, 4060|3683, 4061|3704, 4061|4003, http://www.live.com, 
4068|1, 4068|2694, 4070|3019, 4070|3157, 4072|3182, 4072|3222, 4073|3300, 4073|3440, 4074|3464, 4074|3674, 4075|3712, 4075|3862, 4078|3892, 4079|4004, http://www.vk.com, 
4086|1, 4086|2645, 4088|2891, 4088|2980, 4089|3032, 4089|3256, 4090|3291, 4091|3334, 4093|3434, 4093|4019, http://www.live.com, 
4101|1, 4101|2616, 4102|2791, 4105|3017, 4105|3210, 4106|3262, 4106|3452, 4108|3484, 4108|4045, http://www.linkedin.com, 
4126|1, 4126|2778, 4127|3031, 4127|3095, 4128|3120, 4128|3274, 4130|3354, 4130|3489, 4131|3545, 4131|4298, http://www.reddit.com, 
4135|1, 4135|2617, 4137|2723, 4138|2749, 4138|2780, 4139|3060, 4139|3196, 4141|3370, 4141|4009, http://www.360.cn, 
4156|1, 4156|2653, 4158|2927, 4159|3105, 4159|3236, 4160|3303, 4160|3452, 4161|3479, 4161|4271, http://www.baidu.com, 
4184|1, 4184|2701, 4185|2746, 4186|2958, 4186|3026, 4187|3077, 4187|3276, 4188|3331, 4188|3411, 4191|3438, 4191|3463, 4192|3488, 4192|3514, 4193|3592, 4193|4037, http://www.wikipedia.org, 
4197|1, 4197|2634, 4198|2675, 4200|3053, 4200|3218, 4201|3247, 4203|3541, 4203|4031, http://www.jd.com, 
4209|1, 4209|2574, 4214|2800, 4215|3000, 4215|3133, 4216|3217, 4217|3290, 4219|3354, 4223|3400, 4237|3427, 4238|3467, 4238|3834, 4239|3855, 4239|4024, http://www.google.com, 
4243|1, 4243|2622, 4244|2672, 4244|2767, 4245|2851, 4245|3067, 4246|3133, 4246|3216, 4248|3243, 4248|3313, 4249|3351, 4249|3584, 4250|3606, 4251|3653, 4251|3835, 4252|3857, 4252|4006, http://www.netflix.com, 
4294|1, 4294|2594, 4297|2830, 4297|2931, 4298|3110, 4298|3248, 4299|3319, 4300|3356, 4300|3531, 4302|3556, 4302|3786, 4303|3808, 4303|4003, http://www.netflix.com, 
4337|1, 4337|2685, 4338|2800, 4338|3570, 4339|3595, 4339|3716, 4341|3743, 4341|3766, 4342|3825, 4342|4049, http://www.wikipedia.org, 
4347|1, 4347|2653, 4349|2822, 4350|3023, 4350|3198, 4354|3415, 4354|4013, http://www.jd.com, 
4373|1, 4373|2718, 4376|3083, 4376|3237, 4377|3301, 4378|3349, 4378|3376, 4379|3416, 4379|3635, 4380|3661, 4381|3686, 4381|3888, 4382|3909, 4382|4014, http://www.netflix.com, 
4418|1, 4418|2875, 4419|3069, 4420|3137, 4420|3338, 4422|3476, 4422|3583, 4424|3623, 4424|3813, 4425|3841, 4426|3864, 4426|4007, http://www.netflix.com, 
4461|1, 4461|2690, 4465|3078, 4465|3261, 4466|3491, 4466|3518, 4467|3542, 4467|4294, http://www.reddit.com, 
4469|1, 4469|2666, 4470|2720, 4470|2809, 4471|2928, 4471|2981, 4472|3028, 4472|3258, 4473|3384, 4475|3436, 4475|3529, 4476|3559, 4478|4271, http://www.amazon.com, 
4505|1, 4505|2700, 4507|3108, 4507|3211, 4509|3266, 4510|3320, 4510|3442, 4512|3476, 4512|4020, http://www.tmall.com, 
4518|1, 4518|2650, 4520|2706, 4520|2790, 4523|2825, 4523|2980, 4524|3107, 4524|3268, 4526|3374, 4526|3417, 4527|3453, 4529|3483, 4529|3535, 4532|3559, 4547|3590, 4547|4015, http://www.google.com, 
4554|1, 4554|2631, 4555|2669, 4555|2705, 4557|2969, 4558|3006, 4558|3220, 4560|3352, 4561|3423, 4562|3449, 4562|4015, http://www.tmall.com, 
4566|1, 4566|2673, 4571|2779, 4572|2991, 4574|3154, 4574|3194, 4575|3252, 4575|3302, 4577|3410, 4577|3464, 4579|3487, 4595|3529, 4595|3923, 4596|3947, 4596|4008, http://www.google.com, 
4601|1, 4601|2684, 4602|2819, 4605|2892, 4605|3051, 4606|3126, 4606|3295, 4607|3320, 4609|3528, 4622|3571, 4627|3626, 4627|3971, 4628|3997, 4628|4015, http://www.google.com, 
4634|1, 4634|2666, 4641|2939, 4641|3093, 4642|3136, 4642|3249, 4643|3285, 4643|3337, 4647|3546, 4652|3613, 4653|4066, http://www.facebook.com, 
4657|1, 4657|2727, 4659|2759, 4659|2834, 4664|3012, 4665|3263, 4665|3321, 4667|3346, 4667|3444, 4670|3560, 4670|3616, 4674|3642, 4676|3675, 4676|4207, http://www.facebook.com, 
4679|1, 4679|2608, 4680|2710, 4680|2772, 4681|2810, 4681|2975, 4682|3008, 4682|3353, 4683|3377, 4683|3612, 4684|3635, 4684|4081, http://www.reddit.com, 
4688|1, 4688|2678, 4689|2723, 4691|2916, 4691|2960, 4692|3164, 4692|3219, 4693|3275, 4695|3400, 4695|3441, 4697|3468, 4697|3491, 4698|3519, 4698|3565, 4699|3589, 4699|3615, 4700|3642, 4702|4348, http://www.imgur.com, 
4710|1, 4710|2613, 4712|2822, 4714|2920, 4714|3207, 4717|3234, 4717|3327, 4718|3363, 4718|3394, 4719|3418, 4719|3467, 4721|3530, 4721|3583, 4722|3608, 4722|4302, http://www.imgur.com, 
4730|1, 4730|2605, 4733|2876, 4734|3007, 4734|3291, 4735|3335, 4736|3427, 4737|3462, 4738|3495, 4738|3524, 4740|3556, 4740|3583, 4741|3611, 4741|3634, 4742|3689, 4742|3730, 4743|3753, 4743|4411, http://www.imgur.com, 
