89|1, 89|938, 90|972, 90|1163, 91|1194, 92|1216, 92|1332, 93|1353, 93|1426, 94|1461, 95|1549, 95|1717, 96|1759, 96|2024, 97|2061, 97|2369, 98|2395, 98|2596, 99|2619, 99|4023, http://www.linkedin.com, 
99|1, 99|2481, 100|2710, 100|3161, 102|3191, 102|4061, http://www.linkedin.com, 
105|1, 105|2664, 106|2889, 106|3433, 107|3460, 108|3483, 108|3795, 115|3985, 116|4052, http://www.yahoo.com, 
121|1, 121|2308, 122|2510, 122|3358, 123|3384, 123|3684, 124|3713, 125|3742, 125|4025, http://www.live.com, 
126|1, 126|4008, http://www.360.cn, 
130|1, 130|2556, 132|2810, 133|3028, 133|3479, 135|3508, 135|4040, http://www.facebook.com, 
139|1, 139|2753, 140|2909, 140|4026, http://www.qq.com, 
144|1, 144|2752, 145|2994, 145|4013, http://www.qq.com, 
147|1, 147|2513, 148|2809, 148|3377, 150|3411, 150|3669, 157|3957, 160|4212, http://www.yahoo.com, 
165|1, 165|593, 166|617, 166|2148, 167|2380, 167|3384, 168|3409, 168|3882, 169|3921, 170|4017, http://www.vk.com, 
178|1, 178|1648, 179|1669, 179|1972, 180|2006, 180|2300, 181|2327, 181|2836, 183|3001, 183|3470, 185|3493, 185|4080, http://www.instagram.com, 
187|1, 187|2653, 188|2814, 188|4009, http://www.jd.com, 
193|1, 193|2648, 194|2810, 194|3874, 195|3900, 195|4004, http://www.taobao.com, 
202|1, 202|2734, 203|3024, 203|4014, http://www.baidu.com, 
206|1, 206|2643, 207|2886, 207|3378, 209|3454, 209|4005, http://www.netflix.com, 
210|1, 210|135, 211|166, 211|2713, 212|2955, 212|4014, http://www.tmall.com, 
221|1, 221|1981, 222|2004, 222|2339, 223|2388, 223|4029, http://www.baidu.com, 
226|1, 226|2677, 227|2804, 227|3157, 228|3212, 228|3647, 229|3716, 229|4045, http://www.imgur.com, 
233|1, 233|2740, 234|2902, 234|4054, http://www.sina.com.cn, 
235|1, 235|701, 236|730, 236|866, 237|887, 237|2764, 238|2817, 238|3768, 239|3800, 239|4027, http://www.live.com, 
242|1, 242|2749, 243|2817, 243|4007, http://www.sina.com.cn, 
253|1, 253|2560, 254|2830, 254|3327, 255|3349, 255|3625, 256|3735, 256|3790, 257|3903, 257|3944, 258|3981, 258|4067, http://www.amazon.com, 
276|1, 276|2784, 277|2886, 277|3069, 278|3241, 278|3326, 279|3369, 280|3393, 280|4095, http://www.reddit.com, 
282|1, 282|4002, http://www.360.cn, 
286|1, 286|2869, 287|2925, 287|4020, http://www.taobao.com, 
288|1, 288|2535, 289|2743, 289|3301, 291|3340, 292|4004, http://www.instagram.com, 
296|1, 296|2424, 297|2732, 297|4002, http://www.baidu.com, 
298|1, 298|4006, http://www.sohu.com, 
308|1, 308|2773, 309|2918, 309|3299, 310|3325, 311|3351, 311|3853, 312|3942, 312|4102, http://www.instagram.com, 
315|1, 315|2561, 316|2969, 316|4007, http://www.vk.com, 
322|1, 322|954, 323|982, 323|2871, 324|2963, 324|3622, 325|3651, 328|4121, http://www.yahoo.com, 
333|1, 333|2849, 334|3017, 334|4019, http://www.vk.com, 
340|1, 340|2829, 341|2992, 341|3442, 342|3479, 343|3511, 343|4146, http://www.reddit.com, 
343|1, 343|2855, 344|3041, 344|4045, http://www.amazon.com, 
353|1, 353|2687, 354|2915, 355|4095, http://www.sina.com.cn, 
366|1, 366|2550, 367|3068, 367|4019, http://www.360.cn, 
374|1, 374|3570, 375|3614, 376|4148, http://www.vk.com, 
380|1, 380|2651, 381|2965, 381|3659, 382|3686, 383|3709, 392|4439, http://www.yahoo.com, 
394|1, 394|2123, 395|2408, 395|4003, http://www.tmall.com, 
396|1, 396|2659, 397|3023, 397|4040, http://www.qq.com, 
397|1, 397|4048, http://www.jd.com, 
398|1, 398|3756, 400|3798, 400|4016, http://www.amazon.com, 
407|1, 407|3501, 408|3533, 409|3557, 409|4142, http://www.linkedin.com, 
409|1, 409|2877, 410|3035, 410|4013, http://www.sohu.com, 
418|1, 418|3533, 419|3558, 420|3583, 420|4012, http://www.linkedin.com, 
424|1, 424|2748, 425|3026, 425|3460, 427|3619, 428|4004, http://www.instagram.com, 
435|1, 435|3039, 436|3080, 436|3334, 437|3525, 437|3806, 438|3840, 439|4167, http://www.imgur.com, 
441|1, 441|3081, 442|3150, 442|4022, http://www.taobao.com, 
444|1, 444|824, 445|851, 445|1249, 446|1296, 446|4110, http://www.qq.com, 
447|1, 447|4014, http://www.sina.com.cn, 
447|1, 447|3530, 448|3559, 448|4013, http://www.live.com, 
450|1, 450|2673, 451|3018, 451|4021, http://www.live.com, 
453|1, 453|2852, 454|3017, 454|4035, http://www.baidu.com, 
455|1, 455|2913, 456|3139, 456|4051, http://www.qq.com, 
456|1, 456|3546, 458|3594, 458|4010, http://www.netflix.com, 
471|1, 471|2948, 472|2981, 472|4149, http://www.360.cn, 
475|1, 475|2690, 476|2908, 476|4012, http://www.tmall.com, 
478|1, 478|3840, 479|3873, 480|3901, 480|4022, http://www.amazon.com, 
487|1, 487|3688, 489|3728, 489|4050, http://www.amazon.com, 
497|1, 497|2284, 498|2544, 498|2838, 499|2931, 500|2970, 500|3529, 501|3837, 501|4011, http://www.instagram.com, 
507|1, 507|3026, 508|3158, 508|3543, 509|3569, 510|3601, 510|4003, http://www.linkedin.com, 
513|1, 513|3403, 514|3439, 514|3470, 515|3495, 515|4184, http://www.linkedin.com, 
518|1, 518|2686, 519|3079, 519|4014, http://www.vk.com, 
521|1, 521|4073, http://www.360.cn, 
525|1, 525|2206, 526|2501, 526|3485, 527|3511, 527|4039, http://www.live.com, 
527|1, 527|3725, 528|3767, 528|4002, http://www.sohu.com, 
534|1, 534|2927, 535|3005, 535|3428, 538|3576, 539|3613, 540|3656, 541|3777, 541|4114, http://www.facebook.com, 
542|1, 542|2245, 543|2557, 543|2813, 544|3065, 544|3216, 545|3352, 545|4020, http://www.wikipedia.org, 
545|1, 545|2703, 546|3047, 546|4007, http://www.jd.com, 
546|1, 546|2927, 547|3061, 547|4007, http://www.vk.com, 
553|1, 553|2859, 554|2919, 554|4143, http://www.sohu.com, 
559|1, 559|2521, 561|2961, 561|3486, 562|3607, 564|3709, 564|4298, http://www.facebook.com, 
564|1, 564|2904, 565|3127, 565|3621, 567|3680, 567|4018, http://www.yahoo.com, 
571|1, 571|2781, 572|2811, 572|3107, 573|3191, 573|3290, 574|3320, 574|4030, http://www.imgur.com, 
575|1, 575|2792, 576|2884, 576|4010, http://www.baidu.com, 
579|1, 579|2796, 580|3043, 580|4029, http://www.qq.com, 
584|1, 584|2784, 585|3053, 585|4016, http://www.taobao.com, 
588|1, 588|2895, 589|3063, 589|4005, http://www.sina.com.cn, 
593|1, 593|2824, 594|2978, 594|3538, 595|3571, 595|3597, 596|3620, 600|4018, http://www.yahoo.com, 
611|1, 611|3433, 612|3512, 612|3760, 613|3928, 613|4009, http://www.amazon.com, 
624|1, 624|2319, 625|2463, 625|2826, 626|2971, 627|3008, 627|4020, http://www.reddit.com, 
628|1, 628|2927, 629|3015, 629|4001, http://www.tmall.com, 
631|1, 631|2183, 632|2505, 632|3709, 634|3740, 635|3786, 635|4010, http://www.taobao.com, 
637|1, 637|2659, 638|3122, 638|3585, 639|3623, 640|3648, 650|4461, http://www.yahoo.com, 
651|1, 651|3041, 655|3185, 655|3472, 656|3567, 656|3620, 657|3647, 658|3677, 658|4041, http://www.facebook.com, 
658|1, 658|2856, 659|2988, 659|4087, http://www.wikipedia.org, 
659|1, 659|3575, 661|3605, 661|3661, 662|3724, 662|4005, http://www.google.com, 
662|1, 662|3319, 664|3770, 664|4011, http://www.google.com, 
664|1, 664|2857, 665|2987, 665|4002, http://www.tmall.com, 
667|1, 667|2616, 668|3201, 668|4005, http://www.tmall.com, 
671|1, 671|2820, 672|2953, 672|4024, http://www.vk.com, 
678|1, 678|2657, 679|3142, 679|3420, 680|3476, 680|3540, 682|3824, 682|4134, http://www.facebook.com, 
682|1, 682|2680, 683|2950, 683|3258, 684|3469, 684|3695, 685|3719, 685|4015, http://www.imgur.com, 
690|1, 690|2842, 691|3039, 691|3490, 693|3572, 693|3834, 694|3968, 694|4025, http://www.instagram.com, 
700|1, 700|2862, 701|3045, 701|3525, 702|3550, 702|4024, http://www.jd.com, 
703|1, 703|4059, http://www.sohu.com, 
705|1, 705|2621, 706|2971, 706|3387, 708|3477, 708|3602, 709|3805, 709|4079, http://www.instagram.com, 
716|1, 716|4037, http://www.jd.com, 
718|1, 718|3276, 719|3520, 719|3817, 720|3852, 721|4006, http://www.imgur.com, 
724|1, 724|4012, http://www.sohu.com, 
736|1, 736|3568, 738|3704, 739|4231, http://www.instagram.com, 
744|1, 744|2899, 745|3105, 745|3393, 747|3555, 747|4147, http://www.wikipedia.org, 
748|1, 748|2608, 749|2914, 749|3156, 750|3338, 751|4019, http://www.wikipedia.org, 
751|1, 751|2355, 752|2677, 752|2945, 753|3053, 753|3330, 754|3432, 754|3851, 755|3996, 755|4080, http://www.amazon.com, 
767|1, 767|3631, 768|3656, 769|3678, 771|4159, http://www.yahoo.com, 
777|1, 777|2862, 778|2965, 778|3311, 779|3425, 779|4020, http://www.sina.com.cn, 
791|1, 791|2727, 792|2961, 792|4032, http://www.sohu.com, 
794|1, 794|3035, 795|3195, 795|4047, http://www.taobao.com, 
798|1, 798|4013, http://www.taobao.com, 
803|1, 803|2796, 804|3037, 804|3680, 806|3737, 806|4012, http://www.netflix.com, 
819|1, 819|2829, 820|3071, 820|3262, 821|3449, 822|3489, 823|3517, 823|4161, http://www.reddit.com, 
824|1, 824|2684, 825|3037, 825|4023, http://www.qq.com, 
825|1, 825|2511, 826|2988, 826|3442, 827|3470, 827|4051, http://www.sohu.com, 
829|1, 829|2902, 830|3016, 830|4005, http://www.sina.com.cn, 
831|1, 831|2635, 832|2989, 832|4051, http://www.360.cn, 
834|1, 834|2955, 835|3106, 835|4495, http://www.360.cn, 
837|1, 837|4025, http://www.jd.com, 
837|1, 837|2979, 838|3039, 838|3427, 839|3591, 839|3769, 841|3855, 841|4026, http://www.netflix.com, 
851|1, 851|2685, 852|3090, 852|3406, 853|3438, 853|4014, http://www.live.com, 
856|1, 856|2908, 857|3026, 857|3233, 858|3413, 858|3518, 859|3592, 859|4038, http://www.wikipedia.org, 
859|1, 859|2652, 860|2892, 861|2919, 862|2954, 862|3590, 863|3630, 865|3767, 865|4018, http://www.facebook.com, 
865|1, 865|3198, 866|3257, 866|3562, 868|3598, 868|3636, 869|3677, 869|4011, http://www.google.com, 
869|1, 869|4002, http://www.baidu.com, 
869|1, 869|4063, http://www.baidu.com, 
870|1, 870|2749, 871|2999, 871|3152, 872|3246, 872|3455, 873|3502, 873|4118, http://www.wikipedia.org, 
873|1, 873|3308, 874|3510, 874|4018, http://www.qq.com, 
874|1, 874|2714, 876|3094, 876|3451, 878|3541, 878|4077, http://www.google.com, 
878|1, 878|4003, http://www.taobao.com, 
880|1, 880|2868, 881|2956, 881|3313, 882|3411, 882|3519, 883|3581, 884|3606, 884|4041, http://www.reddit.com, 
884|1, 884|2934, 885|2998, 885|3523, 886|3546, 887|3569, 887|4040, http://www.linkedin.com, 
888|1, 888|4016, http://www.sina.com.cn, 
889|1, 889|2896, 890|3026, 890|3290, 891|3469, 891|4005, http://www.live.com, 
893|1, 893|3225, 894|3302, 894|4007, http://www.vk.com, 
900|1, 900|3492, 901|3532, 901|4021, http://www.live.com, 
903|1, 903|3547, 904|3586, 904|3609, 905|3630, 905|4049, http://www.linkedin.com, 
908|1, 908|3324, 909|3400, 909|3492, 910|3547, 911|3573, 911|4301, http://www.reddit.com, 
911|1, 911|2782, 912|3063, 912|3252, 913|3926, 913|4012, http://www.360.cn, 
914|1, 914|2930, 915|3105, 915|4274, http://www.baidu.com, 
915|1, 915|2749, 916|2960, 916|3440, 917|3466, 917|3517, 918|3594, 918|4038, http://www.wikipedia.org, 
919|1, 919|2677, 920|3055, 920|4033, http://www.jd.com, 
920|1, 920|3404, 922|3432, 922|3472, 927|3600, 927|4003, http://www.google.com, 
928|1, 928|2859, 929|3074, 929|3699, 931|3783, 931|4014, http://www.netflix.com, 
942|1, 942|3642, 944|3671, 944|4004, http://www.netflix.com, 
954|1, 954|3648, 955|3682, 955|3769, 956|3827, 956|4051, http://www.wikipedia.org, 
957|1, 957|2825, 958|3025, 958|3201, 959|3417, 959|4015, http://www.jd.com, 
963|1, 963|2721, 964|3025, 964|3748, 965|3773, 966|3797, 966|4016, http://www.netflix.com, 
974|1, 974|2878, 975|3071, 975|3677, 976|3702, 976|4009, http://www.netflix.com, 
987|1, 987|2693, 988|3081, 988|3544, 989|3567, 990|3590, 990|4243, http://www.reddit.com, 
991|1, 991|2822, 992|2940, 992|3472, 993|3495, 993|3815, 994|3905, 994|4283, http://www.amazon.com, 
1002|1, 1002|2703, 1003|3111, 1003|4003, http://www.tmall.com, 
1004|1, 1004|2827, 1007|2982, 1007|3420, 1008|3456, 1008|3562, 1010|3592, 1011|3645, 1012|3685, 1013|3709, 1013|4016, http://www.google.com, 
1013|1, 1013|4017, http://www.tmall.com, 
1015|1, 1015|2780, 1018|2992, 1018|3466, 1019|3489, 1020|3527, 1021|3606, 1021|4009, http://www.google.com, 
1022|1, 1022|3530, 1023|3560, 1024|3629, 1025|3658, 1027|3703, 1027|4018, http://www.google.com, 
1027|1, 1027|2670, 1028|2942, 1028|3341, 1029|3549, 1029|3617, 1030|3642, 1031|3670, 1031|4070, http://www.facebook.com, 
1031|1, 1031|2839, 1033|3016, 1033|3593, 1034|3621, 1035|3646, 1035|3679, 1038|3740, 1039|3905, 1039|4211, http://www.facebook.com, 
1039|1, 1039|2900, 1040|2949, 1040|3613, 1042|3636, 1043|4082, http://www.reddit.com, 
1043|1, 1043|2962, 1044|3167, 1044|3277, 1045|3402, 1045|3752, 1046|3827, 1046|4351, http://www.imgur.com, 
1049|1, 1049|2824, 1050|2921, 1050|3236, 1051|3329, 1051|3557, 1052|3585, 1052|3747, 1053|3800, 1054|3837, 1054|4304, http://www.imgur.com, 
1056|1, 1056|3010, 1057|3058, 1057|3337, 1058|3429, 1059|3464, 1059|3692, 1060|3733, 1060|3880, 1062|3926, 1062|4414, http://www.imgur.com, 
